0.734577
0.732437
0.731189
0.730311
0.729677
0.729183
0.728928
0.728867
0.729062
0.729443
0.730253
0.730908
0.731596
0.732463
0.733176
0.733929
0.734838
0.735676
0.736576
0.737408
0.738338
0.739252
0.740105
0.740968
0.741696
0.742559
0.743408
0.744188
0.744821
0.745490
0.746068
0.746597
0.747219
0.747582
0.747969
0.748357
0.748716
0.748968
0.749103
0.749190
0.749254
0.749344
0.749195
0.748887
0.748687
0.748449
0.748186
0.747726
0.747330
0.746751
0.746181
0.745508
0.744810
0.744006
0.743154
0.742210
0.741321
0.739710
0.738198
0.737166
0.736087
0.735241
0.734715
0.734435
0.734204
0.734268
0.734620
0.735169
0.735738
0.736419
0.737111
0.737889
0.738703
0.739558
0.740439
0.741339
0.742128
0.742856
0.743469
0.744086
0.744713
0.745119
0.745446
0.745826
0.746114
0.746353
0.746591
0.746737
0.746788
0.746812
0.746601
0.746439
0.746237
0.745835
0.745463
0.744962
0.744374
0.743812
0.743090
0.742368
0.741610
