0.324010
0.325860
0.327547
0.329034
0.330270
0.331336
0.332332
0.332907
0.333257
0.333289
0.333128
0.332805
0.332273
0.331583
0.330760
0.329766
0.328580
0.327257
0.325803
0.324245
0.322637
0.321050
0.319379
0.317581
0.315744
0.313715
0.311608
0.309246
0.306659
0.303840
0.300870
0.297760
0.294529
0.291117
0.287585
0.283968
0.280250
0.276396
0.272490
0.268504
0.264425
0.260277
0.255953
0.251697
0.247171
0.242607
0.237998
0.233196
0.228374
0.223424
0.218403
0.213307
0.208084
0.202849
0.197558
0.192224
0.186858
0.181169
0.175366
0.169836
0.164305
0.158859
0.153582
0.148502
0.143738
0.139391
0.135482
0.132114
0.129197
0.126809
0.124901
0.123460
0.122419
0.121736
0.121451
0.121484
0.121750
0.122187
0.122797
0.123732
0.125009
0.126519
0.128135
0.129826
0.131595
0.133508
0.135490
0.137662
0.139943
0.142498
0.145133
0.147901
0.150744
0.153605
0.156667
0.159817
0.163020
0.166273
0.169521
0.172776
0.176090
