3.773127
3.286646
3.109755
2.903804
2.769562
2.618996
2.380569
2.315259
1.883410
1.264118
1.217559
1.154971
1.128498
1.139683
1.146748
1.132878
1.103570
1.119403
1.095364
1.080579
1.040497
1.056745
1.008526
0.982993
0.950423
0.972383
0.962267
1.004560
1.056556
1.081114
1.106273
1.104186
1.095015
1.102145
1.117457
1.121970
1.122980
1.112785
1.095263
1.081543
1.071422
1.063217
1.055367
1.040749
1.018296
1.017349
1.031337
1.031474
1.049892
1.038001
1.049460
1.036651
1.044113
1.042762
1.035470
1.035511
0.967212
0.896184
0.813860
0.745787
0.673968
0.595684
0.542655
0.529362
0.499327
0.451622
0.407352
0.479586
0.459469
0.490906
0.473512
0.483055
0.518181
0.502000
0.502993
0.482612
0.476505
0.498776
0.481537
0.491312
0.511468
0.511019
0.533768
0.544450
0.535416
0.548062
0.531357
0.540542
0.550550
0.545116
0.574018
0.572514
0.580540
0.581049
0.592807
0.597163
0.611417
0.612396
0.632978
0.633595
0.618734
