0.056906
0.056987
0.057056
0.057122
0.057199
0.057296
0.057408
0.057522
0.057560
0.057620
0.057672
0.057729
0.057773
0.057814
0.057875
0.057905
0.057915
0.057913
0.057874
0.057819
0.057755
0.057727
0.057670
0.057559
0.057392
0.057228
0.057124
0.056931
0.056719
0.056448
0.056248
0.056050
0.055875
0.055702
0.055568
0.055344
0.055230
0.055078
0.054957
0.054797
0.054578
0.054239
0.053872
0.053551
0.053218
0.052866
0.052516
0.052161
0.051821
0.051522
0.051303
0.051093
0.050891
0.050692
0.050492
0.050292
0.050097
0.049906
0.049725
0.049531
0.049292
0.049146
0.048904
0.048712
0.048546
0.048309
0.048104
0.047872
0.047641
0.047380
0.047127
0.046908
0.046665
0.046421
0.046183
0.045946
0.045691
0.045413
0.045190
0.044953
0.044744
0.044553
0.044397
0.044280
0.044166
0.044053
0.043958
0.043863
0.043784
0.043668
0.043576
0.043521
0.043434
0.043334
0.043256
0.043184
0.043115
0.043054
0.043014
0.043007
0.042974
