-0.087148
-0.091047
-0.107512
-0.102645
-0.106259
-0.118896
-0.113153
-0.114093
-0.113389
-0.235017
-0.400472
-0.563153
-0.748796
-1.008754
-1.276573
-1.561889
-1.848149
-2.273821
-2.931951
-3.657878
-4.349971
-4.926657
-5.618907
-5.305683
-6.047226
-6.790623
-7.740892
-8.528853
-8.771048
-8.721546
-8.713344
-8.491588
-8.199080
-8.170460
-8.170959
-8.293118
-8.354264
-8.377336
-8.296175
-8.209449
-8.298437
-8.329860
-8.284687
-8.431432
-8.544893
-8.586761
-8.747480
-9.096002
-9.362393
-9.585171
-9.730607
-9.687757
-9.664318
-9.645308
-9.850051
-10.098325
-10.207003
-10.240001
-10.425756
-10.489583
-10.584100
-10.774044
-10.874725
-11.046555
-11.009294
-11.177447
-11.277237
-11.340672
-11.530788
-11.883739
-11.941092
-11.844156
-11.675543
-11.559834
-11.439688
-11.495441
-11.250881
-10.786238
-10.329846
-9.882011
-9.420648
-8.959045
-8.300599
-6.927416
-4.296176
1.270041
10.149415
19.046108
31.851940
35.487522
41.027035
35.964378
34.181087
35.423214
32.051716
27.872189
24.579672
27.076832
27.661304
27.630547
27.225599
