2.161441
2.386286
2.705239
3.035492
3.303164
3.652728
4.306520
4.849757
5.142588
5.485261
5.770522
6.092363
6.339987
6.671162
6.875583
6.924112
6.906486
6.927610
6.884792
6.922358
7.014558
7.057821
7.037907
7.049706
6.903051
6.708033
6.438106
6.148869
5.901251
5.522507
5.046332
4.496462
3.750072
3.212599
2.525692
1.897895
1.215834
0.571116
0.754773
0.748859
0.177311
0.152656
0.209556
0.204215
0.375230
0.347203
0.403907
0.304386
0.181950
0.010996
-0.001452
-0.038408
-0.094361
-0.026217
0.198803
0.662655
1.078789
1.240184
1.502805
1.428039
1.615310
1.519907
1.784211
1.722121
1.653502
1.518219
1.453017
1.376404
1.343744
1.273181
1.179725
1.127719
1.062289
0.979509
0.875432
0.789553
0.782867
0.840445
0.814973
0.822663
0.803295
0.814920
0.852967
0.858727
0.816034
0.769687
0.848094
0.924366
0.909591
0.952300
1.016108
1.023725
0.943892
0.884682
0.907826
0.975380
0.995658
0.952074
0.886968
0.780615
0.675031
