0.653828
0.653830
0.653832
0.653818
0.653784
0.653741
0.653711
0.653702
0.653687
0.653663
0.653638
0.653669
0.653632
0.653743
0.653765
0.653828
0.653786
0.653674
0.653546
0.653392
0.653061
0.652457
0.651785
0.650808
0.649650
0.648338
0.646631
0.644831
0.642659
0.640321
0.637887
0.635177
0.632290
0.629288
0.625992
0.622382
0.618451
0.614428
0.610279
0.605989
0.601578
0.597072
0.592498
0.587866
0.583105
0.578268
0.573329
0.568256
0.563120
0.557873
0.552471
0.546932
0.541202
0.535268
0.529252
0.523084
0.517052
0.510853
0.504342
0.497772
0.491239
0.484553
0.477643
0.470696
0.463567
0.456139
0.448617
0.441081
0.433322
0.425329
0.417404
0.409347
0.401177
0.392944
0.384702
0.376256
0.367927
0.359842
0.351869
0.343894
0.336160
0.328616
0.321183
0.314140
0.307436
0.301471
0.295537
0.290449
0.285616
0.281308
0.277471
0.274245
0.271720
0.269832
0.268721
0.268121
0.267929
0.267961
0.268338
0.268866
0.269435
