0.184361
0.184305
0.184276
0.184265
0.184269
0.184292
0.184330
0.184401
0.184496
0.184676
0.184919
0.185160
0.185485
0.185803
0.186216
0.186724
0.187259
0.187764
0.188263
0.188818
0.189388
0.189996
0.190642
0.191339
0.192049
0.192724
0.193445
0.194200
0.194955
0.195671
0.196434
0.197203
0.197963
0.198616
0.199257
0.199879
0.200451
0.201062
0.201630
0.202335
0.203115
0.203807
0.204456
0.204984
0.205380
0.205770
0.206138
0.206355
0.206571
0.206821
0.207029
0.207265
0.207654
0.208030
0.208533
0.209199
0.209806
0.210413
0.211013
0.211617
0.212244
0.212927
0.213573
0.214211
0.214847
0.215584
0.216377
0.217194
0.217994
0.218778
0.219500
0.220217
0.221046
0.221827
0.222627
0.223465
0.224279
0.225077
0.225854
0.226695
0.227553
0.228434
0.229278
0.230107
0.230961
0.231809
0.232623
0.233444
0.234253
0.235029
0.235743
0.236502
0.237277
0.237993
0.238731
0.239526
0.240302
0.241029
0.241613
0.242227
0.242844
