1.111986
0.772658
0.547645
0.773691
1.649662
2.394837
2.509252
2.826367
3.453597
4.248621
3.907457
4.130529
4.377289
4.798761
5.007365
5.216085
5.183016
4.481114
4.443845
4.698961
5.183360
5.656444
5.872579
6.482461
6.285553
6.211763
6.075544
5.819101
5.839248
5.803212
5.970647
5.739213
5.939443
6.270264
5.893013
5.981027
5.791306
5.501809
4.710945
3.586008
2.239918
2.078878
2.305469
2.529470
2.404962
0.933591
0.732344
-0.445008
-6.451408
-3.961349
-4.974329
-2.948329
-4.267388
-4.888517
-2.761527
-1.433720
-4.810428
-0.264029
3.112706
7.043090
2.339299
11.956172
-63.450203
-36.783897
-24.915876
-17.217310
-12.011424
-9.199499
-9.875602
-10.544717
-11.206558
-10.652224
-8.953717
-8.095496
-7.250312
-7.035583
-6.572964
-6.153619
-6.939914
-7.768104
-7.909816
-7.823583
-7.520240
-7.080889
-6.974286
-6.585775
-6.280531
-5.644661
-5.322055
-4.866445
-4.646737
-4.646173
-4.486209
-4.307189
-4.196544
-4.233428
-4.328096
-4.255617
-4.275621
-4.321110
-4.424255
