0.481704
0.529107
0.550538
0.556544
0.547494
0.630116
0.736761
0.914383
1.125881
1.263934
1.581955
1.769831
1.783430
2.318590
2.933666
3.109365
3.157727
3.687945
3.626131
3.825765
4.267479
4.160923
3.892662
3.856528
3.605057
2.958420
2.116570
0.625006
-0.874217
-2.855939
-4.867181
-5.572359
-5.872186
-5.996835
-6.660003
-7.418277
-8.222301
-8.145782
-8.133083
-7.998404
-7.515634
-7.609880
-6.838700
-5.974763
-4.510481
-3.578815
-1.947046
-0.845440
1.182469
2.034628
3.381782
4.059108
4.457727
4.748618
5.045852
6.002866
6.666952
6.688012
7.449852
7.616745
7.603003
7.358594
7.153425
6.664346
6.049545
5.443773
4.905172
4.597892
4.605309
4.391809
4.573236
4.382421
4.356616
4.477297
4.108020
3.201640
2.242983
0.708059
-0.490129
-0.729544
-1.657248
-2.009332
-2.302858
-2.072354
-2.034861
-2.108180
-2.296988
-2.418900
-2.412621
-2.294718
-2.278622
-2.353934
-2.323295
-2.326160
-2.372547
-2.415185
-2.438146
-2.493379
-2.509083
-2.533440
-2.510771
