0.317656
0.317628
0.317604
0.317617
0.317618
0.317562
0.317467
0.317300
0.316913
0.316463
0.316008
0.315418
0.314833
0.314115
0.313206
0.312369
0.311557
0.310752
0.309714
0.308909
0.308086
0.307570
0.307072
0.306573
0.306196
0.305974
0.305782
0.305812
0.305838
0.306163
0.306567
0.307141
0.308010
0.308851
0.309748
0.310708
0.311985
0.313390
0.314644
0.316140
0.317892
0.319815
0.322226
0.324790
0.327412
0.330267
0.333241
0.335826
0.338059
0.340493
0.342744
0.345184
0.347532
0.349676
0.351771
0.353318
0.354800
0.356054
0.357146
0.358277
0.358893
0.359503
0.360305
0.360975
0.361693
0.362121
0.363005
0.363676
0.364223
0.364968
0.365792
0.366468
0.367169
0.367482
0.368002
0.368504
0.368832
0.369417
0.369865
0.370646
0.371404
0.371777
0.372467
0.373385
0.374537
0.375676
0.377020
0.378178
0.379059
0.379686
0.380486
0.381281
0.382611
0.383654
0.384660
0.385731
0.386796
0.387932
0.389037
0.390082
0.390838
