-0.115025
-0.110803
-0.107568
-0.105787
-0.103557
-0.111206
-0.150883
-0.202390
-0.291621
-0.393985
-0.536023
-0.713397
-0.894437
-1.165754
-1.465674
-1.892909
-2.322810
-2.757232
-3.308849
-3.907411
-4.521379
-5.369029
-5.879676
-6.277679
-6.548532
-7.142564
-7.615057
-8.090500
-8.969431
-9.637053
-9.900630
-10.717357
-10.951131
-10.734975
-10.343956
-10.949444
-10.943305
-10.629958
-9.371572
-8.339821
-7.524771
-6.584230
-5.933702
-5.767469
-5.379631
-4.842469
-4.242368
-3.358558
-2.327280
-1.166045
0.003946
1.699817
3.574221
6.721424
12.350915
16.602337
18.822748
20.215006
21.581720
22.173609
22.778997
22.646780
23.129663
22.675146
21.890467
21.162985
20.003603
19.573029
18.963724
18.741402
18.816566
18.514965
18.489185
18.619537
19.442019
20.698273
20.939281
21.342707
20.905354
20.972954
20.593603
20.843395
21.009895
21.621078
21.931484
21.449507
21.082253
20.859293
20.848104
20.800186
21.191799
21.448742
21.341494
20.952732
20.826187
20.530237
20.040722
19.596458
18.716480
17.864431
16.900026
