0.549276
0.554552
0.532874
0.571128
0.653112
0.719952
0.737989
0.763871
0.950062
1.148550
1.274261
1.315166
1.373138
1.502258
1.658925
1.777336
1.864025
1.904408
1.863028
1.791058
1.532942
1.397982
1.330574
1.124036
0.981984
0.853768
0.591647
0.320406
-0.012205
-0.535101
-1.133554
-1.443665
-2.037062
-3.237088
-3.934182
-5.115638
-6.260134
-6.716656
-7.137865
-7.225587
-7.237512
-7.162812
-6.755112
-6.517696
-5.968999
-5.590400
-5.200673
-4.930429
-4.694929
-4.518950
-4.340228
-4.092093
-3.872687
-3.655292
-3.361561
-3.109332
-2.869826
-2.523706
-2.313530
-2.118417
-1.844684
-1.775159
-1.619686
-1.443035
-1.105279
-0.938165
-0.695611
-0.539606
-0.368988
-0.149750
0.070643
0.326601
0.870648
1.425704
1.574403
1.804442
2.088366
2.432986
2.710226
2.859381
3.211466
3.414196
3.469186
3.466434
3.694402
3.683391
3.545467
3.342832
3.140727
3.051063
3.053966
2.916682
2.838340
2.773161
3.067809
2.988949
2.904673
2.820397
2.720808
2.614005
2.713812
