0.826574
0.826591
0.826610
0.826628
0.826636
0.826640
0.826645
0.826650
0.826661
0.826673
0.826698
0.826616
0.826511
0.826322
0.826065
0.825599
0.825081
0.824307
0.823290
0.821958
0.820311
0.818308
0.816178
0.813831
0.811261
0.808038
0.804419
0.800503
0.796296
0.791797
0.786925
0.781782
0.776391
0.770552
0.764346
0.757887
0.751194
0.744245
0.736960
0.729468
0.721780
0.713937
0.705784
0.697605
0.689231
0.680655
0.671956
0.663281
0.654521
0.645734
0.636935
0.627889
0.618716
0.609615
0.600379
0.590952
0.581501
0.572049
0.562440
0.552810
0.543046
0.533285
0.523472
0.513605
0.503731
0.493892
0.483905
0.474026
0.464166
0.454293
0.444570
0.434975
0.425422
0.416028
0.406741
0.397569
0.388718
0.379977
0.371426
0.363151
0.355034
0.347122
0.339534
0.332247
0.325121
0.318293
0.311665
0.305294
0.299225
0.293632
0.288429
0.283635
0.279204
0.275175
0.271458
0.268051
0.264995
0.262233
0.259809
0.257507
0.255515
