2.313970
2.313997
2.313712
2.314363
2.315010
2.314104
2.354222
2.360435
2.385024
2.423513
2.432832
2.434827
2.427124
2.419403
2.414030
2.414603
2.395895
2.378786
2.375890
2.373019
2.349893
2.317114
2.299124
2.269813
2.223744
2.215366
2.256675
2.235684
2.225995
2.210832
2.120810
2.156966
2.108640
2.043869
1.924639
1.695206
1.479233
1.060994
0.768430
0.305533
-0.090800
-0.490872
-0.926206
-1.365439
-2.072476
-2.432981
-2.186705
-1.923759
-1.666659
-1.272787
-0.699990
-0.134567
0.526812
1.833843
2.418117
3.315076
3.996865
4.388785
5.382444
6.350023
6.854748
7.163498
7.449047
7.928246
8.490192
9.231214
9.838184
10.527730
10.489999
10.626338
10.386322
10.372711
10.200014
10.922802
11.403069
11.265340
11.403658
10.898344
10.677705
10.290255
10.041893
9.652299
9.585916
9.504618
9.276065
8.909323
8.660677
8.368302
8.159481
7.882044
7.892006
7.732539
7.373760
7.188263
6.907016
6.665250
6.179445
5.371812
5.364120
4.838478
3.661313
