-0.260699
-0.259161
-0.234719
-0.341937
-0.536782
-0.798651
-1.102652
-1.500175
-1.906317
-2.455299
-3.166188
-3.569657
-4.115777
-4.811478
-5.690322
-6.744455
-8.044578
-9.302844
-10.854570
-12.544929
-14.454782
-15.647375
-16.901857
-18.035805
-18.937698
-20.153006
-20.906189
-21.359917
-21.641758
-22.223581
-23.273085
-23.094856
-22.468367
-22.191002
-22.146738
-21.922459
-21.385134
-20.681534
-20.102400
-19.320345
-18.199493
-16.868498
-14.771958
-13.477345
-12.205717
-10.849998
-9.168841
-8.035138
-7.026964
-5.382473
-4.418867
-3.082666
-2.305736
-1.172209
-0.256813
0.775051
1.707947
2.751924
3.187104
3.833352
4.530682
5.010787
5.570711
6.094098
6.383743
6.826857
7.339419
8.044635
8.920439
9.813581
10.415595
10.529971
11.022199
11.518143
11.499980
11.520794
11.555743
11.590319
11.756429
11.812723
11.786404
12.181112
12.346640
12.422727
12.456509
12.762042
13.149265
13.157623
13.081391
13.044357
13.039392
12.877422
12.701116
12.816746
13.638409
13.909894
14.172876
14.194773
13.506782
13.376522
13.366056
