0.077077
0.077059
0.077053
0.077067
0.077100
0.077157
0.077249
0.077328
0.077418
0.077552
0.077733
0.077911
0.078105
0.078310
0.078537
0.078782
0.079048
0.079327
0.079634
0.079942
0.080259
0.080601
0.080930
0.081300
0.081685
0.082062
0.082454
0.082854
0.083276
0.083709
0.084152
0.084614
0.085079
0.085552
0.086046
0.086549
0.087053
0.087574
0.088120
0.088654
0.089188
0.089701
0.090230
0.090742
0.091208
0.091663
0.092114
0.092524
0.092847
0.093185
0.093439
0.093686
0.093856
0.094034
0.094182
0.094257
0.094320
0.094449
0.094614
0.094823
0.095140
0.095523
0.095939
0.096369
0.096868
0.097358
0.097892
0.098468
0.099072
0.099682
0.100304
0.100962
0.101590
0.102160
0.102752
0.103328
0.103874
0.104385
0.104894
0.105343
0.105777
0.106167
0.106487
0.106799
0.107075
0.107318
0.107529
0.107711
0.107877
0.108055
0.108185
0.108291
0.108380
0.108457
0.108510
0.108546
0.108564
0.108562
0.108555
0.108546
0.108531
