0.318743
0.318759
0.318786
0.318830
0.318908
0.318985
0.319096
0.319244
0.319405
0.319587
0.319775
0.319998
0.320257
0.320527
0.320799
0.321078
0.321369
0.321688
0.322021
0.322374
0.322727
0.323086
0.323450
0.323825
0.324209
0.324602
0.324989
0.325362
0.325718
0.326068
0.326413
0.326721
0.327019
0.327251
0.327526
0.327808
0.328060
0.328279
0.328461
0.328617
0.328741
0.328863
0.328969
0.329082
0.329157
0.329207
0.329222
0.329236
0.329203
0.329175
0.329073
0.329011
0.329007
0.329063
0.329161
0.329291
0.329429
0.329572
0.329812
0.330080
0.330385
0.330703
0.331013
0.331394
0.331784
0.332182
0.332587
0.333010
0.333423
0.333861
0.334316
0.334783
0.335248
0.335721
0.336187
0.336621
0.337078
0.337542
0.338007
0.338465
0.338902
0.339320
0.339724
0.340143
0.340549
0.340936
0.341319
0.341684
0.342045
0.342379
0.342717
0.343044
0.343337
0.343609
0.343889
0.344140
0.344378
0.344586
0.344751
0.344961
0.345123
