0.508606
0.523129
0.456088
0.442771
0.342095
0.340616
0.371893
0.276281
0.343085
0.471688
0.643885
0.767557
0.891880
1.018596
1.126259
1.256642
1.336841
1.382700
1.399945
1.531642
1.590596
1.592062
1.640624
1.666644
1.690213
1.758881
1.654323
1.678764
1.687104
1.687637
1.753477
1.701099
1.557259
1.331687
0.885770
0.341177
-0.102672
-0.443609
-0.746692
-0.899700
-0.998776
-1.070280
-1.123927
-1.163687
-1.222963
-1.373026
-1.542277
-1.891058
-2.021618
-2.140659
-2.243367
-2.289716
-2.145099
-1.934192
-1.806016
-1.666037
-1.637608
-1.482054
-1.226255
-1.226025
-1.018681
-0.782980
-0.591629
-0.286976
-0.061286
0.083933
0.333462
0.785474
1.294341
1.443439
1.422622
1.296019
1.324733
1.401842
1.443237
1.388241
1.334495
1.296991
1.394350
1.397149
1.189786
1.246044
1.109194
1.019380
0.954865
0.676426
0.255717
0.338663
0.191405
0.040066
-0.046174
-0.112299
-0.208878
-0.273687
-0.301215
-0.357041
-0.393773
-0.426052
-0.512646
-0.599990
-0.829348
