0.895163
0.895226
0.895305
0.895374
0.895438
0.895510
0.895589
0.895658
0.895722
0.895791
0.895865
0.895940
0.895990
0.896029
0.896022
0.895999
0.895935
0.895762
0.895597
0.895362
0.895051
0.894675
0.894223
0.893626
0.892906
0.892056
0.891126
0.890069
0.888945
0.887818
0.886563
0.885241
0.883870
0.882438
0.881013
0.879525
0.878077
0.876592
0.875078
0.873626
0.872077
0.870543
0.869050
0.867548
0.866090
0.864640
0.863210
0.861706
0.860260
0.858772
0.857309
0.855841
0.854416
0.853006
0.851568
0.850101
0.848517
0.846828
0.845039
0.843037
0.840959
0.838796
0.836434
0.833912
0.831334
0.828790
0.825855
0.822719
0.819422
0.816120
0.812620
0.808966
0.805199
0.801334
0.797351
0.793109
0.788967
0.784619
0.780255
0.775879
0.771383
0.766839
0.762301
0.757644
0.752995
0.748307
0.743468
0.738645
0.733577
0.728564
0.723406
0.718217
0.713125
0.708052
0.703150
0.698344
0.693598
0.689018
0.684625
0.680397
0.676414
