-0.183493
-0.220291
-0.339869
-0.479335
-0.569190
-0.702012
-0.875281
-1.069109
-1.300436
-1.660594
-2.041629
-2.479101
-2.698014
-3.132721
-3.426490
-3.343848
-3.215789
-3.371794
-3.544983
-3.631610
-3.797326
-3.892533
-3.860904
-3.909541
-3.596523
-4.024800
-4.305280
-4.834553
-5.821361
-7.493917
-9.680287
-11.519872
-14.077001
-17.964220
-21.121796
-23.182402
-22.091339
-22.545210
-22.044949
-21.912443
-21.846453
-20.768854
-18.861568
-16.628931
-13.219454
-8.040684
-1.679116
5.386812
11.955549
17.276819
20.987928
24.424856
25.229330
24.606121
25.790630
27.259981
26.330759
25.233669
23.086050
21.563999
20.501001
19.747940
19.083046
18.598549
18.489206
17.659088
18.587355
18.644274
18.696800
18.440741
18.386608
18.512581
18.226925
17.773439
16.775614
15.213183
13.459360
10.434515
7.445446
3.558777
0.696050
-2.054009
-2.784719
-4.017418
-5.229983
-7.426308
-8.668584
-9.077053
-9.064251
-9.133986
-8.731583
-8.461136
-8.408915
-8.866441
-8.623507
-7.984879
-8.019311
-7.883439
-7.686979
-6.828404
-5.609245
