2.558660
2.513498
2.497182
2.497305
2.496019
2.481056
2.454448
2.458193
2.521092
2.550076
2.547711
2.512893
2.507469
2.534183
2.553850
2.698831
2.890092
2.933087
2.899708
2.903291
2.789851
2.997431
2.986229
3.376960
3.893128
4.569793
3.373087
2.950311
3.272788
3.465302
2.419487
1.462163
0.666575
0.289854
-0.308843
-2.444591
-2.112540
-2.018136
-2.436829
-2.554390
-2.895339
-3.050874
-2.862008
-2.490119
-2.540418
-2.670429
-2.022788
-0.907424
0.793412
0.619636
1.883666
3.175049
3.180714
-1.184573
-1.302278
-1.286415
-1.047290
-0.440904
-0.080774
0.709633
1.831593
2.789888
3.513471
6.990184
9.199493
8.513512
9.925127
7.834410
6.145677
7.263881
7.217542
6.604209
7.140136
7.458896
7.956412
7.880714
9.130980
9.532103
7.938155
7.311052
4.134143
1.423716
1.542577
1.591153
0.650052
0.336526
-1.305099
-0.756494
-0.194668
0.411629
0.839225
1.327649
2.280750
4.160304
3.982679
3.858831
3.711874
3.647104
3.605875
3.561535
3.489818
