0.677513
0.659450
0.636754
0.584530
0.506530
0.374850
0.177779
-0.147688
-0.500774
-0.907167
-1.375226
-1.903375
-2.382330
-2.678820
-3.022079
-3.580434
-4.051336
-4.130701
-3.833785
-4.231166
-4.253757
-4.222530
-4.305167
-4.743148
-5.507031
-6.512991
-6.954839
-6.894228
-6.709947
-6.265204
-5.383391
-4.704174
-3.681540
-2.621118
-1.424379
-0.279606
1.228926
1.934423
1.487473
0.186683
-1.029603
-1.693029
-2.080935
-1.900113
-2.154338
-2.157956
-2.308172
-2.777304
-3.085697
-2.828264
-2.267272
-1.468129
-0.911473
-0.016039
1.219323
2.626485
4.503971
4.382522
1.293784
-1.564440
-1.796969
-1.646440
-0.334120
1.977253
4.762890
5.087327
4.295314
3.582976
3.749326
4.816842
6.040670
6.404747
6.124603
5.373209
5.070612
5.600404
6.573194
7.527263
7.966544
8.072790
7.817654
7.584369
7.020906
6.514597
6.431530
6.399051
6.255167
6.011438
5.718094
5.449781
5.155895
4.885905
4.609002
4.354784
4.125984
3.914060
3.721478
3.557411
3.382247
3.253399
3.118435
