-0.109150
-0.088806
-0.107404
-0.124985
-0.194641
-0.309353
-0.526176
-0.718190
-1.147039
-1.702361
-2.344100
-3.134391
-4.366930
-6.399653
-8.957516
-11.719661
-14.388650
-17.296106
-20.817097
-24.315514
-27.338015
-28.201870
-29.483616
-29.774824
-29.413177
-28.779991
-28.899240
-29.337368
-30.066681
-30.864491
-30.860497
-30.558563
-29.336613
-28.383543
-27.768461
-27.629835
-27.315493
-26.730444
-25.978514
-24.106697
-20.543198
-13.559760
-3.256829
8.314535
19.326315
29.475410
37.812756
42.174461
44.558693
45.622879
46.080448
44.743496
44.164978
43.873829
43.754063
43.251469
42.604378
41.173927
38.480499
35.595005
36.700821
41.277699
45.206982
49.305756
49.452526
48.338737
42.011265
32.767319
21.597446
8.143852
-3.855397
-12.245083
-14.768146
-15.894192
-16.883802
-17.117912
-16.586401
-14.177792
-9.858319
-5.751686
-1.757426
1.664163
4.238379
4.834818
5.331797
5.543104
5.468074
5.518742
5.750967
5.732407
5.221392
4.695204
4.301707
3.921291
3.600237
3.290148
3.007450
2.766756
2.542073
2.343823
2.144868
