0.207681
0.207836
0.208466
0.208837
0.208618
0.208062
0.207726
0.206567
0.206308
0.206152
0.205935
0.205814
0.205073
0.204675
0.204237
0.204544
0.204015
0.203957
0.203377
0.202369
0.202477
0.201357
0.201776
0.201318
0.200139
0.199975
0.199326
0.199761
0.199285
0.198579
0.198393
0.197487
0.197483
0.196707
0.195313
0.195103
0.194522
0.194227
0.194155
0.193552
0.192802
0.192348
0.191925
0.191729
0.191603
0.191304
0.190954
0.190540
0.190103
0.189742
0.189369
0.189016
0.188659
0.188317
0.187975
0.187634
0.187286
0.186926
0.186583
0.186250
0.185947
0.185689
0.185418
0.185143
0.185034
0.184716
0.184666
0.184696
0.184776
0.184838
0.184886
0.184934
0.184977
0.185025
0.185074
0.185117
0.185158
0.185214
0.185266
0.185312
0.185351
0.185381
0.185375
0.185396
0.185408
0.185441
0.185469
0.185528
0.185571
0.185606
0.185647
0.185686
0.185712
0.185736
0.185771
0.185806
0.185838
0.185857
0.185891
0.185919
0.185932
