0.435273
0.433087
0.431142
0.429901
0.429341
0.429211
0.429279
0.430004
0.430714
0.431390
0.431824
0.431980
0.431940
0.431874
0.431936
0.431454
0.430860
0.429945
0.428938
0.427801
0.426385
0.424446
0.421887
0.419557
0.416830
0.414364
0.411855
0.409547
0.407299
0.405038
0.403071
0.401134
0.399658
0.398230
0.396979
0.396021
0.395153
0.394504
0.394007
0.394010
0.394068
0.394080
0.394925
0.396231
0.397682
0.399200
0.401046
0.403184
0.405592
0.407879
0.410393
0.412996
0.415478
0.418065
0.420820
0.423539
0.426640
0.429279
0.431955
0.434507
0.437105
0.439742
0.442313
0.444822
0.447222
0.449548
0.451835
0.454043
0.456034
0.458025
0.460033
0.461957
0.463666
0.465241
0.466723
0.468067
0.469168
0.470230
0.471010
0.471793
0.472358
0.472885
0.473242
0.473537
0.473818
0.474038
0.474048
0.473996
0.473907
0.473772
0.473422
0.473081
0.472637
0.472187
0.471662
0.471177
0.470650
0.470137
0.469525
0.468850
0.468135
