0.129840
0.129825
0.129799
0.129779
0.129798
0.129766
0.129811
0.129871
0.129969
0.129946
0.129791
0.129142
0.128640
0.128053
0.127669
0.127456
0.127474
0.127548
0.127717
0.127833
0.127961
0.128090
0.128183
0.128272
0.128344
0.128454
0.128312
0.128128
0.127955
0.127790
0.127508
0.127272
0.127017
0.126772
0.126409
0.126123
0.125720
0.125320
0.124981
0.124626
0.124250
0.123961
0.123716
0.123499
0.123289
0.123092
0.122899
0.122707
0.122502
0.122302
0.122105
0.121909
0.121716
0.121522
0.121326
0.121129
0.120931
0.120738
0.120544
0.120349
0.120154
0.119958
0.119771
0.119567
0.119377
0.119185
0.118997
0.118807
0.118611
0.118422
0.118233
0.118040
0.117856
0.117664
0.117473
0.117281
0.117090
0.116892
0.116707
0.116516
0.116328
0.116139
0.115952
0.115760
0.115572
0.115388
0.115200
0.115012
0.114825
0.114638
0.114452
0.114265
0.114077
0.113892
0.113706
0.113516
0.113331
0.113148
0.112965
0.112782
0.112598
