0.888455
0.888613
0.888772
0.888928
0.889075
0.889239
0.889391
0.889482
0.888937
0.887481
0.884944
0.881512
0.877323
0.872811
0.868228
0.863492
0.858747
0.853841
0.848910
0.844079
0.839473
0.835234
0.831329
0.827750
0.824531
0.821716
0.819322
0.817501
0.816103
0.815195
0.814757
0.814531
0.814450
0.814472
0.814540
0.814615
0.814779
0.815025
0.814960
0.815331
0.815641
0.815980
0.816355
0.816687
0.817082
0.817492
0.817938
0.818361
0.818801
0.819216
0.819659
0.820081
0.820511
0.820934
0.821362
0.821775
0.822198
0.822613
0.823028
0.823444
0.823851
0.824270
0.824686
0.825081
0.825477
0.825886
0.826292
0.826696
0.827093
0.827484
0.827884
0.828275
0.828656
0.829054
0.829439
0.829812
0.830195
0.830583
0.830966
0.831329
0.831708
0.832081
0.832449
0.832827
0.833198
0.833562
0.833931
0.834296
0.834660
0.835022
0.835387
0.835746
0.836104
0.836458
0.836818
0.837182
0.837534
0.837886
0.838238
0.838583
0.838929
