0.293860
0.293858
0.293862
0.293876
0.293903
0.293927
0.293965
0.294030
0.294113
0.294211
0.294320
0.294446
0.294593
0.294757
0.294951
0.295158
0.295384
0.295627
0.295889
0.296171
0.296470
0.296783
0.297110
0.297459
0.297816
0.298194
0.298585
0.298983
0.299385
0.299767
0.300187
0.300615
0.301037
0.301465
0.301891
0.302320
0.302728
0.303121
0.303518
0.303917
0.304291
0.304582
0.304835
0.305051
0.305238
0.305401
0.305517
0.305606
0.305669
0.305673
0.305597
0.305541
0.305428
0.305324
0.305268
0.305303
0.305474
0.305641
0.305818
0.305888
0.306132
0.306442
0.306752
0.307102
0.307423
0.307785
0.308229
0.308692
0.309140
0.309628
0.310124
0.310588
0.311105
0.311578
0.312085
0.312597
0.313123
0.313627
0.314115
0.314601
0.315088
0.315571
0.316044
0.316494
0.316974
0.317415
0.317845
0.318267
0.318686
0.319067
0.319430
0.319790
0.320108
0.320387
0.320693
0.320957
0.321211
0.321426
0.321602
0.321789
0.321935
