0.506669
0.507963
0.509266
0.510560
0.511880
0.513145
0.514245
0.515008
0.515079
0.514508
0.513783
0.512916
0.511859
0.510654
0.509042
0.507620
0.506009
0.504083
0.502237
0.500405
0.498379
0.496329
0.494155
0.491871
0.489560
0.486939
0.483919
0.480155
0.476074
0.471547
0.466574
0.461001
0.455199
0.449370
0.443487
0.437591
0.431574
0.425408
0.419084
0.412613
0.406213
0.400004
0.393792
0.387170
0.379993
0.372353
0.364629
0.356782
0.348954
0.341124
0.333289
0.325491
0.317593
0.309706
0.302396
0.295447
0.289230
0.283605
0.278559
0.273739
0.269571
0.265861
0.262678
0.259824
0.257210
0.255186
0.253094
0.251053
0.249058
0.247353
0.245901
0.244459
0.243500
0.241742
0.239476
0.237724
0.236538
0.235583
0.234702
0.233667
0.232733
0.232215
0.232028
0.232236
0.232756
0.233544
0.234697
0.236146
0.237797
0.239404
0.240950
0.242543
0.244134
0.245722
0.247262
0.248802
0.250323
0.251781
0.253197
0.254683
0.256409
