-0.632061
-0.643413
-0.649550
-0.646200
-0.640054
-0.623333
-0.603843
-0.780192
-0.888548
-1.163116
-1.575597
-1.920861
-2.663500
-3.012450
-3.860455
-4.121930
-5.439521
-7.411277
-7.442384
-8.351528
-8.922409
-9.970558
-10.395827
-11.303452
-12.732255
-14.406297
-15.974957
-18.286533
-20.490036
-21.842087
-22.302561
-22.938696
-22.933060
-22.916292
-23.181620
-23.399240
-21.756569
-21.589411
-19.959084
-17.908739
-19.024467
-18.230816
-17.627037
-18.379375
-17.524416
-17.786680
-16.897074
-16.590866
-16.015741
-15.792130
-15.824100
-15.354373
-14.769077
-13.587633
-12.333671
-10.880397
-9.500872
-7.881046
-5.899832
-3.330208
-0.849162
1.127644
2.717498
4.880267
7.058686
9.254529
10.971377
13.067672
16.585087
18.202059
20.178879
23.017641
25.560520
29.240885
27.094143
26.814161
29.951893
29.756195
29.975586
30.026674
30.519150
29.869936
30.356815
29.703772
30.247282
30.098251
28.705891
27.711275
26.998001
26.492842
26.481306
26.466557
25.803347
24.991526
24.297779
22.260727
21.107738
18.869518
17.201111
15.436536
13.957787
