0.348474
0.349371
0.341306
0.329234
0.349591
0.324756
0.294886
0.278447
0.291794
0.321691
0.430134
0.502264
0.442302
0.395100
0.405575
0.537761
0.826382
1.056730
1.194698
1.370657
1.581384
1.825574
2.242418
2.599114
2.707410
3.270082
3.824170
4.413491
5.026819
5.734395
6.496864
6.927868
8.901848
10.193970
13.193732
14.395033
16.907454
17.255327
18.084715
18.151070
18.891729
20.902256
20.106756
18.971596
18.102999
16.814335
15.942292
15.140828
14.915822
14.770848
13.547585
12.160716
10.389450
7.482333
2.484969
-1.791903
-4.780394
-8.754387
-11.510591
-13.319900
-13.543008
-13.018863
-12.128656
-11.648705
-11.437119
-11.045843
-10.460335
-9.121730
-8.651911
-7.981709
-5.554483
-5.431524
-3.771426
-3.452810
-2.065058
-2.708945
-1.578462
-1.745327
-1.582968
-2.321652
-1.926160
-2.970592
-2.867258
-3.319762
-3.347995
-3.344010
-3.318893
-2.760041
-2.717257
-2.565257
-2.214761
-1.808662
-1.744312
-1.775315
-1.788985
-1.784642
-1.840512
-1.912765
-2.011620
-2.146655
-2.494926
