0.104853
0.241178
0.325208
0.332374
0.456685
0.878037
1.304636
1.390035
1.688794
2.169990
2.749637
3.195571
3.614141
4.020465
4.362566
4.600249
4.815945
4.819678
5.000643
5.457252
5.947712
6.570268
6.986448
7.167192
7.135999
7.020435
6.690691
6.337245
5.669178
5.131468
4.525688
4.048099
3.570667
3.245577
2.872141
2.587153
2.374688
2.280373
2.294086
2.291999
2.243040
2.472619
2.470973
2.304353
2.032642
1.865836
1.854984
1.519998
1.189937
1.086428
0.827935
0.707279
0.744364
0.657579
0.130841
0.185248
0.123411
0.433729
0.964819
1.503939
1.968322
2.206784
2.017782
1.804922
1.752092
1.476784
1.263297
1.319601
1.236329
0.386295
-0.284972
-0.903332
-2.109764
-3.025611
-4.129900
-4.296707
-4.907710
-5.288109
-5.064906
-4.964140
-4.845792
-5.070867
-4.974270
-4.811555
-4.656254
-4.565098
-4.711366
-4.832370
-4.710268
-4.613694
-4.583889
-4.476388
-4.358850
-4.274650
-4.112569
-3.947288
-3.739913
-3.621515
-3.488099
-3.392007
-3.267013
