-0.154429
-0.154409
-0.154394
-0.154378
-0.154318
-0.154298
-0.154270
-0.154289
-0.154229
-0.154197
-0.154164
-0.154136
-0.154098
-0.154087
-0.154036
-0.154031
-0.154005
-0.153985
-0.153966
-0.154000
-0.154078
-0.154197
-0.154323
-0.154422
-0.154563
-0.154688
-0.154739
-0.154797
-0.154843
-0.154867
-0.154901
-0.155006
-0.155142
-0.155327
-0.155545
-0.155729
-0.155856
-0.155907
-0.155807
-0.155653
-0.155446
-0.155270
-0.155304
-0.155585
-0.155593
-0.155621
-0.155604
-0.155563
-0.155448
-0.155230
-0.154831
-0.154373
-0.153957
-0.153576
-0.153285
-0.153089
-0.152846
-0.152717
-0.152521
-0.152361
-0.152199
-0.152031
-0.151905
-0.151802
-0.151685
-0.151586
-0.151442
-0.151295
-0.151108
-0.150959
-0.150852
-0.150772
-0.150694
-0.150645
-0.150605
-0.150592
-0.150580
-0.150588
-0.150594
-0.150625
-0.150711
-0.150802
-0.150877
-0.150971
-0.151065
-0.151196
-0.151309
-0.151427
-0.151549
-0.151655
-0.151747
-0.151831
-0.151922
-0.152017
-0.152108
-0.152215
-0.152305
-0.152397
-0.152486
-0.152554
-0.152630
