0.421655
0.421519
0.422361
0.423357
0.420730
0.420274
0.423310
0.424029
0.421795
0.422216
0.425484
0.426407
0.424561
0.426268
0.428836
0.430710
0.430009
0.427281
0.426403
0.428615
0.431447
0.432747
0.430760
0.429587
0.431345
0.433730
0.435732
0.435440
0.432428
0.432032
0.433550
0.435385
0.436316
0.437302
0.438656
0.438337
0.435407
0.434763
0.436412
0.437888
0.438740
0.439102
0.439462
0.439699
0.439881
0.440044
0.440179
0.440362
0.440518
0.440678
0.440868
0.441052
0.441183
0.441358
0.441421
0.441471
0.441428
0.441588
0.441787
0.441967
0.442162
0.442340
0.442518
0.442683
0.442851
0.443050
0.443232
0.443381
0.443562
0.443724
0.443954
0.444141
0.444310
0.444508
0.444709
0.444876
0.445052
0.445240
0.445433
0.445616
0.445779
0.445874
0.446033
0.446190
0.446347
0.446505
0.446674
0.446843
0.447015
0.447196
0.447355
0.447542
0.447664
0.447787
0.447914
0.448052
0.448204
0.448385
0.448557
0.448687
0.448804
