1.804400
1.805297
1.806552
1.691946
1.442119
1.557021
1.731282
0.649921
-0.089296
3.669609
11.401898
7.946447
-4.963982
6.757666
11.929631
-16.553974
-11.610512
-37.166729
8.198073
35.693172
60.303410
14.916668
-27.629791
4.594703
12.964469
29.557467
-4.919609
13.140372
-21.068266
16.850521
10.241612
20.829176
35.936066
28.204203
18.474730
2.261293
-30.625376
15.469317
13.805038
22.316671
24.820778
19.763441
15.867137
13.769516
10.983274
11.414163
9.974144
8.852753
7.913623
7.045875
6.383865
5.623446
5.413838
6.855981
6.767243
7.664585
2.408943
-0.510967
-1.671026
-1.676424
-1.421996
-1.378455
-0.969415
-0.638905
-0.513071
-0.354645
-0.218291
-0.058293
0.104552
0.198552
0.049250
0.551918
0.460474
0.519014
0.578499
0.707769
0.668929
0.825943
0.742364
0.683858
0.703892
0.258679
0.531847
0.560234
0.627118
0.822499
0.912411
0.929278
0.942062
0.922926
0.927591
1.027472
0.736377
0.527364
0.652533
0.824850
1.004128
1.110804
1.252466
1.357690
1.349549
