-0.063360
-0.063402
-0.063478
-0.063564
-0.063607
-0.063678
-0.063736
-0.063806
-0.063883
-0.063934
-0.063997
-0.064060
-0.064113
-0.064156
-0.064248
-0.064357
-0.064487
-0.064612
-0.064682
-0.064797
-0.064955
-0.065175
-0.065394
-0.065766
-0.066180
-0.066595
-0.066962
-0.067376
-0.067803
-0.068266
-0.068726
-0.069168
-0.069507
-0.069823
-0.070134
-0.070490
-0.070860
-0.071222
-0.071489
-0.071860
-0.072302
-0.072861
-0.073280
-0.073695
-0.074021
-0.074383
-0.074664
-0.074904
-0.075177
-0.075432
-0.075555
-0.075601
-0.075517
-0.075584
-0.075403
-0.075125
-0.074896
-0.074711
-0.074530
-0.074322
-0.074300
-0.074096
-0.073793
-0.073793
-0.073821
-0.073930
-0.073847
-0.073864
-0.073930
-0.073911
-0.073945
-0.073967
-0.073960
-0.073983
-0.074041
-0.074083
-0.074133
-0.074228
-0.074294
-0.074371
-0.074391
-0.074462
-0.074603
-0.074761
-0.074875
-0.074962
-0.074990
-0.075014
-0.075113
-0.075151
-0.075360
-0.075378
-0.075394
-0.075459
-0.075538
-0.075608
-0.075667
-0.075747
-0.075761
-0.075790
-0.075835
