0.005917
0.005928
0.005939
0.005949
0.005956
0.005975
0.005992
0.005979
0.005969
0.005962
0.005959
0.005968
0.005976
0.005981
0.005989
0.005978
0.006014
0.006045
0.006048
0.006062
0.006056
0.006053
0.006041
0.006027
0.006021
0.005988
0.005964
0.005915
0.005853
0.005756
0.005702
0.005626
0.005565
0.005493
0.005406
0.005315
0.005214
0.005123
0.005030
0.004929
0.004814
0.004701
0.004580
0.004465
0.004353
0.004235
0.004094
0.003974
0.003841
0.003680
0.003481
0.003337
0.003200
0.003061
0.002925
0.002764
0.002662
0.002597
0.002513
0.002444
0.002385
0.002346
0.002290
0.002286
0.002308
0.002305
0.002340
0.002383
0.002405
0.002425
0.002423
0.002379
0.002357
0.002383
0.002359
0.002352
0.002280
0.002289
0.002272
0.002277
0.002281
0.002271
0.002262
0.002207
0.002243
0.002283
0.002319
0.002307
0.002294
0.002311
0.002303
0.002317
0.002308
0.002320
0.002296
0.002290
0.002246
0.002213
0.002170
0.002143
0.002122
