1.387353
1.510171
1.691328
1.914536
2.135685
2.470399
2.820303
3.500304
3.799392
3.734216
4.128094
4.535345
4.686179
5.467088
5.858922
6.441632
7.308268
6.646955
7.528107
9.198209
10.045093
10.826690
10.918618
10.980761
10.866618
10.920475
10.988470
11.456348
12.551535
12.861724
12.610531
12.195615
12.063509
11.782475
10.985510
10.761683
10.197351
9.764916
9.542155
9.532446
9.095639
9.004623
8.817691
8.812284
8.665021
9.037813
8.788142
9.105414
9.122176
9.239590
9.437654
9.304882
8.347975
7.605905
7.525075
7.557635
7.295939
7.516314
6.477230
5.925056
5.549764
5.225357
5.064242
4.597746
4.056852
2.747176
1.756640
-0.577522
-0.029952
-0.032960
0.901842
0.725626
0.944456
0.577285
0.695098
1.521896
2.487763
2.448657
0.440041
0.275323
0.414850
0.608472
1.496041
1.221934
0.766153
0.932826
-0.169312
-0.644750
0.523579
1.578319
2.848919
2.634470
2.595275
2.764236
2.447964
2.484522
2.135116
2.797677
2.873751
2.618252
1.507623
