0.985348
0.985345
0.985337
0.985330
0.985320
0.985315
0.985319
0.985324
0.985330
0.985343
0.985371
0.985392
0.985406
0.985416
0.985415
0.985418
0.985413
0.985406
0.985399
0.985395
0.985388
0.985374
0.985351
0.985316
0.985277
0.985233
0.985185
0.985123
0.985047
0.984962
0.984870
0.984769
0.984639
0.984477
0.984310
0.984132
0.983922
0.983670
0.983415
0.983144
0.982880
0.982608
0.982327
0.982027
0.981696
0.981331
0.980946
0.980527
0.980075
0.979600
0.979054
0.978430
0.977763
0.977048
0.976282
0.975459
0.974590
0.973691
0.972760
0.971774
0.970758
0.969672
0.968578
0.967449
0.966313
0.965208
0.964094
0.962966
0.961842
0.960730
0.959676
0.958754
0.957845
0.957090
0.956446
0.955846
0.955304
0.954777
0.954302
0.953841
0.953430
0.952978
0.952567
0.952147
0.951734
0.951284
0.950817
0.950469
0.950186
0.949939
0.949719
0.949569
0.949445
0.949336
0.949227
0.949128
0.949037
0.948954
0.948874
0.948804
0.948754
