0.210761
0.507618
0.791003
0.609023
-0.070572
-0.425911
-0.602759
-0.950382
-1.089878
-1.122023
-1.366762
-1.909736
-2.642058
-3.154715
-3.418386
-3.808171
-4.173933
-4.728312
-5.328386
-5.844191
-6.246336
-6.834840
-7.802273
-8.809216
-9.274222
-9.473250
-10.304157
-10.919542
-11.159298
-11.183466
-10.955689
-10.611671
-10.725023
-11.331857
-12.050486
-13.299578
-14.199191
-15.630890
-16.637651
-17.705177
-19.331417
-21.741673
-23.555286
-25.310118
-26.645147
-27.934423
-28.522213
-29.060549
-29.501720
-30.300480
-30.372278
-29.908379
-27.880939
-24.555391
-17.936756
-7.308144
3.956492
14.781386
18.811354
25.625137
33.956688
40.908527
53.742046
60.987133
56.307060
53.328896
47.826187
42.185997
37.288925
32.716484
28.377607
22.190258
17.982306
15.351392
14.438837
12.051565
12.669356
13.483716
14.949225
16.382990
17.615200
18.857958
19.244436
18.363361
17.662014
16.898716
15.920861
15.079753
14.319015
13.781005
13.292357
12.684169
12.076146
11.699654
11.200638
10.890042
10.662550
10.520714
10.270288
10.006565
9.610821
