0.930229
0.930281
0.930333
0.930386
0.930446
0.930519
0.930591
0.930643
0.930708
0.930787
0.930870
0.930947
0.931023
0.931075
0.931119
0.931118
0.931104
0.931068
0.930961
0.930819
0.930609
0.930339
0.929883
0.929205
0.928418
0.927415
0.926275
0.924984
0.923577
0.922063
0.920432
0.918659
0.916737
0.914673
0.912525
0.910317
0.907984
0.905569
0.903088
0.900554
0.897957
0.895247
0.892542
0.889795
0.886983
0.884138
0.881199
0.878182
0.875079
0.871968
0.868750
0.865497
0.862152
0.858812
0.855419
0.851986
0.848611
0.845283
0.842088
0.838948
0.835859
0.832903
0.830050
0.827145
0.824331
0.821633
0.818961
0.816406
0.814007
0.811738
0.809611
0.807661
0.805915
0.804312
0.803062
0.802083
0.801300
0.800758
0.800295
0.799917
0.799624
0.799427
0.799289
0.799249
0.799310
0.799398
0.799581
0.799779
0.800040
0.800288
0.800575
0.800813
0.801182
0.801520
0.801886
0.802200
0.802556
0.802936
0.803272
0.803668
0.804054
