1.643286
1.577998
1.543866
1.602154
1.661818
1.655204
1.583410
1.397747
1.039732
0.389228
-0.884988
-1.489662
-1.850245
-2.142047
-2.638386
-2.856829
-3.888348
-5.191604
-5.821690
-6.531241
-6.427360
-5.627512
-4.756041
-3.757286
-3.367165
-3.279089
-2.288952
-2.596477
-3.024299
-3.665806
-1.257949
-3.527527
-5.384619
-6.861285
-7.429425
-7.911375
-6.900190
-6.521155
-6.160262
-5.273332
-3.818959
-2.571391
-0.631286
0.338862
0.362582
0.703777
1.109435
2.370909
3.903558
6.195024
10.179544
11.490948
14.174311
13.004389
12.471515
12.956183
12.682371
12.460375
12.508016
11.964444
11.301340
11.192204
11.018881
11.002026
10.867821
10.432519
10.627848
10.287516
11.776731
12.280112
12.689500
12.605477
12.444282
11.908547
11.572341
11.493403
11.114246
11.101785
11.620706
11.838274
12.010476
11.781032
11.865046
11.565610
10.455243
8.876967
9.744579
9.812143
9.784951
9.594435
9.318739
9.303518
8.726786
8.306778
8.005264
7.193346
6.483071
5.817083
5.117650
4.837855
4.547217
