-0.068693
-0.215315
-0.510188
-0.834800
-1.114900
-1.390742
-1.690068
-2.015426
-2.414778
-2.750143
-2.911090
-2.750373
-2.449951
-1.890515
-0.940732
0.218829
1.259331
2.079441
3.289636
5.017916
7.209945
9.010278
10.542341
12.088537
13.400969
14.407375
15.469482
15.927943
16.080940
16.071995
16.230822
16.220846
15.916013
14.763517
13.464825
12.097142
10.505906
8.437898
5.345574
1.610423
-2.501723
-6.442642
-9.416050
-12.608315
-13.705243
-14.528090
-15.261728
-16.034735
-16.029242
-15.764897
-15.289301
-14.425338
-13.327464
-12.400414
-11.485129
-10.835216
-10.224319
-9.523866
-9.002661
-8.264030
-7.610780
-6.840397
-5.991729
-4.594868
-2.874615
-0.810708
1.052617
3.163106
4.796375
5.935670
6.777802
7.308319
8.151767
9.040815
9.494890
9.790451
10.167588
10.002869
9.404598
9.051718
8.264401
7.564075
7.056133
6.710804
6.271674
5.918614
5.691928
5.341606
5.036596
4.873371
4.661383
4.469809
4.249317
3.917346
3.736668
3.519786
3.257664
3.111183
2.920983
2.751887
2.710905
