-0.121072
-0.148036
-0.185106
-0.282996
-0.495599
-0.804710
-1.249397
-1.902700
-2.771058
-3.734004
-5.029572
-6.942523
-9.372284
-12.998670
-16.835243
-21.405518
-25.812326
-28.588934
-29.888519
-30.021490
-31.425814
-33.550640
-35.231022
-35.331200
-34.496841
-33.696278
-33.391056
-32.282318
-30.882824
-29.189878
-27.453331
-25.600407
-23.620066
-22.060629
-20.539906
-18.626835
-17.002413
-15.141505
-13.363579
-11.684914
-9.650150
-7.165856
-3.678410
-0.379596
3.621677
8.456075
12.940446
17.267353
23.064943
26.484495
28.125992
28.341595
27.723318
26.925516
25.525356
24.739080
24.310257
24.439707
24.758192
24.955252
25.451910
25.693581
26.152035
27.123922
28.516916
30.287821
31.318813
30.897127
30.316339
29.334030
28.615013
27.627735
26.277163
25.197872
24.128252
23.238686
22.348778
21.444321
20.272961
18.903666
17.514769
16.535692
15.948553
15.089756
13.727606
12.573547
11.607510
10.570275
9.916433
9.411555
8.852068
8.153299
7.442866
6.892017
6.327211
5.774983
5.281546
4.810134
4.357895
4.108852
3.736296
