0.689693
1.229209
1.859571
2.769167
3.830328
5.311284
7.549421
8.938993
9.861291
10.384397
9.898256
10.198936
10.681578
10.411425
10.110845
10.715284
9.340823
5.688890
0.446800
-8.217001
-18.904505
-20.386217
-19.560682
-19.207769
-16.746862
-13.783236
-9.373038
-3.115654
3.642318
10.141835
18.671665
25.622778
31.803711
38.277176
37.366657
32.686466
24.572315
12.673455
-1.014167
-15.234940
-23.748129
-30.325800
-35.163811
-35.331676
-37.342117
-35.461063
-33.072979
-29.521336
-23.991770
-17.220987
-7.973240
2.102113
11.151008
17.387629
21.403116
22.878283
21.333130
16.941704
11.237683
5.994027
0.819181
-3.549471
-6.887250
-9.591360
-11.923234
-14.208487
-15.935626
-16.343035
-16.397848
-16.755373
-16.850594
-14.620164
-10.129850
-0.967334
11.948510
25.923677
35.279148
37.825577
34.529217
27.823153
17.932762
4.950972
-7.771420
-18.368378
-26.490816
-28.851877
-29.952215
-30.329187
-29.180931
-25.793989
-20.143490
-11.060776
0.305603
12.329741
23.134491
30.892979
35.537670
35.876900
34.230610
28.782841
21.579535
