0.190699
0.190820
0.190943
0.191049
0.191130
0.191180
0.191280
0.191359
0.191460
0.191334
0.191243
0.191219
0.191184
0.191091
0.190963
0.190781
0.190613
0.190453
0.190235
0.190009
0.189707
0.189292
0.188871
0.188462
0.187769
0.187261
0.186825
0.186390
0.185942
0.185540
0.185104
0.184752
0.184338
0.183933
0.183532
0.183184
0.182813
0.182511
0.182136
0.181704
0.181258
0.180782
0.180341
0.179936
0.179528
0.179149
0.178774
0.178446
0.178185
0.177891
0.177539
0.177252
0.176986
0.176772
0.176513
0.176203
0.175899
0.175649
0.175391
0.175148
0.174892
0.174612
0.174349
0.174079
0.173802
0.173545
0.173288
0.173024
0.172826
0.172613
0.172443
0.172335
0.172198
0.172072
0.171925
0.171798
0.171664
0.171525
0.171382
0.171263
0.171135
0.171000
0.170873
0.170666
0.170465
0.170283
0.169995
0.169786
0.169620
0.169476
0.169330
0.169177
0.169032
0.168840
0.168676
0.168518
0.168374
0.168219
0.168049
0.167892
0.167719
