0.415574
0.417838
0.420128
0.422400
0.424654
0.426845
0.428793
0.430428
0.431676
0.432311
0.432493
0.432313
0.432083
0.431505
0.430757
0.429793
0.428672
0.427362
0.425941
0.424486
0.422959
0.421331
0.419524
0.417691
0.415799
0.413837
0.411771
0.409013
0.406679
0.404378
0.402076
0.399781
0.397744
0.395797
0.393764
0.391792
0.389768
0.387797
0.385779
0.383747
0.381680
0.379670
0.377649
0.375721
0.373948
0.372207
0.370494
0.368827
0.367151
0.365463
0.363713
0.361877
0.360133
0.358600
0.357342
0.356382
0.355727
0.355361
0.355472
0.355770
0.356227
0.356940
0.357762
0.358778
0.359874
0.361040
0.362402
0.363960
0.365629
0.367419
0.369415
0.371492
0.373696
0.376028
0.378443
0.380884
0.383278
0.385694
0.388089
0.390486
0.392880
0.395257
0.397612
0.399951
0.402270
0.404588
0.406983
0.409257
0.411737
0.414112
0.416456
0.418746
0.420990
0.423420
0.425814
0.428230
0.430618
0.432986
0.435349
0.437686
0.440059
