0.426171
0.428633
0.438829
0.455692
0.520655
0.566842
0.589706
0.624267
0.696889
0.705415
0.727922
0.735723
0.763144
0.752440
0.756533
0.750798
0.765832
0.787597
0.772055
0.769129
0.773129
0.757791
0.725555
0.743679
0.774830
0.734962
0.737695
0.726680
0.697961
0.561326
0.308222
0.154856
-0.058318
-0.223682
-0.477159
-0.747866
-1.059260
-1.392814
-1.594529
-1.805873
-1.970677
-2.130660
-2.240485
-2.420012
-2.519029
-2.602468
-2.598782
-2.664859
-2.607688
-2.544901
-2.545536
-2.521915
-2.503555
-2.384376
-2.366713
-2.293009
-2.322270
-2.251499
-2.162626
-2.090955
-1.991840
-1.900550
-1.798415
-1.671917
-1.533680
-1.484036
-1.370368
-1.225650
-0.903558
-0.725450
-0.641015
-0.401218
-0.395292
-0.367554
-0.339364
-0.327629
-0.318681
-0.296369
-0.286941
-0.264844
-0.290084
-0.181842
-0.123093
-0.170529
-0.075146
-0.007262
-0.130752
-0.071120
-0.068972
-0.041876
-0.100486
-0.102858
-0.101689
-0.062414
-0.068953
-0.030210
0.018354
0.043272
0.109458
0.171164
0.199895
