-0.313417
-0.318990
-0.355800
-0.504416
-0.675856
-0.791142
-0.978512
-1.096511
-1.111100
-1.258582
-1.250015
-1.347181
-1.448174
-1.489788
-1.502721
-1.516451
-1.516635
-1.617475
-1.555741
-1.584981
-1.598663
-1.573915
-1.503438
-1.547554
-1.528288
-1.544405
-1.477585
-1.484853
-1.390577
-1.461236
-1.330807
-1.372265
-1.287848
-1.261025
-1.267067
-1.279686
-1.415575
-1.300681
-1.317825
-1.312637
-1.137870
-1.041764
-0.999988
-0.977900
-0.964241
-0.951156
-0.925460
-0.955589
-0.954647
-0.878035
-0.723432
-0.387758
-0.226142
-0.050192
0.278422
0.507651
0.521926
0.751003
0.860958
0.834656
0.962343
0.945748
1.289354
1.570571
1.711079
1.906260
2.372152
2.764027
3.138976
3.306448
3.188362
3.193448
2.988359
2.832619
2.695749
2.596462
2.457489
2.322815
2.189621
2.081596
2.010885
1.870695
1.731480
1.590674
2.057911
2.208026
2.180040
2.138370
2.110010
2.145883
2.051355
1.944791
1.833535
1.689254
1.637719
1.568368
1.500410
1.451765
1.434573
1.469928
1.769436
