-0.165448
-0.160502
-0.172394
-0.192001
-0.205549
-0.253558
-0.300606
-0.353271
-0.459647
-0.583528
-0.661328
-0.699659
-0.801827
-0.791673
-0.885906
-0.977793
-1.010260
-1.091503
-1.148106
-1.203853
-1.338587
-1.426736
-1.539614
-1.692861
-1.903666
-2.099691
-1.787722
-1.826556
-1.913211
-1.994407
-2.021785
-2.139184
-1.863294
-1.718868
-1.655136
-1.529155
-1.365570
-1.362758
-1.207440
-0.972228
-0.791019
-0.453789
-0.196257
0.384333
0.700889
0.894029
0.992506
1.249977
1.385988
1.652693
1.805558
1.949959
2.279090
2.792333
3.273113
3.420974
3.502337
3.677613
4.035320
4.340081
4.502749
4.673431
4.877285
5.230173
5.613052
5.673212
5.673372
5.971855
5.990976
5.851000
5.778211
5.676759
5.732499
5.735417
5.574768
5.459520
5.399164
5.362839
5.348538
5.361182
5.268224
5.201965
5.292743
5.218143
5.280518
5.447628
5.394226
5.360960
5.247224
5.177229
5.114556
5.094216
5.168106
5.126545
5.063331
4.985049
4.792217
4.638814
4.520513
4.371888
4.187545
