-0.097394
-0.091421
-0.365889
-0.623706
-0.874765
-1.180010
-1.464503
-1.536438
-1.552839
-1.671383
-1.490544
-1.364067
-1.358433
-1.418742
-1.300118
-1.173261
-1.114024
-1.068716
-1.052443
-1.060416
-1.220245
-1.483569
-2.062900
-2.720179
-3.646035
-3.731486
-3.834434
-3.440341
-3.082514
-2.732338
-2.434726
-2.299155
-2.384402
-3.433773
-4.633854
-5.491632
-6.031185
-5.760224
-5.490838
-5.187496
-4.877334
-4.250892
-3.651022
-2.724596
-1.540406
0.073499
0.553112
0.586329
0.500876
0.552697
1.148939
1.634154
2.343570
2.388862
2.427920
3.256218
5.192057
6.633565
6.541687
6.200314
5.907042
5.446237
4.960807
3.326838
2.919722
2.669728
2.513898
2.355207
2.397922
2.048011
2.096170
1.955909
1.993939
1.900992
1.705528
1.787962
1.684666
1.625098
1.490570
1.443870
1.441955
1.565569
1.588532
1.747321
1.814522
2.249594
2.316817
2.371124
2.434704
2.501760
2.529416
2.521046
2.489852
2.358091
2.283323
2.280135
2.192050
2.231292
2.136687
2.024355
1.960159
