-0.033960
-0.033958
-0.033955
-0.033952
-0.033947
-0.033942
-0.033932
-0.033924
-0.033915
-0.033910
-0.033896
-0.033880
-0.033868
-0.033852
-0.033844
-0.033807
-0.033789
-0.033763
-0.033738
-0.033703
-0.033667
-0.033621
-0.033568
-0.033515
-0.033461
-0.033412
-0.033379
-0.033353
-0.033325
-0.033284
-0.033256
-0.033215
-0.033181
-0.033137
-0.033117
-0.033094
-0.033093
-0.033086
-0.033058
-0.033036
-0.033016
-0.032987
-0.032977
-0.032927
-0.032864
-0.032787
-0.032707
-0.032617
-0.032532
-0.032469
-0.032402
-0.032318
-0.032263
-0.032225
-0.032214
-0.032215
-0.032205
-0.032190
-0.032148
-0.032098
-0.032065
-0.032036
-0.032019
-0.032013
-0.032033
-0.032067
-0.032116
-0.032178
-0.032232
-0.032291
-0.032340
-0.032383
-0.032406
-0.032441
-0.032458
-0.032474
-0.032525
-0.032568
-0.032635
-0.032701
-0.032748
-0.032784
-0.032812
-0.032841
-0.032872
-0.032888
-0.032924
-0.032937
-0.032943
-0.032958
-0.032987
-0.033033
-0.033052
-0.033062
-0.033067
-0.033076
-0.033082
-0.033112
-0.033136
-0.033175
-0.033214
