-0.582729
-0.607027
-0.614998
-0.641678
-0.674551
-0.714777
-0.842616
-1.019519
-1.288076
-1.628980
-2.196836
-2.953466
-3.655356
-4.487695
-5.504231
-6.651156
-7.803458
-9.183530
-10.716639
-12.323852
-13.738454
-14.703773
-15.562162
-16.508839
-17.710823
-19.062904
-20.216475
-21.043230
-22.467131
-23.451267
-24.590576
-25.702250
-26.284267
-26.648134
-26.620218
-26.497660
-26.120808
-25.611506
-25.138464
-24.675186
-24.427872
-24.324932
-23.915928
-23.194424
-22.500214
-21.870335
-20.484612
-17.301685
-13.535735
-9.623647
-5.453214
-1.202546
3.073035
7.174837
9.833266
10.821575
11.526766
12.562276
13.030756
13.652841
14.211833
14.450994
15.016619
15.481288
16.275995
17.232643
17.778179
17.519482
16.791748
15.816108
14.897599
14.537522
14.416656
14.791529
14.952591
15.228105
15.790546
15.791862
15.937751
16.157402
16.638700
17.146313
17.436071
17.449600
17.702192
17.702068
17.208887
17.057920
16.998953
17.048515
17.034367
16.862692
16.889582
17.114876
17.413942
17.638088
17.897572
17.906107
17.737247
17.598007
17.481562
