3.042163
2.564361
2.307326
2.316358
2.903011
3.741376
4.961418
6.369680
8.164403
9.864865
11.132524
12.017458
14.822858
18.019539
19.930079
21.322050
21.243618
21.607164
21.689180
22.933659
24.766188
28.052896
28.684578
28.041151
27.461193
28.020353
29.538055
31.725628
34.237381
39.281452
41.738457
44.309380
45.433586
47.871597
48.597679
49.558506
49.140965
48.699177
49.703281
49.633480
49.393513
48.506176
47.975449
46.789284
46.107792
46.000801
45.272350
44.766090
45.176006
44.970047
44.961346
44.250256
44.040268
43.934898
43.092361
42.215569
40.907066
39.316673
37.361385
35.330879
33.311424
31.157030
28.676252
26.362267
25.013563
24.073759
23.886530
22.778431
22.769907
22.159063
19.746309
20.278925
20.662960
20.759323
20.169823
19.091930
19.470818
18.844053
18.445208
17.556044
16.704943
16.081566
15.581266
14.698841
14.163441
13.159984
12.114861
11.125988
9.946011
9.377906
8.505140
9.696456
8.576945
8.139798
7.373064
6.551107
5.372176
5.194311
5.193722
4.860533
4.361812
