1.603543
1.834577
2.066890
2.354075
2.719421
3.033157
3.574501
4.361108
4.477509
4.967263
5.682463
6.137943
7.388134
7.318838
7.777965
8.497355
9.733214
10.363763
11.086755
11.273244
12.094826
12.938755
13.089318
13.199347
12.546238
12.087952
11.733430
11.221226
10.960729
10.625625
9.188145
8.705015
7.729077
6.862769
7.282794
7.218902
7.661096
7.320932
6.320047
5.970144
5.807343
5.294944
5.016264
4.717296
4.264173
4.038259
4.821651
4.567364
4.252336
4.020096
3.731829
3.573025
3.453595
3.162234
2.938881
2.747490
2.384699
2.100701
1.939667
1.481363
1.286976
1.683486
1.867301
1.416002
1.808379
1.660547
1.511562
1.354234
1.343299
1.340016
1.466955
1.512316
1.504208
1.488450
1.530300
1.280807
1.272852
0.891848
1.393953
0.883087
0.684958
1.056106
1.240453
1.223346
0.901434
0.839362
0.924926
1.027549
0.958888
1.026863
1.065467
1.080068
1.078304
1.071809
1.143233
1.155406
1.195782
1.294962
1.329356
1.321310
1.206535
