-1.344567
-1.441501
-1.495139
-1.637949
-1.633780
-2.208501
-3.302355
-4.587183
-5.564404
-7.047459
-9.144648
-11.611072
-14.026310
-16.132586
-18.556637
-21.063187
-23.005623
-23.521521
-22.890368
-23.264471
-24.083813
-24.602079
-25.109766
-26.491209
-27.454237
-29.564306
-31.643755
-32.352119
-32.373192
-32.454090
-31.295227
-28.976601
-27.477169
-23.809883
-20.858959
-16.896362
-14.650867
-12.542018
-10.982829
-9.188498
-7.627557
-6.856324
-7.137535
-7.020732
-6.491539
-6.099126
-5.754470
-5.126986
-4.548726
-3.567779
-2.589745
-1.026631
0.355213
1.792938
2.834440
3.640036
4.567666
7.043735
8.529965
10.211593
11.869714
13.064198
13.079081
13.558079
13.972673
14.251121
14.827144
15.283246
15.485695
15.756263
16.397493
16.950338
16.244303
16.248573
16.099474
16.188467
16.474754
16.851171
17.569338
17.823891
17.744181
18.027411
18.084803
18.213968
18.154932
18.009071
17.770844
17.700161
17.651926
17.608047
17.467018
17.097368
16.639338
16.147747
15.897922
15.716784
15.551779
15.781581
15.851552
16.006649
16.142233
