-0.030963
-0.030968
-0.030969
-0.030970
-0.030978
-0.030985
-0.030987
-0.030995
-0.031005
-0.031020
-0.031038
-0.031059
-0.031082
-0.031099
-0.031124
-0.031156
-0.031191
-0.031228
-0.031265
-0.031305
-0.031350
-0.031389
-0.031426
-0.031461
-0.031493
-0.031533
-0.031585
-0.031647
-0.031685
-0.031700
-0.031727
-0.031743
-0.031771
-0.031800
-0.031831
-0.031859
-0.031889
-0.031917
-0.031949
-0.031971
-0.031991
-0.032021
-0.032053
-0.032088
-0.032128
-0.032165
-0.032197
-0.032235
-0.032282
-0.032336
-0.032396
-0.032467
-0.032540
-0.032619
-0.032714
-0.032781
-0.032834
-0.032867
-0.032884
-0.032883
-0.032877
-0.032878
-0.032871
-0.032860
-0.032841
-0.032840
-0.032845
-0.032840
-0.032841
-0.032838
-0.032842
-0.032843
-0.032841
-0.032844
-0.032853
-0.032867
-0.032917
-0.032951
-0.032978
-0.033015
-0.033053
-0.033083
-0.033131
-0.033160
-0.033188
-0.033205
-0.033242
-0.033275
-0.033305
-0.033340
-0.033390
-0.033419
-0.033453
-0.033479
-0.033503
-0.033537
-0.033561
-0.033600
-0.033637
-0.033666
-0.033696
