0.943983
0.943986
0.943990
0.943994
0.944001
0.944007
0.944013
0.944020
0.944030
0.944041
0.944049
0.944044
0.944062
0.944076
0.944083
0.944089
0.944069
0.944047
0.944003
0.943942
0.943857
0.943746
0.943615
0.943455
0.943270
0.943050
0.942803
0.942522
0.942211
0.941873
0.941505
0.941105
0.940670
0.940212
0.939709
0.939149
0.938556
0.937929
0.937269
0.936567
0.935808
0.935010
0.934169
0.933281
0.932351
0.931383
0.930372
0.929298
0.928185
0.927027
0.925843
0.924614
0.923347
0.922048
0.920701
0.919330
0.917929
0.916490
0.915007
0.913498
0.911944
0.910354
0.908738
0.907082
0.905403
0.903687
0.901939
0.900182
0.898434
0.896631
0.894880
0.893136
0.891413
0.889735
0.888084
0.886417
0.884800
0.883225
0.881675
0.880124
0.878595
0.877114
0.875674
0.874263
0.872899
0.871563
0.870275
0.869032
0.867831
0.866657
0.865513
0.864397
0.863335
0.862324
0.861342
0.860447
0.859590
0.858801
0.858061
0.857391
0.856810
