2.093235
2.083363
2.074212
2.064335
2.051255
2.028784
1.997106
1.943455
1.855050
1.716924
1.643713
1.669119
1.651629
1.635995
1.569417
1.535309
1.637422
1.702070
1.637540
1.617633
1.587009
1.591259
1.570156
1.543318
1.532822
1.521672
1.554759
1.507060
1.609791
1.664346
1.530839
1.427279
1.706505
1.667589
1.587850
1.558537
1.508824
1.443897
1.370024
1.343262
1.277714
0.734171
0.479127
0.244248
0.011041
-0.159159
-0.331844
-0.596806
-1.116856
-1.186039
-1.286303
-1.338688
-1.377917
-1.300538
-1.252996
-1.194581
-1.123642
-0.932037
-0.555970
-0.196666
0.238190
0.854307
1.608059
2.476697
2.780884
2.963592
3.118842
3.536428
4.030406
4.252564
4.490404
4.573362
4.559436
4.530210
4.587158
4.981287
4.953673
4.931726
5.607018
5.666215
5.563138
5.547406
5.392875
5.206529
5.000200
4.515150
4.219867
4.137228
5.087363
4.975552
4.853168
4.623989
4.398492
3.759421
4.111246
3.929151
4.058702
4.369277
4.522975
4.583458
4.829679
