0.937606
0.937600
0.937589
0.937580
0.937572
0.937565
0.937559
0.937552
0.937547
0.937540
0.937535
0.937533
0.937531
0.937545
0.937546
0.937555
0.937553
0.937556
0.937561
0.937549
0.937532
0.937498
0.937454
0.937393
0.937306
0.937189
0.937065
0.936919
0.936748
0.936548
0.936319
0.936055
0.935769
0.935448
0.935108
0.934725
0.934305
0.933832
0.933285
0.932641
0.931954
0.931169
0.930315
0.929395
0.928407
0.927336
0.926218
0.925024
0.923765
0.922449
0.921084
0.919667
0.918206
0.916717
0.915209
0.913670
0.912122
0.910566
0.908993
0.907421
0.905858
0.904279
0.902708
0.901132
0.899603
0.898093
0.896613
0.895195
0.893824
0.892514
0.891279
0.890064
0.888915
0.887811
0.886732
0.885727
0.884761
0.883827
0.882956
0.882135
0.881345
0.880603
0.879923
0.879250
0.878622
0.878049
0.877499
0.876989
0.876502
0.876056
0.875628
0.875254
0.874905
0.874575
0.874274
0.874003
0.873755
0.873535
0.873350
0.873176
0.873007
