-1.134550
-1.011330
-0.965275
-0.638160
0.369987
-1.252455
-3.109882
-4.273703
-4.962352
-5.749148
-6.137306
-6.758443
-7.064853
-8.512355
-10.011988
-11.559841
-13.140822
-14.093670
-14.848557
-15.234764
-15.972170
-16.635563
-17.077421
-17.732708
-17.735334
-18.427147
-18.780643
-19.418762
-19.397789
-19.566908
-19.840345
-19.757793
-19.750778
-19.856144
-20.017233
-19.859535
-19.435301
-18.747320
-17.724230
-16.890448
-15.692631
-13.521043
-10.664522
-7.119895
-1.864856
2.369687
6.832769
9.630901
11.692469
12.920714
13.507602
14.848463
16.543957
18.786327
19.834864
19.630480
19.068266
19.423662
20.614166
19.152292
20.227673
20.536427
22.155319
21.325045
21.243971
20.283958
19.666735
19.259970
19.032156
13.267753
10.413726
9.419680
10.778184
10.364604
8.934865
9.396659
9.202273
9.381863
10.064855
11.738152
11.907096
11.018575
11.616327
11.246537
11.042006
10.923619
10.725297
10.251301
10.237695
10.178811
9.957261
9.850277
9.471340
9.325873
9.186619
9.063438
8.878578
8.629047
8.305925
8.075821
7.693446
