0.743718
0.743728
0.743744
0.743763
0.743785
0.743810
0.743846
0.743875
0.743892
0.743901
0.743921
0.743942
0.743970
0.743978
0.743989
0.744018
0.743958
0.743927
0.743875
0.743760
0.743545
0.743230
0.742848
0.742455
0.741956
0.741333
0.740586
0.739729
0.738635
0.737360
0.735829
0.734102
0.732126
0.729900
0.727289
0.724401
0.721226
0.717760
0.714080
0.710030
0.705715
0.701130
0.696266
0.691254
0.685895
0.679889
0.673680
0.667252
0.660583
0.653740
0.646655
0.639413
0.631940
0.624339
0.616597
0.608691
0.600728
0.592562
0.584202
0.575672
0.567001
0.558187
0.549288
0.540223
0.531035
0.521680
0.512166
0.502569
0.492944
0.483340
0.473645
0.463821
0.454128
0.444486
0.434875
0.425322
0.415857
0.406175
0.396463
0.386551
0.376777
0.366868
0.357239
0.347729
0.338190
0.328725
0.319549
0.310433
0.301886
0.293261
0.285046
0.277377
0.270037
0.263342
0.256921
0.250734
0.245453
0.240986
0.237086
0.233658
0.230787
