0.118240
0.118003
0.117528
0.117187
0.116595
0.116298
0.116164
0.116347
0.115965
0.115304
0.115211
0.114805
0.115459
0.115162
0.114249
0.113726
0.113243
0.111120
0.109378
0.107328
0.105400
0.104008
0.103226
0.102330
0.099315
0.097643
0.095436
0.095590
0.095623
0.096248
0.096504
0.096271
0.096371
0.095998
0.095955
0.095103
0.094941
0.095029
0.095631
0.096072
0.096973
0.098144
0.099025
0.099957
0.100919
0.101293
0.102198
0.102171
0.102081
0.102704
0.102537
0.101303
0.100724
0.099668
0.098254
0.096548
0.097955
0.097965
0.097734
0.100102
0.096989
0.094004
0.091777
0.089233
0.087676
0.086458
0.085975
0.086112
0.086655
0.085789
0.085318
0.082929
0.081802
0.081064
0.081686
0.081916
0.081390
0.081470
0.081200
0.080841
0.080394
0.080209
0.080123
0.080389
0.080680
0.079174
0.077378
0.075746
0.074708
0.074140
0.073253
0.071844
0.070685
0.074719
0.076662
0.077361
0.078041
0.078880
0.079639
0.079253
0.079668
