0.183913
0.183913
0.183913
0.183913
0.183913
0.183913
0.183913
0.183913
0.183913
0.183913
0.183913
0.183913
0.183913
0.183913
0.183913
0.183913
0.183913
0.183913
0.183913
0.183913
0.183913
0.183913
0.183913
0.183913
0.183913
0.183913
0.183913
0.183913
0.183913
0.183913
0.183913
0.183913
0.183913
0.183913
0.183913
0.183913
0.183913
0.183913
0.183913
0.183913
0.183913
0.183913
0.183913
0.183913
0.183913
0.183913
0.183913
0.183913
0.183913
0.183913
0.183913
0.183913
0.183913
0.183913
0.183913
0.183913
0.183913
0.183913
0.183913
0.183913
0.183913
0.183913
0.183913
0.183913
0.183913
0.183913
0.183913
0.183913
0.183913
0.183913
0.183913
0.183913
0.183913
0.183913
0.183913
0.183913
0.183913
0.183913
0.183913
0.183913
0.183913
0.183913
0.183913
0.183913
0.183913
0.183913
0.183913
0.183913
0.183913
0.183913
0.183913
0.183913
0.183914
0.183913
0.183914
0.183914
0.183914
0.183913
0.183913
0.183913
0.183913
