2.082649
2.082562
2.104911
2.196126
2.354663
2.409449
2.505941
2.584933
2.737694
2.825037
2.875230
3.042700
2.959407
2.949673
2.950534
3.001538
3.245753
3.319291
3.370592
3.391936
3.392545
3.514446
3.616701
3.744691
3.810792
3.813231
3.748565
3.703490
3.703982
3.969765
3.979584
3.773000
3.824891
3.789560
3.630700
3.517365
3.464333
3.395454
3.390780
3.408846
3.371812
3.381458
3.354592
3.254546
3.022017
2.893675
2.751566
2.617336
2.520490
2.416503
2.316858
2.225592
2.076575
1.807187
1.557377
1.377819
1.180542
0.929766
0.744744
0.712208
0.576668
0.568402
0.560742
0.819404
0.939970
1.013808
0.798250
0.354628
0.266904
0.089983
0.209652
0.333593
0.289289
0.058076
0.129130
0.141254
0.133320
0.336090
0.261478
0.200173
0.220142
0.440919
0.573784
0.838524
0.831917
0.751377
0.844853
1.007104
1.130840
1.236150
1.129503
1.066315
1.137530
1.258679
1.364613
1.421848
1.416811
1.422724
1.430304
1.425454
1.463434
