0.341300
0.341250
0.341617
0.342305
0.343344
0.344321
0.345335
0.346330
0.347394
0.348355
0.349267
0.350117
0.350850
0.351448
0.351986
0.352441
0.352638
0.352840
0.352924
0.352865
0.352704
0.352355
0.351894
0.351400
0.350926
0.350698
0.350606
0.350708
0.350855
0.351138
0.351553
0.352015
0.352663
0.353489
0.354391
0.355414
0.356487
0.357620
0.358823
0.359983
0.361216
0.362416
0.363666
0.364854
0.366108
0.367305
0.368527
0.369736
0.370905
0.372079
0.373243
0.374329
0.375405
0.376456
0.377455
0.378454
0.379428
0.380314
0.381151
0.381939
0.382680
0.383338
0.383912
0.384440
0.384868
0.385226
0.385474
0.385705
0.385791
0.385848
0.385846
0.385797
0.385756
0.385725
0.385687
0.385636
0.385609
0.385462
0.385320
0.385196
0.385059
0.384929
0.384801
0.384678
0.384549
0.384410
0.384280
0.384153
0.384024
0.383894
0.383776
0.383614
0.383493
0.383356
0.383226
0.383103
0.382979
0.382858
0.382741
0.382624
0.382501
