1.853050
1.838009
1.822851
1.830338
1.830840
1.826408
1.720646
1.650741
1.556689
1.447761
1.308030
1.178065
1.031496
0.943358
0.835462
0.773398
0.607934
0.381281
0.073036
-0.194745
-0.464889
-0.692495
-0.899471
-0.793876
-0.486949
0.237761
0.336751
0.674069
0.583108
0.705695
0.899024
0.746299
0.611432
0.443412
0.421328
1.070595
0.995921
1.182586
1.087626
1.063067
1.134313
1.326462
1.234624
0.833840
0.449402
0.007549
-0.425621
-0.859890
-1.429807
-2.776293
-3.837718
-5.329827
-6.677338
-7.556406
-7.545908
-8.255235
-8.398232
-8.610585
-8.071642
-7.989336
-5.722712
-4.286811
-2.333081
4.712837
17.896378
21.347639
18.500214
18.612631
15.116740
12.309654
9.581279
8.079527
7.239937
6.760562
7.537652
7.055715
7.424593
6.178334
6.883812
7.652346
8.728349
10.081292
10.813989
12.596601
13.200948
12.404484
11.388628
10.432260
9.124514
8.136594
7.957178
7.405066
6.812844
6.392626
5.379068
4.151987
5.219941
5.479204
5.851776
5.650447
5.411018
