0.948726
0.948723
0.948726
0.948729
0.948734
0.948738
0.948742
0.948745
0.948742
0.948737
0.948732
0.948738
0.948746
0.948753
0.948751
0.948756
0.948752
0.948746
0.948723
0.948701
0.948682
0.948643
0.948585
0.948519
0.948438
0.948332
0.948233
0.948118
0.947979
0.947813
0.947645
0.947461
0.947252
0.947030
0.946792
0.946536
0.946270
0.945993
0.945699
0.945383
0.945044
0.944677
0.944293
0.943882
0.943457
0.943023
0.942565
0.942081
0.941571
0.941035
0.940483
0.939900
0.939317
0.938717
0.938087
0.937448
0.936781
0.936102
0.935419
0.934735
0.934050
0.933357
0.932659
0.931956
0.931260
0.930569
0.929888
0.929205
0.928530
0.927872
0.927229
0.926593
0.925959
0.925350
0.924757
0.924178
0.923623
0.923076
0.922551
0.922045
0.921555
0.921094
0.920644
0.920235
0.919838
0.919471
0.919127
0.918821
0.918540
0.918285
0.918041
0.917817
0.917608
0.917420
0.917262
0.917135
0.917009
0.916936
0.916897
0.916846
0.916814
