1.425785
1.425146
1.440072
1.462711
1.492643
1.534469
1.600859
1.657561
1.034913
0.752248
0.547575
-0.160403
-0.871509
-1.801671
-2.160394
-2.718213
-2.226987
-1.690318
-1.443319
-1.303487
-0.946839
-1.438845
-1.002844
-0.882190
-0.302240
0.706033
0.756313
0.734015
0.663925
0.453329
0.121145
-0.130930
-0.242573
-0.092522
0.688971
0.796785
1.070971
1.108546
0.978023
1.131025
1.559691
1.720459
1.935642
2.276087
2.379271
2.542100
2.543221
3.082922
3.614277
4.643143
4.157927
4.068189
3.969075
3.484215
3.518232
3.374951
3.265121
3.348276
3.260406
3.094473
3.214109
3.047175
2.838759
2.598236
2.614790
2.551129
2.351046
2.508620
2.635389
2.002283
1.161817
0.452499
0.759946
0.234150
0.364436
0.394775
0.564885
0.504558
0.543840
0.531324
0.330931
0.442241
0.569458
1.027766
1.472739
2.023823
2.360262
2.526667
2.628433
2.884157
2.889966
2.980478
4.066367
5.392992
7.956789
7.406756
6.909200
6.734678
6.676953
6.873979
6.753540
