-0.425591
-0.416589
-0.406606
-0.420971
-0.457999
-0.517337
-0.604158
-0.737214
-0.906290
-1.150102
-1.490278
-1.945438
-2.575427
-3.309844
-4.023585
-4.545616
-4.746871
-5.403081
-6.115160
-7.022185
-7.710721
-8.226967
-8.826781
-9.228792
-9.483728
-9.559177
-9.694437
-9.866253
-9.969441
-10.073275
-10.401225
-10.910827
-11.209580
-11.350320
-11.307756
-11.116969
-11.139898
-11.351638
-11.481754
-11.465864
-11.504846
-11.326390
-10.962575
-10.567820
-10.408718
-10.364096
-10.411927
-9.874370
-9.147675
-8.535125
-7.712399
-7.116022
-6.388136
-5.552070
-4.675087
-3.592573
-2.559283
-1.514546
-0.378608
0.805900
1.970248
2.963617
4.010049
5.026200
5.850023
6.141046
6.497134
6.926004
7.577384
8.023229
8.360877
8.673172
9.099881
9.615125
9.965156
10.396205
10.914702
11.428249
11.737408
11.934355
12.100820
12.112195
12.145509
12.160273
12.431199
12.550663
12.764464
13.573085
14.255940
14.154572
13.961589
13.130177
12.514628
11.972035
11.426069
10.992253
10.590035
10.244840
9.937173
9.601529
9.259306
