0.280112
0.274373
0.275729
0.275989
0.282110
0.300443
0.312418
0.331484
0.362938
0.416978
0.507918
0.663503
0.882828
1.090455
1.179594
1.348248
1.565833
1.939779
2.740283
3.137380
2.864629
2.556230
2.327707
2.400910
2.554254
2.652448
2.630978
2.459057
2.423640
2.347324
2.398362
2.318907
2.428763
2.751193
2.918592
2.933760
2.864886
2.762525
2.527968
2.493403
2.645270
2.853856
3.199429
4.000807
5.004190
6.415099
7.721037
8.949157
9.849142
10.229546
9.947728
10.224042
9.537150
8.489259
7.679045
6.912234
6.053226
5.287210
3.988293
3.013334
1.813352
0.835128
0.119655
-0.582277
0.049870
0.109455
0.185850
-0.028995
-0.079026
0.037800
0.533008
1.098411
1.613991
2.279122
2.090710
2.796736
2.933715
2.532115
2.285137
1.990857
1.783013
1.873846
2.137375
3.076646
4.350483
5.131429
6.254931
6.510499
6.727749
6.516596
6.398937
5.573380
5.274007
5.022402
5.124908
4.928005
4.702297
4.461207
4.098391
3.936749
3.901436
