0.819010
0.819027
0.819036
0.819044
0.819063
0.819102
0.819155
0.819198
0.819231
0.819228
0.819232
0.819244
0.819275
0.819283
0.819220
0.819087
0.818793
0.818380
0.817745
0.816954
0.815984
0.814778
0.813291
0.811481
0.809327
0.806682
0.803848
0.800909
0.797874
0.794762
0.791578
0.788340
0.785025
0.781559
0.777918
0.774058
0.770051
0.765924
0.761705
0.757474
0.753118
0.748598
0.743758
0.738649
0.733237
0.727592
0.721672
0.715448
0.708887
0.702144
0.695244
0.688184
0.680939
0.673617
0.665999
0.658247
0.650379
0.642323
0.634055
0.625539
0.616845
0.607977
0.598945
0.589643
0.580217
0.570604
0.560904
0.551098
0.541208
0.531242
0.521333
0.511411
0.501501
0.491483
0.481564
0.471471
0.461220
0.451114
0.441005
0.431199
0.421625
0.412449
0.403452
0.395009
0.387813
0.380802
0.374195
0.367542
0.360988
0.354726
0.348822
0.343098
0.337769
0.333169
0.328446
0.324367
0.321000
0.318027
0.315611
0.313433
0.311970
