0.120416
0.120296
0.120190
0.120100
0.119945
0.119749
0.119609
0.119489
0.119365
0.119196
0.119036
0.118929
0.118811
0.118686
0.118572
0.118443
0.118313
0.118170
0.118027
0.117872
0.117698
0.117566
0.117389
0.117241
0.117077
0.116889
0.116691
0.116457
0.116244
0.116007
0.115784
0.115550
0.115328
0.115094
0.114852
0.114578
0.114292
0.114028
0.113782
0.113621
0.113408
0.113214
0.112996
0.112767
0.112567
0.112374
0.112214
0.112086
0.111956
0.111843
0.111713
0.111563
0.111449
0.111327
0.111197
0.111065
0.110961
0.110906
0.110913
0.110890
0.110857
0.110739
0.110578
0.110419
0.110230
0.110030
0.109825
0.109644
0.109608
0.109494
0.109360
0.109262
0.109160
0.109083
0.109001
0.108918
0.108845
0.108783
0.108679
0.108614
0.108555
0.108467
0.108366
0.108308
0.108251
0.108175
0.108095
0.108053
0.107952
0.107945
0.107919
0.107914
0.107902
0.107883
0.107852
0.107843
0.107847
0.107819
0.107812
0.107816
0.107792
