0.923212
0.923259
0.923296
0.923330
0.923359
0.923369
0.923402
0.923440
0.923464
0.923499
0.923545
0.923599
0.923657
0.923710
0.923818
0.924129
0.924950
0.925919
0.927298
0.927951
0.926844
0.924141
0.921097
0.917872
0.914521
0.911125
0.907648
0.904282
0.901753
0.901105
0.902492
0.904489
0.905059
0.905254
0.905545
0.905579
0.905768
0.905911
0.906031
0.906143
0.906258
0.906440
0.906599
0.906710
0.906872
0.907020
0.907160
0.907343
0.907534
0.907720
0.907889
0.907906
0.908100
0.908255
0.908408
0.908496
0.908698
0.908826
0.909020
0.909137
0.909295
0.909426
0.909560
0.909726
0.909871
0.909970
0.910134
0.910292
0.910427
0.910551
0.910699
0.910865
0.911029
0.911183
0.911335
0.911460
0.911621
0.911738
0.911873
0.912032
0.912135
0.912263
0.912407
0.912540
0.912710
0.912855
0.912989
0.913181
0.913344
0.913459
0.913591
0.913734
0.913878
0.914025
0.914159
0.914292
0.914400
0.914533
0.914673
0.914810
0.914937
