-0.171431
-0.171529
-0.171645
-0.171773
-0.171883
-0.171932
-0.171799
-0.171655
-0.171551
-0.171874
-0.171527
-0.171834
-0.171858
-0.171885
-0.171903
-0.171764
-0.171616
-0.171440
-0.171350
-0.171245
-0.171212
-0.171140
-0.171351
-0.172257
-0.172433
-0.172351
-0.172113
-0.171908
-0.171768
-0.171767
-0.171669
-0.171595
-0.171464
-0.171331
-0.171237
-0.171150
-0.170987
-0.170807
-0.170640
-0.170490
-0.170354
-0.170188
-0.170058
-0.169925
-0.169752
-0.169628
-0.169507
-0.169382
-0.169279
-0.169166
-0.169051
-0.168923
-0.168787
-0.168680
-0.168575
-0.168463
-0.168367
-0.168259
-0.168130
-0.168028
-0.167931
-0.167814
-0.167698
-0.167590
-0.167494
-0.167399
-0.167285
-0.167182
-0.167077
-0.166970
-0.166851
-0.166753
-0.166653
-0.166554
-0.166442
-0.166319
-0.166208
-0.166109
-0.165979
-0.165854
-0.165767
-0.165648
-0.165511
-0.165399
-0.165303
-0.165172
-0.165068
-0.164960
-0.164853
-0.164715
-0.164589
-0.164495
-0.164383
-0.164264
-0.164154
-0.164029
-0.163919
-0.163809
-0.163679
-0.163576
-0.163470
