-3.011290
-3.196151
-3.399322
-3.747134
-4.369380
-5.757033
-10.001579
-24.843985
-68.263908
-168.344009
-233.638077
-195.959839
-135.120483
-90.480133
-54.954357
-30.363703
-8.970446
12.045772
52.428020
122.791100
242.014557
245.996994
205.910858
151.408340
102.500549
60.856049
36.286480
20.784599
11.442984
7.584783
5.882313
5.089347
5.214912
4.023501
3.534683
3.369362
2.819816
2.540992
2.357774
1.698466
1.484860
1.178865
1.104651
1.316550
1.350811
1.531269
1.331910
1.428986
1.251116
1.118854
1.063647
1.086245
0.943027
0.960796
0.869946
0.753292
0.798930
0.787424
0.690578
0.623467
0.672078
0.672049
0.672023
0.648750
0.590929
0.565035
0.534276
0.534795
0.506779
0.520106
0.455184
0.436990
0.408522
0.388821
0.391759
0.347202
0.307813
0.326620
0.294051
0.241188
0.246234
0.288183
0.235690
0.224704
0.248726
0.200674
0.187886
0.187768
0.196520
0.180262
0.184611
0.162211
0.137793
0.115519
0.134652
0.103539
0.137309
0.113024
0.065698
0.104071
0.087217
