0.098980
0.399240
0.773903
1.114204
1.382871
1.525353
1.466044
1.497561
2.106772
4.462902
10.647162
23.438972
7.087136
30.408386
-0.401054
-12.272623
-3.942939
-12.685284
-8.636002
-9.389408
-7.980266
-7.241952
-6.485081
-7.853621
0.928826
28.347839
-15.401684
-34.635803
-66.121704
-58.955750
-49.082561
-27.955996
-21.399012
-15.961104
-11.357743
-9.651458
-7.855206
-8.044852
-11.601274
-9.920450
-8.244040
-7.115553
-5.239639
-4.969734
-4.513444
-4.470639
-4.798675
-3.621537
-3.369981
-2.252069
-1.465111
-1.178715
-0.941110
-0.531251
-0.373586
0.251188
0.123496
0.252476
0.461707
0.505723
0.691396
1.006343
1.088925
1.030830
1.304137
1.323825
1.510736
1.426371
1.333354
1.410702
1.398442
1.478509
1.550143
1.733212
1.791989
2.034442
1.992965
1.991255
2.065070
2.060548
2.053999
2.144052
2.141492
2.086549
2.012936
2.059889
2.047852
2.048762
2.065359
2.107873
2.097409
2.124356
2.070509
2.083201
2.072463
2.055437
2.081118
2.097455
2.151879
2.174084
2.225570
