2.210173
2.369067
2.498892
2.595903
2.616005
2.621399
2.604733
2.758012
2.701259
2.668437
2.689090
2.799653
2.929847
3.072231
3.304453
3.479596
3.752024
3.443437
3.516932
3.622462
3.864076
3.976880
4.191512
4.404023
4.550019
4.391965
4.458636
4.383597
4.258012
4.531936
4.762038
4.868902
5.113799
4.912276
5.197289
5.724025
5.899753
5.959783
6.583637
6.669391
6.699199
6.699905
7.115485
7.211737
7.190996
7.155352
7.103718
6.823689
6.808051
6.842951
6.804978
6.586647
6.574360
6.495524
6.520634
6.580888
6.438805
6.325885
6.194501
6.149864
6.092189
6.048584
5.968630
5.896373
5.903559
5.941054
5.845827
5.672945
5.455250
5.251285
5.271291
5.192471
5.112794
4.870156
4.598186
4.170294
3.421644
2.989468
2.207960
1.999682
1.681311
1.136970
1.046367
1.176512
1.250952
1.255910
1.263494
1.649129
2.193279
2.530076
3.047219
3.200721
3.813629
4.259570
5.359348
5.751691
6.080172
5.723361
4.695682
5.421508
6.205358
