0.608471
0.651747
0.563451
0.744761
0.729749
0.701470
0.690586
0.632175
0.495902
0.289024
0.240677
0.146527
-0.081305
-0.651745
-0.925927
-1.298866
-1.446583
-1.525350
-1.583234
-1.880574
-2.166441
-2.302819
-2.500187
-2.739680
-3.523926
-3.817693
-3.806126
-4.279600
-4.892049
-5.660619
-6.486478
-7.254021
-7.661180
-7.847621
-7.431821
-7.551027
-7.797877
-7.976296
-8.134304
-8.418611
-8.665793
-8.822507
-8.703615
-8.876506
-9.154413
-9.489055
-9.669275
-9.978000
-9.755013
-9.650891
-9.038669
-8.404198
-7.657053
-6.915273
-6.425417
-6.051940
-5.815345
-5.693397
-5.493258
-5.214540
-4.891361
-4.451619
-4.047321
-3.826122
-3.685272
-3.665331
-3.742327
-3.636797
-3.566301
-3.574392
-3.437722
-3.300898
-3.195823
-2.818271
-2.214411
-0.849472
0.424852
1.865108
3.320033
4.482885
5.938766
6.336960
6.170000
7.906946
10.474177
12.390115
12.973723
12.756977
12.640158
13.215366
14.193583
14.402372
14.347514
14.159081
13.687326
13.652727
13.409533
13.221360
12.600881
12.817996
12.522799
