4.654299
4.932432
5.303234
5.774802
6.252074
6.682603
7.021868
6.413917
5.742542
4.593787
2.957481
0.458190
-2.954018
-5.403529
-6.246667
-7.078195
-8.750483
-8.082508
-7.770120
-10.053889
-8.282418
-7.087957
-5.746801
-6.514936
-4.979757
-6.398266
-4.926064
-5.382908
-4.835057
-4.827084
-3.986050
-3.415523
-2.983811
-3.416271
-2.747435
-2.201816
-0.157730
0.772999
5.240247
7.400090
10.170926
10.690884
10.796070
12.013466
13.810051
14.049518
15.063466
14.956268
15.807757
15.298506
15.047105
14.274887
13.858169
13.557399
13.218479
12.666466
11.889115
11.013286
9.715698
9.850419
9.495783
8.787675
8.078384
7.088931
5.781007
4.701931
4.109365
3.053747
2.563363
2.494334
1.667983
1.617549
1.730019
2.094523
2.116055
2.439193
2.629352
2.192921
1.962956
1.125095
0.695886
0.020913
-0.844551
-1.702881
-2.892565
-4.388143
-6.089933
-7.719969
-9.036319
-10.150297
-9.769069
-9.447318
-9.671187
-9.550687
-10.247753
-10.363936
-10.315755
-9.921788
-9.756563
-8.833379
-8.305737
