2.876283
2.855996
2.801625
2.687349
2.433788
2.126815
1.730377
1.337987
0.891378
0.529982
0.007775
-0.277185
-0.479543
-0.859354
-3.484053
-3.096407
-3.062009
-2.944559
-3.011273
-3.066735
-3.213418
-3.746402
-3.667929
-3.375829
-3.568469
-3.926827
-4.414825
-5.094066
-4.986718
-4.714371
-4.995689
-4.509110
-4.540043
-4.311514
-4.383984
-4.111567
-3.847160
-3.505371
-3.316570
-3.284718
-2.999136
-2.969135
-3.798214
-4.049419
-3.685107
-3.254152
-2.782773
-2.417341
-2.186521
-1.869240
-1.818299
-1.690980
-0.947233
-0.410284
0.206353
0.887294
1.972896
1.787430
1.957136
1.784739
1.820948
1.603417
1.552876
1.601941
1.908118
1.799521
1.828143
1.889190
1.972688
2.124528
2.202081
2.233510
2.112753
2.083731
2.075451
2.072907
2.238539
2.263912
2.273215
2.224403
2.248140
2.198231
2.217508
2.252287
2.099312
1.981711
1.795910
1.689030
1.702725
1.379527
1.269697
1.141498
0.888240
0.513242
0.324179
0.089330
-0.817462
-1.226059
-1.025798
-0.893240
-0.560992
