0.302302
0.302260
0.302329
0.302582
0.303056
0.303765
0.304709
0.305654
0.306682
0.307765
0.308932
0.310063
0.311310
0.312378
0.313480
0.314472
0.315388
0.316153
0.316672
0.316983
0.316957
0.316779
0.316407
0.315698
0.314918
0.314515
0.314554
0.314920
0.315610
0.316451
0.317429
0.318371
0.319588
0.321038
0.322369
0.323639
0.324880
0.326064
0.327184
0.328312
0.329232
0.330094
0.330874
0.331533
0.332131
0.332677
0.333051
0.333398
0.333701
0.333994
0.334231
0.334453
0.334647
0.334832
0.335020
0.335231
0.335415
0.335591
0.335777
0.335949
0.336130
0.336293
0.336438
0.336554
0.336654
0.336761
0.336870
0.336982
0.336869
0.336665
0.336541
0.336350
0.336171
0.335935
0.335721
0.335465
0.335278
0.335054
0.334862
0.334664
0.334460
0.334255
0.334054
0.333852
0.333636
0.333426
0.333204
0.332989
0.332783
0.332573
0.332333
0.332102
0.331879
0.331630
0.331428
0.331245
0.331063
0.330878
0.330700
0.330502
0.330303
