0.895904
0.896046
0.896185
0.896320
0.896449
0.896566
0.896657
0.896620
0.896406
0.895895
0.895095
0.893904
0.892480
0.890888
0.889115
0.887001
0.884646
0.881930
0.878901
0.875543
0.871941
0.868071
0.863847
0.859304
0.854568
0.849681
0.844666
0.839591
0.834454
0.829224
0.823981
0.818853
0.813923
0.809273
0.804916
0.800949
0.797475
0.794494
0.791963
0.789762
0.787900
0.786378
0.785226
0.784427
0.783827
0.783448
0.783249
0.783173
0.783219
0.783342
0.783535
0.783792
0.784104
0.784448
0.784846
0.785245
0.785656
0.786061
0.786463
0.786847
0.787252
0.787662
0.788067
0.788471
0.788864
0.789275
0.789722
0.790155
0.790609
0.791045
0.791457
0.791957
0.792421
0.792914
0.793406
0.793873
0.794365
0.794816
0.795280
0.795740
0.796195
0.796680
0.797164
0.797628
0.798107
0.798588
0.799075
0.799547
0.800014
0.800475
0.800941
0.801420
0.801906
0.802373
0.802854
0.803336
0.803802
0.804269
0.804728
0.805212
0.805663
