0.949611
0.949614
0.949612
0.949615
0.949649
0.949711
0.949771
0.949798
0.949826
0.949870
0.949943
0.950013
0.950047
0.950081
0.950138
0.950212
0.950268
0.950286
0.950252
0.950093
0.949843
0.949434
0.948838
0.948114
0.947291
0.946399
0.945441
0.944416
0.943243
0.941991
0.940386
0.938639
0.936775
0.934753
0.932454
0.930064
0.927596
0.925077
0.922523
0.919917
0.917241
0.914527
0.911757
0.909009
0.906344
0.903762
0.901392
0.899289
0.897510
0.896027
0.894736
0.893589
0.892671
0.891697
0.891013
0.890440
0.890047
0.889737
0.889539
0.889491
0.889517
0.889604
0.889709
0.889834
0.889976
0.890101
0.890263
0.890394
0.890565
0.890750
0.890906
0.891048
0.891200
0.891339
0.891486
0.891634
0.891774
0.891918
0.892058
0.892219
0.892358
0.892509
0.892651
0.892806
0.892956
0.893106
0.893261
0.893407
0.893557
0.893721
0.893877
0.894018
0.894160
0.894309
0.894446
0.894591
0.894741
0.894895
0.895041
0.895177
0.895330
