0.110261
0.110191
0.110157
0.110145
0.110242
0.110428
0.110686
0.111074
0.111594
0.112149
0.112795
0.113497
0.114228
0.115078
0.116002
0.116954
0.117870
0.118779
0.119691
0.120602
0.121431
0.122167
0.122753
0.123222
0.123024
0.122804
0.122572
0.122228
0.122060
0.121894
0.121696
0.121589
0.121446
0.121495
0.121836
0.122347
0.122735
0.123480
0.124177
0.125278
0.126347
0.127502
0.128652
0.129871
0.130877
0.131823
0.132645
0.133365
0.133956
0.134533
0.135041
0.135431
0.135703
0.135917
0.136106
0.136196
0.136237
0.136217
0.136182
0.136101
0.135987
0.135836
0.135693
0.135535
0.135379
0.135219
0.135066
0.134893
0.134727
0.134574
0.134411
0.134256
0.134095
0.133952
0.133792
0.133651
0.133502
0.133344
0.133198
0.133050
0.132897
0.132744
0.132585
0.132438
0.132294
0.132123
0.131979
0.131827
0.131666
0.131518
0.131368
0.131204
0.131047
0.130901
0.130747
0.130587
0.130437
0.130284
0.130139
0.129990
0.129830
