-0.220456
-0.220463
-0.220473
-0.220478
-0.220486
-0.220492
-0.220499
-0.220490
-0.220474
-0.220455
-0.220426
-0.220394
-0.220375
-0.220336
-0.220293
-0.220259
-0.220225
-0.220173
-0.220115
-0.220058
-0.219998
-0.219946
-0.219891
-0.219857
-0.219843
-0.219821
-0.219782
-0.219761
-0.219751
-0.219738
-0.219700
-0.219664
-0.219635
-0.219584
-0.219511
-0.219396
-0.219280
-0.219155
-0.219037
-0.218885
-0.218732
-0.218565
-0.218434
-0.218231
-0.218071
-0.217932
-0.217778
-0.217643
-0.217518
-0.217361
-0.217217
-0.217069
-0.216927
-0.216841
-0.216741
-0.216652
-0.216602
-0.216525
-0.216445
-0.216385
-0.216322
-0.216289
-0.216255
-0.216231
-0.216221
-0.216210
-0.216206
-0.216220
-0.216209
-0.216255
-0.216282
-0.216305
-0.216319
-0.216297
-0.216370
-0.216391
-0.216399
-0.216420
-0.216433
-0.216445
-0.216435
-0.216464
-0.216490
-0.216498
-0.216522
-0.216532
-0.216528
-0.216532
-0.216536
-0.216509
-0.216492
-0.216485
-0.216482
-0.216475
-0.216464
-0.216459
-0.216468
-0.216484
-0.216504
-0.216524
-0.216536
