0.406256
0.485089
0.431692
0.435893
0.334521
0.233985
0.094359
-0.069513
-0.262380
-0.558235
-0.863406
-1.127500
-1.282415
-1.422287
-1.700467
-1.971699
-2.332108
-2.773916
-3.173532
-3.502814
-4.142776
-4.604214
-4.905190
-5.633344
-6.345879
-6.809939
-7.002665
-7.212489
-7.131175
-7.230823
-7.236221
-7.564919
-7.761752
-7.721031
-8.058668
-8.529811
-8.729486
-8.915415
-9.151717
-9.430851
-9.659611
-9.446036
-9.179677
-9.221399
-9.049982
-8.833084
-8.568115
-8.257485
-7.533040
-6.658445
-6.192692
-5.459853
-4.457657
-3.543537
-2.394856
-1.326359
-0.263293
0.567410
1.300315
2.028351
2.718179
3.326415
3.802264
4.222147
4.153196
4.221076
4.256756
4.142891
4.021712
4.138664
4.191611
3.993870
3.915553
4.012346
4.013196
4.081794
4.213393
4.348292
4.266571
4.461380
4.701691
4.819346
4.966338
4.945692
4.649343
4.590346
4.633073
4.850832
5.017468
5.246549
5.523916
5.639924
5.911455
6.439984
6.962577
7.083617
6.917346
6.859605
6.767387
6.800253
6.841690
