0.440077
0.439813
0.439579
0.439411
0.439307
0.439223
0.439159
0.439219
0.439365
0.439531
0.439924
0.440406
0.440906
0.441490
0.442282
0.443243
0.444271
0.445278
0.446332
0.447420
0.448619
0.449885
0.451185
0.452548
0.453894
0.455251
0.456617
0.457980
0.459389
0.460706
0.462029
0.463370
0.464620
0.465848
0.467029
0.468043
0.468956
0.469855
0.470667
0.471349
0.471900
0.472362
0.472915
0.473423
0.473703
0.473711
0.473466
0.473132
0.472824
0.472475
0.472112
0.471831
0.471601
0.471413
0.471410
0.471527
0.471751
0.472042
0.472476
0.473000
0.473807
0.474868
0.475946
0.477000
0.477850
0.478574
0.479184
0.479381
0.479274
0.479048
0.478853
0.478590
0.478256
0.477727
0.477285
0.477186
0.477329
0.477781
0.478355
0.479281
0.480100
0.481191
0.482445
0.483670
0.485055
0.486408
0.487645
0.488793
0.490126
0.491430
0.492672
0.493945
0.495190
0.496364
0.497445
0.498462
0.499435
0.500418
0.501348
0.502307
0.503133
0.510626
