0.348214
0.348226
0.348221
0.348213
0.348219
0.348407
0.348696
0.349087
0.349495
0.350095
0.350758
0.351570
0.352572
0.353608
0.354872
0.356113
0.357550
0.359039
0.360575
0.362319
0.364164
0.365988
0.367964
0.369916
0.372085
0.374302
0.376677
0.379048
0.381503
0.384066
0.386551
0.388705
0.390652
0.392292
0.393606
0.394814
0.395346
0.395630
0.395613
0.395428
0.394922
0.394084
0.393026
0.391751
0.390453
0.389175
0.387359
0.385400
0.383467
0.381594
0.379771
0.377865
0.376057
0.374424
0.372873
0.371278
0.369812
0.368487
0.367416
0.366407
0.365691
0.365689
0.365542
0.365682
0.366034
0.366533
0.367334
0.368387
0.369449
0.370614
0.371897
0.373520
0.375451
0.377203
0.379197
0.381015
0.382983
0.385027
0.387181
0.389415
0.391419
0.393803
0.396321
0.399270
0.401157
0.403358
0.405155
0.407301
0.409568
0.411919
0.414133
0.415891
0.417758
0.419534
0.421234
0.422626
0.424176
0.425449
0.426806
0.428057
0.428940
