0.141583
0.141818
0.137917
0.113298
0.084019
0.049110
-0.002367
-0.035059
-0.043134
-0.053056
-0.059696
-0.095996
-0.061561
-0.030032
-0.041026
-0.037965
-0.000561
0.088018
0.232616
0.252285
0.243432
0.281274
0.231506
0.123916
-0.000382
-0.019821
0.062013
0.168073
0.345518
0.486148
0.630270
0.772910
0.902558
0.921749
1.020462
1.362307
1.858746
2.630274
3.641708
4.914506
6.541033
8.423116
9.631429
10.275601
11.289711
11.295771
10.629210
9.829154
8.648049
7.161660
5.978640
3.706166
1.195869
-0.779602
-2.327720
-4.323582
-5.545172
-6.693188
-7.604215
-7.837593
-8.058036
-8.319363
-8.230399
-7.904017
-7.264056
-6.192095
-4.862515
-3.936479
-3.401709
-3.116993
-3.907193
-4.000229
-3.885586
-3.467489
-3.130201
-2.840212
-2.624088
-2.503911
-1.955630
-1.569151
-1.164358
-0.749599
0.060894
0.752216
1.931071
2.483771
2.676249
2.567319
2.423240
2.210480
1.973516
1.931803
1.746246
1.721689
1.770214
1.867635
1.959968
2.205325
2.714359
3.266719
3.734566
