-0.849983
-0.878523
-0.929832
-1.123976
-1.391991
-1.830987
-2.371667
-2.901250
-3.381580
-4.133000
-5.198712
-6.131081
-6.534218
-6.472446
-6.728724
-7.588498
-9.198591
-11.463513
-14.148223
-18.137808
-21.939800
-23.048454
-21.515198
-18.799530
-17.172941
-15.628653
-15.446364
-17.744257
-19.904930
-21.469393
-21.271355
-22.236271
-23.829447
-25.034269
-25.707409
-25.198732
-24.059874
-22.537050
-22.866459
-22.766340
-21.923204
-21.052893
-19.169748
-20.276714
-22.300873
-23.813963
-25.213923
-26.720098
-26.661819
-24.979870
-22.491360
-18.970640
-14.420762
-7.983892
0.256952
8.566895
16.087894
22.459936
28.269384
28.625719
27.979939
26.652954
25.009932
23.704411
23.164862
22.360886
21.573383
21.031033
20.412058
19.846764
19.399555
18.561934
18.508036
18.810442
19.244102
19.323406
19.131985
18.873260
18.780655
18.678526
18.457752
18.209789
17.962236
17.737118
17.529343
17.157501
16.784388
16.532806
16.324728
16.341022
15.902815
15.386570
15.551840
15.283830
14.940017
14.458086
14.037299
13.593115
13.172050
12.976552
13.035336
