0.292600
0.292603
0.292606
0.292606
0.292609
0.292610
0.292610
0.292616
0.292615
0.292620
0.292631
0.292643
0.292668
0.292798
0.292988
0.293207
0.293463
0.293548
0.293466
0.293418
0.293380
0.293367
0.293364
0.293366
0.293355
0.293319
0.293325
0.293300
0.293290
0.293288
0.293267
0.293223
0.293179
0.293138
0.293089
0.293048
0.293015
0.292988
0.292951
0.292924
0.292912
0.292897
0.292875
0.292845
0.292848
0.292841
0.292833
0.292837
0.292766
0.292669
0.292540
0.292456
0.292569
0.292873
0.293119
0.293352
0.293528
0.293650
0.293731
0.293786
0.293799
0.293820
0.293825
0.293821
0.293813
0.293823
0.293810
0.293784
0.293765
0.293752
0.293740
0.293720
0.293705
0.293691
0.293672
0.293655
0.293639
0.293622
0.293607
0.293591
0.293571
0.293555
0.293537
0.293519
0.293502
0.293483
0.293467
0.293453
0.293432
0.293415
0.293399
0.293384
0.293369
0.293353
0.293337
0.293321
0.293304
0.293287
0.293278
0.293261
0.293249
