1.507659
1.529703
1.542222
1.549861
1.569849
1.595993
1.607005
1.642430
1.689434
1.733042
1.724159
1.697616
1.726929
1.755295
1.780039
1.734024
1.655036
1.552441
1.416635
1.158256
0.006565
-1.126070
-0.318482
1.726649
-3.658595
-7.988205
-9.696932
-10.297531
-9.501181
-8.462175
-7.462668
-5.511915
-4.420012
-3.295852
-2.107198
-0.925204
0.259707
-0.105954
0.097219
0.337217
0.703992
1.005549
1.469776
1.383028
1.403623
1.734848
1.932516
1.892123
1.935455
2.689956
2.005968
2.522448
2.387822
1.312024
1.396350
1.216432
2.803903
1.718179
-2.922424
-5.627690
-4.550183
2.836099
2.529696
6.633437
9.859731
8.139813
6.036540
8.894204
8.266800
7.547208
7.089945
6.345134
5.046882
4.109750
4.114400
3.466087
3.254256
3.105032
3.116270
3.232864
3.205498
3.263246
3.289654
3.430935
3.404396
3.293543
3.192413
3.224094
3.149684
3.135766
3.047988
3.042522
2.748705
2.597956
2.649075
2.750139
2.943093
3.025287
3.097051
3.023509
3.004610
