-0.289124
-0.290193
-0.291055
-0.291915
-0.291756
-0.292205
-0.289013
-0.289883
-0.286874
-0.291047
-0.293592
-0.287354
-0.290828
-0.314330
-0.362128
-0.576669
-1.465302
-4.529016
-14.588253
-43.702526
-62.266140
-58.774612
-51.617069
-41.673862
-34.120712
-26.746244
-21.068842
-14.938001
-11.578605
-9.440992
-7.886430
-7.762811
-8.127924
-7.716936
-7.060599
-6.305353
-5.309230
-4.456235
-3.787868
-3.111037
-2.348919
-1.626006
-1.364208
-1.165280
-1.043374
-0.233148
-0.351186
-0.548206
-0.689617
-2.366111
-2.670660
-0.572795
9.677545
40.254215
90.903954
122.664825
119.529045
107.663200
89.958435
70.303726
52.362843
37.224579
28.159521
21.813614
18.104116
16.525936
14.832808
11.645819
8.804756
7.427726
6.590773
5.996375
5.065238
4.296222
3.819059
3.263421
2.900870
2.591199
2.294621
2.040453
1.898630
1.718352
1.597580
1.443776
1.315570
1.205364
1.133601
1.058507
0.910514
0.771120
0.775658
0.710354
0.620148
0.533792
0.505684
0.482704
0.509639
0.477824
0.383475
0.372928
0.261065
