0.549194
0.565674
0.704102
0.672485
0.703857
0.812622
0.790894
0.872437
0.913940
0.870728
0.970825
1.014038
0.997314
0.972046
0.971802
0.898193
0.894653
0.942505
0.969849
0.885864
0.802612
0.766602
0.688965
0.651367
0.645142
0.599854
0.581055
0.475098
0.427612
0.451294
0.479614
0.392090
0.376465
0.420410
0.417480
0.390747
0.388306
0.456299
0.483154
0.584473
0.679565
0.780273
0.770020
0.948730
0.792236
0.837524
1.192627
0.882080
0.861694
0.786011
0.885010
0.713867
0.663330
0.677002
0.859863
0.571533
0.597778
0.789062
0.784424
0.804077
0.809326
0.979004
0.942505
0.971436
0.997192
0.940186
0.888428
0.869507
0.810791
0.762085
0.703247
0.663696
0.538452
0.555908
0.499756
0.443604
0.389160
0.275146
0.171631
0.334351
0.288330
0.440308
0.528687
0.915894
0.975586
1.030273
0.921509
0.869873
0.896362
0.657837
0.867065
0.766235
0.949829
0.715576
0.930054
1.101196
1.027100
1.033447
0.846558
0.547119
0.574341
