1.037598
0.793457
0.061035
-1.342773
-1.708984
0.732422
2.929688
3.784180
0.732422
-3.051758
-10.131836
2.441406
4.028320
-6.103516
-8.361816
-8.239746
-0.427246
-6.530762
-15.747070
-20.385742
-9.948730
-8.483887
0.854492
-6.103516
-2.563477
2.319336
-4.089355
5.554199
6.347656
12.390137
18.371582
-3.356934
4.699707
8.300781
1.586914
2.868652
11.657715
-6.469727
-14.404297
-9.826660
-7.080078
-1.464844
-2.502441
-7.873535
-11.291504
-7.568359
2.746582
-8.544922
3.662109
53.161621
-2.441406
34.240723
17.150879
39.001465
36.254883
8.728027
4.455566
8.972168
13.061523
8.300781
-8.666992
-15.258789
-9.948730
-9.216309
-8.117676
-10.681152
-12.634277
-6.286621
-2.868652
12.390137
-18.432617
-5.493164
9.277344
-9.155273
-3.295898
1.831055
16.113281
17.456055
16.113281
25.146484
2.563477
5.737305
5.187988
1.708984
-4.699707
-6.835938
-17.456055
1.464844
15.747070
23.254395
23.925781
15.197754
56.274414
25.756836
-5.371094
4.638672
6.896973
18.005371
9.887695
-24.841309
-33.325195
