-0.131411
-0.138315
-0.136183
-0.136068
-0.145822
-0.160034
-0.177339
-0.193267
-0.221776
-0.264390
-0.307643
-0.347241
-0.397889
-0.449963
-0.476875
-0.499139
-0.520732
-0.542326
-0.560325
-0.580404
-0.616448
-0.656688
-0.684502
-0.694457
-0.702702
-0.723166
-0.770754
-0.829727
-0.898710
-1.015588
-1.122452
-1.253046
-1.317074
-1.331021
-1.391329
-1.412032
-1.613317
-1.804100
-2.013358
-1.844462
-1.872584
-1.596602
-1.604941
-1.705323
-1.862624
-2.044582
-2.232979
-2.421613
-2.599298
-2.813811
-3.083445
-3.421440
-3.761950
-4.002753
-4.249683
-4.413059
-4.471754
-4.536843
-4.566811
-4.497653
-4.403364
-4.289748
-4.181136
-4.036868
-4.002981
-4.029577
-4.111002
-4.302837
-4.496893
-4.735040
-5.074002
-5.488441
-5.706821
-5.878661
-6.014561
-6.458072
-6.786346
-6.612318
-6.079993
-5.173213
-3.566139
-2.056421
0.024364
0.824116
1.809615
2.596635
3.078414
3.686760
4.584404
5.404068
6.339622
6.493304
6.791579
7.799742
8.665958
8.899030
9.287382
9.702354
10.044116
10.444719
10.590215
