0.073001
0.073044
0.073112
0.073231
0.073440
0.073710
0.074034
0.074479
0.075170
0.076003
0.076952
0.077913
0.079002
0.080086
0.081078
0.081914
0.082663
0.083314
0.083906
0.084291
0.084530
0.084570
0.084412
0.084204
0.083951
0.083714
0.083524
0.083319
0.083089
0.082967
0.082816
0.082725
0.082761
0.082949
0.083158
0.083462
0.083963
0.084679
0.085264
0.086165
0.086898
0.087996
0.089138
0.090236
0.091611
0.092851
0.094004
0.095070
0.096040
0.096966
0.097843
0.098596
0.099280
0.099887
0.100456
0.100919
0.101335
0.101704
0.101971
0.102178
0.102369
0.102584
0.102777
0.102941
0.103079
0.103202
0.103295
0.103385
0.103476
0.103548
0.103625
0.103678
0.103728
0.103791
0.103861
0.103920
0.103975
0.104041
0.104111
0.104188
0.104255
0.104325
0.104399
0.104459
0.104533
0.104601
0.104675
0.104741
0.104814
0.104891
0.104960
0.105029
0.105094
0.105164
0.105237
0.105303
0.105375
0.105444
0.105514
0.105587
0.105675
