0.459647
0.634822
0.849173
1.132462
1.547189
2.107054
2.742797
3.785831
5.465005
7.567798
9.734116
9.432884
8.382111
6.605455
4.218838
2.727081
2.625578
2.151403
-0.475484
-4.062865
-7.614703
-8.745687
-8.182013
-7.946742
-7.588140
-6.839080
-6.323644
-5.847910
-5.095407
-4.663251
-3.961978
-3.446777
-3.050962
-2.692922
-2.397752
-1.518014
1.218757
1.719813
2.067633
2.490402
2.724560
3.574742
3.888372
4.475272
3.379019
2.270848
1.104396
0.492534
0.034399
-0.588321
-2.067005
-2.846125
-3.709743
-4.574635
-5.279231
-5.505621
-5.438423
-5.300368
-4.980137
-4.735494
-4.387689
-4.388183
-4.273553
-3.935790
-3.714604
-3.550517
-3.419921
-3.297795
-3.103238
-2.970473
-2.838481
-2.664812
-2.496240
-2.326058
-2.147913
-2.011344
-1.902199
-1.765210
-1.680625
-1.596461
-1.484783
-1.409970
-1.342890
-1.269882
-1.183622
-1.109853
-1.040448
-0.987185
-0.932459
-0.874012
-0.821094
-0.771129
-0.715181
-0.655672
-0.607541
-0.586840
-0.549128
-0.521305
-0.496913
-0.475717
-0.446338
