1.260360
1.418790
1.588418
1.753589
1.912180
2.062238
2.270852
2.570056
2.759748
2.910649
3.316589
3.408614
3.114485
3.183734
3.739333
4.575033
6.056921
6.491419
9.263225
10.343102
11.966024
12.155655
13.021300
13.466719
14.502806
13.520433
13.220548
13.256353
12.528968
10.413941
9.930844
10.309216
11.470324
11.963673
13.719774
13.136742
11.214178
10.941233
7.823943
8.183791
7.892712
6.075578
4.830094
4.258879
2.770530
3.302855
3.853977
3.020993
2.925617
2.801671
3.201280
1.941125
2.729808
2.359248
1.546080
2.985800
3.427935
1.839419
0.197810
-4.051456
-3.191013
-1.296087
-2.059722
-5.535626
-3.451929
-1.422166
-3.895728
-0.595271
-1.539569
-1.052537
-0.012409
0.836151
1.208254
0.493250
-0.368559
3.530666
3.630036
3.895546
2.485464
1.224556
0.565207
-1.790449
-0.025477
-1.285260
-2.304053
-2.635622
-2.944570
-3.224859
-3.348777
-1.777345
-1.633292
-1.396784
-1.658524
-1.343919
-1.598694
-1.005914
-1.017720
-1.285110
-1.115011
-0.489129
-0.455119
