0.817508
0.817520
0.817502
0.817596
0.818001
0.818298
0.818664
0.819074
0.819472
0.819995
0.820511
0.821066
0.821801
0.822485
0.823132
0.823708
0.824198
0.824723
0.825318
0.825794
0.825942
0.825876
0.825605
0.825243
0.824673
0.823995
0.823458
0.822653
0.821638
0.820611
0.819511
0.818280
0.816999
0.815651
0.814055
0.812055
0.809555
0.807469
0.806040
0.805263
0.804420
0.803609
0.803038
0.803171
0.803495
0.803866
0.804585
0.805577
0.806045
0.806729
0.808130
0.809026
0.809937
0.810677
0.810727
0.810631
0.810301
0.809325
0.807110
0.804840
0.802127
0.799456
0.797082
0.794622
0.792524
0.791159
0.790790
0.790886
0.791004
0.791158
0.791446
0.791949
0.792457
0.792749
0.793671
0.795212
0.795734
0.795702
0.795307
0.794226
0.792863
0.790608
0.787927
0.785235
0.782563
0.780454
0.778866
0.777551
0.776862
0.777889
0.778429
0.779446
0.780001
0.780662
0.781381
0.782857
0.784684
0.785712
0.786426
0.786662
0.786667
