6.652832
2.990723
-18.310547
3.051758
26.977539
28.442383
9.887695
-19.958496
-32.653809
-18.981934
-2.441406
17.883301
32.165527
44.067383
42.785645
25.939941
-5.310059
-28.381348
-57.067871
-22.644043
1.342773
38.208008
54.138184
60.058594
46.203613
8.911133
-45.104980
-65.124512
-58.593750
-20.202637
29.663086
48.461914
58.105469
56.701660
15.319824
-12.084961
-61.828613
-66.711426
-36.315918
-0.732422
50.598145
61.340332
84.289551
31.005859
-14.282227
-69.885254
-25.573730
71.655273
28.381348
-22.460938
-70.190430
-12.939453
23.925781
73.852539
67.687988
10.314941
-27.282715
-61.523438
-67.687988
-25.756836
36.621094
65.185547
86.547852
48.828125
-4.272461
-60.913086
-54.565430
-59.143066
-4.882812
27.404785
43.457031
-3.662109
-43.457031
-82.885742
-90.148926
-43.701172
31.250000
40.039062
3.906250
-24.108887
-56.335449
-56.640625
-33.874512
-44.921875
30.090332
35.461426
54.626465
51.635742
15.747070
-36.682129
-49.011230
-61.035156
2.380371
27.770996
37.414551
24.108887
-44.006348
-57.250977
-70.678711
7.019043
55.969238
