0.948751
0.948769
0.948782
0.948791
0.948798
0.948807
0.948811
0.948816
0.948830
0.948846
0.948871
0.948916
0.948957
0.948965
0.948987
0.949010
0.949007
0.948975
0.948910
0.948823
0.948694
0.948555
0.948379
0.948181
0.947930
0.947610
0.947230
0.946742
0.946127
0.945427
0.944608
0.943699
0.942695
0.941609
0.940425
0.939163
0.937813
0.936362
0.934892
0.933295
0.931642
0.929918
0.928088
0.926242
0.924316
0.922339
0.920301
0.918207
0.916113
0.913968
0.911798
0.909581
0.907317
0.904993
0.902625
0.900224
0.897776
0.895257
0.892714
0.890112
0.887493
0.884863
0.882247
0.879667
0.877220
0.874843
0.872493
0.870160
0.867825
0.865486
0.863122
0.860747
0.858334
0.855981
0.853619
0.851266
0.849067
0.846896
0.844784
0.842717
0.840743
0.838832
0.837013
0.835292
0.833563
0.831968
0.830482
0.828889
0.827257
0.825703
0.824244
0.823180
0.822210
0.821585
0.821203
0.820948
0.820793
0.820674
0.820579
0.820642
0.820739
