-0.378504
-0.687060
-1.101609
-1.551702
-2.012745
-2.346674
-2.887813
-3.400526
-3.663908
-3.966515
-4.885883
-5.704134
-6.396991
-6.791597
-6.451653
-6.138184
-4.550251
-2.548831
-1.043736
0.833158
2.170321
3.311538
3.683687
4.532415
4.994740
6.283153
8.022761
9.070838
9.855648
10.507907
10.608023
10.626542
10.800902
11.913729
12.307015
12.329494
11.890917
11.340934
9.851835
8.217310
6.528260
5.097501
3.336917
1.370875
-0.167753
-0.972118
-0.739934
1.060085
4.350907
9.074013
13.427222
16.044199
16.833662
13.909422
8.646052
-0.304808
-13.928297
-24.634647
-34.231869
-37.171776
-40.322788
-39.455032
-37.295658
-29.999146
-17.844080
-5.570058
5.308898
17.000273
22.087191
20.414927
18.888910
16.886858
14.616875
13.509730
11.242194
5.290562
-3.777197
-15.110997
-24.539413
-26.386683
-26.865282
-24.933846
-21.577415
-13.398811
-1.056571
13.171775
26.575750
32.786194
32.538631
25.934847
17.879566
10.918339
5.211907
3.174293
2.148382
0.876739
0.628944
1.086770
1.360294
1.358217
1.485968
