0.699034
0.520882
0.395457
0.310211
0.207022
0.017283
-0.349940
-0.297974
-0.274873
-0.541327
-0.681757
-0.321209
-0.333285
-0.454921
-0.314389
-0.537034
-0.323960
0.089458
-0.497296
-1.736068
-2.302659
-2.916651
-3.337776
-4.964793
-5.508787
-5.630103
-4.599279
-3.068484
-2.253382
-2.017644
-3.368724
-4.032930
-5.691775
-5.105299
-1.102979
-1.797061
-1.416293
-2.084363
-2.214436
-2.524662
-3.224086
-2.960908
-2.681834
-2.672005
-2.270030
-1.849146
-1.564633
-1.530761
-1.102130
-0.466801
0.211796
0.528667
0.806955
0.895946
1.457694
1.650562
0.449755
-2.376970
-7.338076
-4.798707
-0.599726
3.601304
-0.288307
1.406144
5.533810
7.617299
6.420063
4.030074
5.871727
2.745200
2.952200
1.599534
2.030236
1.551207
0.747556
0.997022
0.550308
0.168874
0.510333
-0.237432
-0.412180
0.664520
2.210989
2.839686
2.232211
1.181960
0.880578
1.371586
1.449965
2.202286
2.917782
3.913220
6.391372
9.126123
11.257338
12.130833
13.472247
14.280134
15.969586
14.267714
12.044390
