0.145457
0.145531
0.145705
0.145979
0.146236
0.146546
0.146844
0.147173
0.147478
0.147632
0.147851
0.148122
0.148383
0.148692
0.148996
0.149259
0.149280
0.149216
0.149113
0.149069
0.148811
0.148442
0.148007
0.147403
0.146757
0.146057
0.145489
0.144594
0.143904
0.143353
0.143070
0.142849
0.142574
0.142206
0.141833
0.141439
0.141042
0.140570
0.140119
0.139645
0.139128
0.138606
0.137957
0.137319
0.136664
0.136071
0.135480
0.135103
0.134901
0.134626
0.134289
0.133976
0.133746
0.133587
0.133479
0.133394
0.133306
0.133232
0.133170
0.133109
0.133039
0.132993
0.132944
0.132919
0.132895
0.132904
0.132871
0.132832
0.132796
0.132770
0.132757
0.132755
0.132819
0.132966
0.133182
0.133416
0.133671
0.133886
0.134119
0.134356
0.134559
0.134803
0.135058
0.135257
0.135495
0.135713
0.135897
0.136116
0.136348
0.136565
0.136786
0.136995
0.137220
0.137438
0.137654
0.137860
0.138070
0.138270
0.138466
0.138661
0.138839
