-0.048048
-0.023346
0.027919
0.096872
0.101258
0.130335
0.139940
0.158569
0.118251
0.100409
0.149685
0.229751
0.293960
0.421410
0.499032
0.658702
0.697024
0.799116
0.949336
1.196968
1.511541
1.836940
2.141948
2.285871
2.255863
2.116973
2.137042
1.909037
1.332860
0.435144
-0.166785
-0.183518
-0.244123
-0.270492
-0.280532
-0.281621
-0.254200
-0.301247
-0.311135
-0.240511
-0.162124
0.010432
0.249070
0.373894
0.409608
0.576099
0.496951
0.599337
0.660099
1.888822
2.655864
2.685020
2.819218
2.748254
2.553650
2.452731
2.329358
2.214184
2.138361
2.065257
1.986377
1.931459
1.882993
1.863152
1.798411
1.735095
1.698887
1.662695
1.606438
1.577265
1.543442
1.425973
1.269689
1.214397
1.195629
1.143109
1.107241
1.178380
1.138330
1.040108
1.006881
1.030803
1.004800
1.007622
0.978176
0.979883
0.961020
0.921279
0.909519
0.864253
0.828507
0.808420
0.787609
0.795492
0.796956
0.819053
0.786323
0.734308
0.753163
0.724002
0.715666
