0.892579
0.892570
0.892576
0.892591
0.892612
0.892641
0.892672
0.892726
0.892749
0.892740
0.892831
0.892836
0.892832
0.892800
0.892704
0.892568
0.892352
0.892163
0.891903
0.891581
0.891199
0.890680
0.890005
0.889221
0.888273
0.887245
0.886053
0.884680
0.883704
0.882565
0.881341
0.879992
0.878456
0.876828
0.875114
0.873313
0.871333
0.869201
0.866855
0.864283
0.861516
0.858566
0.855426
0.852056
0.848454
0.844677
0.840634
0.836427
0.832000
0.827391
0.822546
0.817552
0.812390
0.806955
0.801364
0.795526
0.789492
0.783072
0.776418
0.769605
0.762527
0.755327
0.747990
0.740508
0.732932
0.725298
0.717608
0.709703
0.701853
0.694016
0.686131
0.678042
0.669908
0.661654
0.653221
0.644647
0.636088
0.627436
0.618674
0.609812
0.600873
0.591924
0.582873
0.573824
0.564790
0.555811
0.546815
0.537977
0.529507
0.521006
0.513036
0.505104
0.497549
0.490929
0.485195
0.479696
0.475385
0.471674
0.468234
0.464950
0.462302
