2.421801
2.415403
2.411382
2.412081
2.424404
2.428305
2.441108
2.446351
2.422953
2.442725
2.522455
2.634829
2.592093
2.495851
2.477773
2.429078
2.370044
2.281318
2.182502
2.074349
2.060680
2.067715
2.082263
2.045755
2.008394
1.937752
1.866677
1.893484
1.997000
2.132202
2.258855
2.351115
2.590709
2.677253
2.634467
2.708139
2.650705
2.905525
3.147258
3.128431
3.136709
3.183713
3.235837
3.207211
2.853175
2.801319
3.388165
4.981807
8.663285
6.321800
4.721272
4.698242
5.440874
4.102174
-0.715242
-1.053844
-3.384767
-1.946847
-3.972663
-3.522151
-1.747412
0.715707
1.578787
5.829571
6.162836
11.302011
12.922405
17.712767
25.938326
31.584780
26.716843
32.595490
31.020531
25.051176
17.617338
13.861027
11.777695
5.883293
7.753191
2.893067
1.400943
-4.146291
-6.598260
-6.094078
-5.313555
-4.014555
-4.102008
-3.919180
-3.610329
-3.406696
-1.882799
2.603458
5.693299
6.988222
8.486328
11.253881
12.467320
11.063222
7.521228
4.767126
3.081377
