0.433879
0.426193
0.418904
0.414061
0.412104
0.394259
0.353046
0.315170
0.281584
0.226496
0.349824
0.354321
0.367374
0.354353
0.354475
0.405783
0.461169
0.527083
0.580273
0.635085
0.670997
0.739366
0.789946
0.860513
0.865887
0.803534
0.845422
0.790396
0.702492
0.749199
0.768752
0.772296
0.788046
0.643173
0.489284
0.725246
0.840437
0.992822
1.225898
1.523969
1.712374
2.134802
1.746223
1.016196
-1.701620
-0.462808
0.236926
1.167609
2.878815
4.284156
8.198301
8.235960
10.932740
11.027619
13.941993
14.286974
14.470344
14.155960
13.988634
13.240824
13.882100
12.577227
12.816165
12.189094
10.720330
8.815971
8.043019
5.860116
4.590446
4.782887
3.563295
2.069109
1.440493
0.084370
-1.247609
-2.427060
-3.121487
-2.203426
-1.907700
-0.947770
0.008415
0.613303
1.098248
1.443899
1.610265
1.325734
1.652011
2.509881
3.176570
3.987082
4.321756
5.384814
7.151996
7.498393
6.551731
6.775521
6.867771
7.394912
7.829229
8.735150
8.867813
