0.836001
0.836004
0.836009
0.836008
0.836029
0.836060
0.836080
0.836086
0.836081
0.836080
0.836097
0.836102
0.836124
0.836151
0.836141
0.836097
0.835998
0.835877
0.835703
0.835435
0.835155
0.834791
0.834353
0.833799
0.833149
0.832462
0.831690
0.830857
0.829916
0.828817
0.827621
0.826383
0.825078
0.823551
0.821856
0.819942
0.817893
0.815714
0.813420
0.810865
0.808196
0.805419
0.802645
0.799863
0.797082
0.794324
0.791562
0.788648
0.785590
0.782271
0.778499
0.774553
0.770495
0.766384
0.762376
0.758551
0.754776
0.750995
0.747222
0.743495
0.740567
0.737910
0.735379
0.733011
0.730828
0.729080
0.727428
0.725641
0.723730
0.721596
0.719188
0.716487
0.713554
0.710268
0.706739
0.703217
0.699743
0.696324
0.693242
0.690581
0.688696
0.686937
0.685332
0.683918
0.682650
0.681517
0.680614
0.679795
0.679184
0.678661
0.678206
0.677872
0.677612
0.677503
0.677416
0.677460
0.677549
0.677651
0.677795
0.678013
0.678245
