0.329191
0.329219
0.329234
0.329256
0.329264
0.329243
0.329277
0.329281
0.329285
0.329236
0.329273
0.329294
0.329354
0.329422
0.329455
0.329513
0.329510
0.329488
0.329502
0.329565
0.329580
0.329675
0.329705
0.329723
0.329681
0.329664
0.329736
0.329915
0.330174
0.330341
0.330493
0.330678
0.330902
0.331195
0.331488
0.331788
0.332005
0.332284
0.332494
0.332958
0.333416
0.333812
0.334260
0.334597
0.334758
0.334686
0.334459
0.334021
0.333517
0.332853
0.332192
0.331764
0.331583
0.330969
0.330898
0.330891
0.330795
0.330678
0.330881
0.331031
0.331450
0.331701
0.331951
0.332333
0.332643
0.332766
0.332631
0.332269
0.331747
0.331329
0.330969
0.330752
0.331075
0.331285
0.331545
0.331691
0.331890
0.332136
0.332315
0.332526
0.332639
0.332682
0.332701
0.332794
0.332835
0.332894
0.332951
0.332934
0.332977
0.333016
0.333039
0.333038
0.333047
0.332985
0.332934
0.332912
0.332907
0.332931
0.332849
0.332763
0.332660
