0.266279
0.270239
0.264718
0.266229
0.271012
0.281538
0.284619
0.296837
0.307889
0.329711
0.352943
0.364442
0.381060
0.397405
0.404344
0.392994
0.399574
0.405144
0.419920
0.448131
0.469423
0.472721
0.453582
0.434775
0.415256
0.423067
0.436333
0.440699
0.415628
0.368007
0.338658
0.319879
0.315993
0.282442
0.221420
0.123495
0.109367
0.169806
0.252682
0.478864
1.008733
1.843960
2.940881
4.101868
4.896991
5.656725
5.649992
5.226092
4.713999
4.203557
2.830731
1.826681
0.486334
-1.036824
-3.361213
-6.196589
-8.725566
-9.292701
-8.336082
-6.840911
-4.030090
0.314157
4.779509
8.651222
10.208118
9.554133
8.085744
5.953332
3.511194
2.415143
1.206701
0.549829
-0.122723
-0.604633
-0.793648
-1.046875
-1.184429
-1.348335
-1.493764
-1.562648
-1.577752
-1.524378
-1.504851
-1.417310
-1.395234
-1.358654
-1.367469
-1.329482
-1.250680
-1.143393
-1.090788
-1.009501
-0.973460
-0.888588
-0.758087
-0.714153
-0.695265
-0.649281
-0.640859
-0.662106
-0.610296
