-0.488883
-0.487899
-0.486441
-0.491296
-0.484015
-0.494729
-0.503982
-0.515189
-0.515467
-0.509819
-0.520507
-0.531692
-0.523803
-0.488737
-0.457692
-0.446522
-0.390955
-0.356192
-0.319953
-0.292850
-0.249414
-0.210703
-0.153277
-0.116020
-0.102728
-0.069505
-0.054214
-0.028413
0.026699
0.048016
0.086970
0.173384
0.249152
0.346918
0.489557
0.641654
0.757522
0.754561
0.663689
0.602644
0.593923
0.617995
0.743262
0.794069
0.915344
1.060144
1.122129
1.150870
1.122043
1.153150
1.084733
1.012779
1.014839
1.046871
1.029588
1.001723
0.919065
0.873528
0.863135
0.811265
0.775778
0.725875
0.686755
0.675206
0.632446
0.579606
0.520727
0.396987
0.594335
0.676169
0.663357
0.609134
0.601387
0.396046
-0.175156
-0.447726
-0.826682
-1.137588
-1.658228
-1.857235
-2.291202
-2.565674
-2.840824
-3.055169
-3.012358
-2.812034
-2.656255
-2.611115
-2.620154
-2.701058
-2.450216
-2.236539
-1.988667
-1.942401
-1.281290
-1.704548
-1.631372
-1.607542
-1.603593
-1.633823
-1.648026
