-0.635500
-0.596612
-0.565168
-0.603033
-0.665104
-0.788045
-0.987789
-1.288007
-1.779884
-2.429079
-3.227404
-3.943750
-4.742813
-5.217100
-5.838448
-6.677799
-7.748490
-9.336369
-11.384653
-13.312707
-15.055678
-16.895054
-19.114290
-22.193605
-25.406242
-28.907343
-30.641806
-30.806005
-30.191669
-30.474377
-31.433727
-32.312122
-33.105717
-33.155571
-32.612183
-32.246891
-31.964424
-31.286285
-30.085857
-27.806566
-24.015570
-18.679062
-12.026587
-2.226145
9.455476
19.663261
26.223951
29.555151
30.162443
29.269100
27.146999
27.716637
27.391399
24.789337
15.594427
1.084005
-13.745766
-21.531172
-26.467529
-22.639500
-17.763918
-10.447313
-2.679659
5.075728
11.125754
14.553858
16.474724
18.570827
22.169178
26.628328
28.699091
28.674706
28.310978
27.928940
27.697802
27.067739
26.179642
25.113131
24.238592
23.563946
23.470121
23.056099
22.695606
22.827957
22.960983
22.565033
21.632370
20.423008
19.150421
17.862967
16.976280
16.391312
15.914340
15.425258
14.967053
14.498150
14.189121
13.847898
13.684282
13.907854
14.062757
