-0.530292
-0.534476
-0.647107
-0.854268
-1.117257
-1.418561
-1.565045
-1.659726
-1.727700
-1.815627
-1.860267
-1.911259
-1.939685
-1.983657
-2.015919
-2.051589
-2.146787
-2.243339
-2.246810
-2.361893
-2.413763
-2.448708
-2.547276
-2.558729
-2.589750
-2.694619
-2.774357
-2.857722
-3.078129
-3.284349
-3.268262
-3.299403
-3.418712
-3.474267
-3.706015
-3.752089
-3.794288
-3.755176
-3.817979
-3.786136
-3.771802
-3.632621
-3.554467
-3.541436
-3.546671
-3.519076
-3.428597
-3.377114
-3.386735
-3.352765
-3.261110
-3.193911
-3.065035
-3.143566
-3.099570
-3.081137
-3.063570
-3.008999
-2.806747
-2.411026
-1.941016
-1.457425
-0.744201
0.077208
0.477565
0.856931
1.103021
1.532442
1.956359
2.166080
2.298071
2.435893
2.565644
2.936806
3.381529
3.594924
4.206804
4.736519
5.157436
5.069639
5.248300
5.179312
5.075529
5.001092
5.062761
5.003743
5.111950
5.212570
5.059143
4.988199
4.950140
4.920398
4.929153
4.800384
4.627585
4.480213
4.388828
4.282617
4.257672
4.194085
4.117783
