0.937873
0.937879
0.937887
0.937898
0.937913
0.937926
0.937943
0.937965
0.937993
0.938019
0.938043
0.938059
0.938071
0.938091
0.938115
0.938131
0.938130
0.938134
0.938121
0.938073
0.938008
0.937908
0.937811
0.937684
0.937574
0.937374
0.937152
0.936897
0.936619
0.936310
0.935954
0.935561
0.935099
0.934610
0.934085
0.933513
0.932903
0.932247
0.931495
0.930697
0.929847
0.928954
0.928037
0.927028
0.925958
0.924821
0.923606
0.922343
0.921001
0.919610
0.918175
0.916684
0.915107
0.913495
0.911829
0.910117
0.908367
0.906567
0.904684
0.902766
0.900789
0.898763
0.896696
0.894639
0.892549
0.890444
0.888315
0.886199
0.884058
0.881920
0.879753
0.877593
0.875450
0.873335
0.871290
0.869251
0.867295
0.865403
0.863587
0.861758
0.859949
0.858225
0.856580
0.854957
0.853477
0.852051
0.850709
0.849379
0.848121
0.846915
0.845777
0.844688
0.843672
0.842677
0.841715
0.840787
0.839911
0.839088
0.838304
0.837570
0.836931
