0.027402
0.029028
0.029951
0.028573
0.027068
0.026015
0.022841
0.019758
0.023896
0.025772
0.026652
0.027601
0.028175
0.028419
0.028723
0.029132
0.029477
0.029905
0.030312
0.030661
0.031030
0.031416
0.031814
0.032210
0.032667
0.033110
0.033513
0.033901
0.034338
0.034789
0.035180
0.035585
0.035997
0.036405
0.036802
0.037210
0.037602
0.037988
0.038393
0.038790
0.039187
0.039579
0.039973
0.040381
0.040767
0.041147
0.041536
0.041944
0.042329
0.042717
0.043107
0.043485
0.043862
0.044241
0.044618
0.045002
0.045382
0.045765
0.046158
0.046554
0.046935
0.047339
0.047740
0.048119
0.048511
0.048930
0.049329
0.049713
0.050110
0.050506
0.050903
0.051290
0.051680
0.052063
0.052450
0.052840
0.053225
0.053609
0.053987
0.054372
0.054754
0.055129
0.055508
0.055881
0.056261
0.056639
0.057017
0.057391
0.057769
0.058147
0.058517
0.058898
0.059274
0.059648
0.060021
0.060389
0.060763
0.061130
0.061497
0.061858
0.062231
