-3.127161
-10.646746
-17.203176
-17.006464
-9.900370
10.642904
-11.989486
-3.630586
-3.700021
-4.632547
-3.287793
-1.908329
-0.431331
-0.041967
-0.027744
0.049764
0.264043
0.495194
0.385860
0.405353
0.734668
0.729753
0.919251
1.003629
1.029945
0.769346
0.684836
0.791446
0.698299
0.393556
0.415626
0.464347
0.551817
0.581626
0.600222
0.600679
0.553601
0.494487
0.521739
0.554311
0.528247
0.535885
0.565051
0.568797
0.563974
0.545361
0.543525
0.543705
0.518030
0.502666
0.507556
0.501844
0.491392
0.469959
0.475288
0.483508
0.489802
0.524488
0.553569
0.563852
0.570785
0.566001
0.589385
0.616151
0.607785
0.618630
0.609159
0.603961
0.592554
0.585336
0.579626
0.581465
0.577231
0.577872
0.571537
0.568838
0.563988
0.570358
0.574346
0.578204
0.568172
0.559461
0.557215
0.551975
0.570084
0.577785
0.574337
0.564120
0.570698
0.562657
0.552908
0.549066
0.550940
0.555526
0.561817
0.561632
0.556112
0.556014
0.558525
0.559254
0.558269
