7.730026
7.798729
7.957887
8.233446
8.494225
8.797897
8.864608
9.313474
9.787467
10.639438
10.840887
11.352023
11.692441
11.537015
11.842697
12.200878
12.398080
11.964622
11.458034
10.680614
10.248750
10.149766
9.841075
9.524389
9.363888
8.975426
8.429388
8.328196
8.284132
8.296078
7.730182
7.154505
6.593924
6.625652
6.984591
6.540171
6.473913
6.230960
6.176149
6.300263
6.164938
6.227259
5.965178
5.997841
5.509595
5.301519
5.334142
5.240568
5.243979
5.007028
3.779714
2.233646
1.632097
1.424810
1.506062
-0.638686
-0.673061
0.061608
0.539848
1.027327
1.349340
1.169581
0.795627
0.644695
1.150401
1.327140
1.563604
1.802676
3.324171
4.211200
6.041056
7.977153
7.727254
8.383123
8.745070
8.201804
7.506037
5.863536
5.742211
5.858886
5.371540
4.918217
4.316047
4.197332
3.558694
4.246156
4.199422
4.145686
4.111839
4.166572
4.032421
3.830245
4.011130
4.026211
4.303582
4.825514
4.945565
5.144132
5.413478
5.421284
5.225871
