0.933964
0.933994
0.934035
0.934083
0.934160
0.934296
0.934778
0.935233
0.935653
0.936005
0.935345
0.934697
0.934507
0.934602
0.934978
0.935458
0.936495
0.937314
0.937334
0.936626
0.935659
0.935043
0.934473
0.934157
0.935666
0.937498
0.938482
0.938937
0.938977
0.938192
0.936740
0.935918
0.935531
0.935345
0.935495
0.936522
0.938336
0.939255
0.939038
0.938050
0.936492
0.934780
0.933405
0.932802
0.932354
0.932269
0.933484
0.934515
0.934477
0.932989
0.930917
0.928749
0.926712
0.924526
0.923442
0.922865
0.923242
0.923828
0.923921
0.923247
0.921784
0.919684
0.917161
0.915306
0.912467
0.910096
0.908668
0.908024
0.908817
0.909936
0.911084
0.910219
0.908340
0.907133
0.906894
0.906877
0.907266
0.907702
0.908872
0.910233
0.911013
0.910735
0.909625
0.909061
0.908830
0.909144
0.909515
0.909907
0.910525
0.911608
0.912501
0.912887
0.912392
0.911225
0.910214
0.910103
0.910067
0.910804
0.910902
0.911152
0.911411
