0.807440
1.050375
1.206699
1.384312
1.486747
1.619039
1.742282
1.985982
2.166838
2.356304
2.629129
2.697228
2.772894
2.832245
2.948081
3.118064
3.213868
3.164605
3.103023
3.143380
3.198096
3.146379
2.984677
2.770749
2.564066
2.337794
2.090928
1.879862
1.676999
1.398509
1.214461
1.060240
1.179730
2.195993
4.118663
7.320743
11.783677
16.905167
19.991484
20.814405
19.948452
19.092876
17.964649
16.714867
14.233569
9.526447
3.545668
-5.061270
-13.509216
-22.834303
-32.847630
-37.434746
-35.354134
-34.963955
-32.055733
-24.618536
-18.010878
-14.042130
-10.650953
-7.342601
-6.199427
-5.336206
-4.776101
-3.302957
-3.796954
-3.603719
-3.146295
-2.642204
-2.324874
-1.859033
-1.307169
-0.915478
-0.815108
-0.586727
-0.461444
-0.436686
-0.377711
-0.412425
-0.338848
-0.034306
-0.064432
-0.172834
-0.163521
-0.177033
-0.060953
-0.151642
-0.213057
-0.244934
-0.063225
-0.224325
-0.458869
-0.550489
-0.539706
-0.514336
-0.563091
-0.606238
-0.525984
-0.440534
-0.470036
-0.463973
-0.449650
