0.057685
0.057938
0.058163
0.058431
0.058627
0.058760
0.058904
0.059027
0.059280
0.059543
0.059780
0.060018
0.060217
0.060475
0.060718
0.060853
0.060846
0.060755
0.060508
0.060277
0.059928
0.059616
0.059370
0.059125
0.058873
0.058557
0.058379
0.058109
0.057859
0.057639
0.057771
0.058063
0.058370
0.058877
0.059666
0.060613
0.061644
0.062726
0.063839
0.065067
0.066149
0.067411
0.068525
0.069623
0.070575
0.071471
0.072339
0.073155
0.073911
0.074634
0.075332
0.076032
0.076741
0.077365
0.077950
0.078550
0.079097
0.079613
0.080071
0.080490
0.080898
0.081207
0.081522
0.081827
0.082151
0.082422
0.082639
0.082841
0.083014
0.083199
0.083330
0.083405
0.083485
0.083569
0.083730
0.083887
0.084075
0.084177
0.084222
0.084290
0.084413
0.084509
0.084630
0.084752
0.084937
0.085068
0.085287
0.085472
0.085684
0.085836
0.085985
0.086147
0.086327
0.086508
0.086710
0.086871
0.087000
0.087143
0.087300
0.087441
0.087587
