1.707540
1.712225
1.722984
1.731275
1.853615
1.849911
1.902503
1.067865
2.374406
4.437506
4.645981
4.002610
3.919265
4.789003
5.006499
10.182842
2.850518
5.421433
1.032889
9.536160
7.411199
-0.745448
7.734071
28.672075
-25.231028
-35.234589
-26.277632
0.167042
40.296883
19.817806
-2.267507
14.219575
31.969122
-13.830679
-17.081638
-18.054062
-15.710561
-16.796619
-13.746817
-1.369245
20.436077
20.460861
8.554045
-1.526030
5.540636
-28.515688
-26.018736
-23.387503
-13.655290
-20.990921
-34.986492
-15.295845
4.206446
4.963429
-11.361263
-27.808006
28.619501
85.416718
57.265533
0.208512
-18.293299
-15.824043
-28.063368
-45.432144
-41.007618
-16.207151
11.059788
47.472107
22.400524
31.114578
10.986650
-10.942316
-39.505619
-36.958805
-28.784479
-3.725482
-13.438884
-43.809071
-27.991488
4.153213
40.288414
31.401812
-2.610014
14.661104
-2.520822
-5.919145
-13.400475
-6.520190
-14.875475
-10.438350
-40.609489
-34.014221
-17.718676
15.939976
15.777169
10.143282
12.049134
26.867657
32.399170
23.388203
16.734970
