-0.202178
-0.202170
-0.202168
-0.202175
-0.202170
-0.202161
-0.202181
-0.202189
-0.202183
-0.202178
-0.202166
-0.202163
-0.202180
-0.202151
-0.202134
-0.202096
-0.202084
-0.202051
-0.202028
-0.201985
-0.201981
-0.201970
-0.201974
-0.201975
-0.201975
-0.201972
-0.201978
-0.201993
-0.202004
-0.202013
-0.202061
-0.202079
-0.202145
-0.202211
-0.202258
-0.202313
-0.202351
-0.202360
-0.202396
-0.202411
-0.202430
-0.202425
-0.202389
-0.202390
-0.202324
-0.202263
-0.202171
-0.202061
-0.201916
-0.201786
-0.201615
-0.201420
-0.201232
-0.201002
-0.200788
-0.200555
-0.200356
-0.200149
-0.199984
-0.199852
-0.199722
-0.199609
-0.199560
-0.199478
-0.199439
-0.199436
-0.199438
-0.199463
-0.199493
-0.199536
-0.199576
-0.199672
-0.199759
-0.199843
-0.199967
-0.200055
-0.200141
-0.200255
-0.200347
-0.200445
-0.200550
-0.200645
-0.200739
-0.200829
-0.200925
-0.201011
-0.201097
-0.201178
-0.201254
-0.201327
-0.201391
-0.201478
-0.201572
-0.201664
-0.201746
-0.201807
-0.201884
-0.201969
-0.202037
-0.202089
-0.202154
