1.938489
2.167006
2.438524
2.825893
3.285377
3.717383
4.326594
5.392049
5.817134
5.660379
5.732319
6.422482
7.496463
9.179854
8.547401
7.414767
6.002032
6.789340
7.411634
7.908329
7.573856
8.440879
8.083282
7.912845
7.617727
7.623407
7.150146
7.002975
7.046452
6.793275
6.705966
6.979311
6.796388
7.164176
6.701033
6.328604
6.200538
5.729242
5.771274
4.833810
4.644244
4.799709
4.680545
3.371958
3.168778
2.035529
2.363055
2.070300
2.497886
1.808922
1.842419
1.220234
1.000743
0.651282
0.392401
0.169238
0.397637
1.113089
1.240551
1.861781
2.521792
2.770613
2.525711
2.793925
2.742693
2.818880
3.213480
3.373440
3.386822
3.493887
3.502960
3.717674
4.189800
3.904150
3.698217
3.785172
3.638665
3.571078
3.639024
3.616727
3.630043
3.609913
3.539517
3.400002
3.266460
3.184304
3.057202
2.905939
2.797524
2.758493
2.734057
2.690389
2.690209
2.641907
2.888147
2.673830
2.319280
2.073243
1.940163
1.856519
1.772727
