-0.796030
-0.827913
-0.846313
-0.787167
-0.741228
-0.753913
-0.735690
-0.750709
-0.777679
-0.846079
-1.045853
-1.340376
-1.774503
-2.448168
-3.252865
-4.473720
-5.577213
-6.587300
-6.868032
-7.442146
-8.190405
-9.131707
-9.658717
-10.219250
-10.823131
-11.918007
-13.598805
-14.893470
-16.380049
-19.138767
-20.619062
-22.075375
-23.818933
-24.911533
-25.865177
-26.641731
-28.079618
-27.664730
-27.915699
-27.532013
-26.552252
-25.299398
-24.026653
-22.643959
-21.260199
-20.655680
-20.150543
-19.088223
-16.515638
-11.958557
-7.700033
-2.786038
1.195274
5.513138
0.925913
1.753240
8.544891
16.847496
19.522491
18.809889
18.674950
20.234407
21.516216
18.106712
14.432155
11.043104
8.725053
7.276610
7.274500
7.886489
8.796268
9.787303
10.099526
10.234885
10.894536
11.464421
11.844450
11.629988
11.797935
12.338063
13.296556
14.430980
14.881687
14.734260
13.738084
13.486172
13.207094
13.085450
12.794218
12.861930
12.900414
13.513305
14.304545
14.472834
14.334466
13.882801
13.126210
12.927792
12.816384
12.772833
12.205188
