0.292516
0.292517
0.292526
0.292533
0.292553
0.292585
0.292631
0.292687
0.292780
0.292901
0.293084
0.293246
0.293434
0.293630
0.293856
0.294093
0.294360
0.294659
0.294955
0.295258
0.295582
0.295932
0.296288
0.296644
0.297002
0.297370
0.297736
0.298107
0.298475
0.298840
0.299211
0.299584
0.299942
0.300296
0.300606
0.300863
0.301084
0.301284
0.301477
0.301669
0.301834
0.301940
0.302008
0.302100
0.302182
0.302264
0.302286
0.302266
0.302248
0.302226
0.302134
0.302079
0.302094
0.302094
0.302153
0.302258
0.302377
0.302534
0.302709
0.302906
0.303111
0.303329
0.303585
0.303915
0.304248
0.304631
0.305011
0.305400
0.305793
0.306189
0.306617
0.307063
0.307519
0.307972
0.308431
0.308890
0.309349
0.309800
0.310268
0.310732
0.311217
0.311692
0.312145
0.312592
0.313042
0.313485
0.313911
0.314349
0.314775
0.315200
0.315596
0.315975
0.316352
0.316724
0.317065
0.317382
0.317714
0.318013
0.318273
0.318513
0.318739
