0.285831
0.286213
0.286598
0.286975
0.287220
0.287849
0.288684
0.289827
0.291389
0.292690
0.293342
0.293337
0.293262
0.293065
0.293293
0.293848
0.294180
0.294499
0.295269
0.295380
0.294725
0.294378
0.292920
0.291454
0.289671
0.287413
0.284901
0.282648
0.282218
0.283657
0.284726
0.285265
0.285293
0.285060
0.284655
0.284311
0.284167
0.284095
0.284430
0.284732
0.285148
0.285494
0.285697
0.285458
0.284275
0.283305
0.281733
0.280134
0.278337
0.276306
0.274793
0.273684
0.273170
0.274010
0.275295
0.276501
0.277488
0.278438
0.279227
0.279808
0.280116
0.280207
0.280253
0.280209
0.280032
0.279699
0.279612
0.279587
0.279876
0.279954
0.279369
0.278710
0.278212
0.277482
0.277094
0.276314
0.275456
0.274568
0.273491
0.272292
0.270860
0.269394
0.268055
0.268170
0.269790
0.271163
0.272336
0.273142
0.273492
0.273325
0.272754
0.272264
0.272050
0.271686
0.271147
0.270739
0.270218
0.269331
0.268433
0.267244
0.265922
