0.555333
0.555098
0.554869
0.554786
0.554640
0.554526
0.553669
0.552160
0.550918
0.550164
0.549777
0.549722
0.549881
0.550424
0.551171
0.551349
0.551518
0.551531
0.552073
0.552614
0.552739
0.552709
0.552711
0.552579
0.552442
0.552518
0.552548
0.551609
0.550183
0.548820
0.547902
0.547472
0.547348
0.547531
0.547979
0.548338
0.548974
0.549681
0.550512
0.551135
0.551788
0.552622
0.553173
0.553742
0.554261
0.554730
0.555212
0.555801
0.556580
0.557364
0.558103
0.558426
0.558295
0.557453
0.556379
0.555378
0.554597
0.553909
0.553417
0.553166
0.553281
0.553582
0.553867
0.554304
0.554894
0.555535
0.556276
0.557154
0.557992
0.558791
0.559755
0.560426
0.561093
0.561759
0.562374
0.563052
0.563771
0.564556
0.565319
0.566147
0.567406
0.568109
0.568090
0.567335
0.566095
0.564813
0.564262
0.563942
0.563900
0.564611
0.565558
0.566576
0.567712
0.568612
0.569465
0.570226
0.570848
0.571564
0.572347
0.573151
0.574202
