2.077175
2.112826
2.139613
2.174898
2.219962
2.279349
2.368631
2.381220
2.014054
1.898799
1.751080
0.549863
1.972469
3.727466
0.295325
-5.267044
-24.182703
-19.738716
-15.192957
-7.894100
-6.645626
-4.423341
-2.444903
-0.922134
0.128782
0.210361
-0.330836
0.191146
0.709571
0.261025
1.501836
1.555414
1.732775
1.887823
1.913563
1.926020
2.120483
2.100511
2.102824
2.197713
2.229775
2.217798
2.104007
2.158993
2.197148
3.135638
4.351412
8.184402
4.274439
11.020388
-1.774446
0.059455
13.985039
12.099338
10.074928
14.424293
14.319485
11.774750
9.854741
8.041658
6.522311
2.500227
3.645662
5.793030
5.161830
4.651443
4.480364
4.185958
3.887179
3.631478
3.521976
3.361922
3.238869
3.123031
3.170393
3.347421
2.994678
3.200556
3.071468
3.018218
2.768790
2.595234
2.645080
2.426648
2.489643
2.487153
2.505889
2.494246
2.431380
2.244586
2.266735
2.362379
2.738854
2.913061
2.875688
3.135982
3.478540
3.733192
3.813380
3.845718
3.520994
