0.418651
0.418693
0.394498
0.348841
0.062516
-0.265199
0.022000
-0.445124
-0.074848
0.874689
3.221630
6.212905
8.445139
9.505217
9.319069
8.705779
7.973855
7.322815
6.799363
5.855704
5.112504
4.536156
4.118241
3.778483
3.593943
3.254324
2.993064
2.687716
2.430065
2.185263
1.968354
1.727628
1.523927
1.450625
1.433064
1.382588
1.213807
1.063518
0.940118
0.437125
-1.410273
-2.803322
-5.709836
-10.391786
-14.586485
-15.051985
-15.292474
-10.512435
-5.800655
-3.950038
-2.008496
-1.557292
-1.448169
-1.257940
-1.121722
-1.233094
-1.063810
-1.153316
-1.003240
-0.996434
-0.841020
-0.766228
-0.692285
-0.615173
-0.527979
-0.470076
-0.404477
-0.338422
-0.312035
-0.332406
-0.217737
-0.244045
-0.227936
-0.192451
-0.109449
-0.055766
-0.022295
0.006615
0.026818
0.052309
0.063347
0.088241
0.150275
0.185512
0.303657
0.335598
0.404933
0.300770
0.156111
0.087016
0.060362
-0.005641
-0.065271
-0.082354
-0.035027
-0.050578
-0.061702
0.038573
0.085555
0.150154
0.147581
