0.309584
0.309508
0.309501
0.309624
0.309830
0.310108
0.310627
0.311175
0.311936
0.312664
0.313413
0.314310
0.315290
0.316333
0.317457
0.318699
0.319936
0.321229
0.322593
0.323883
0.325041
0.326123
0.327507
0.328970
0.330446
0.332097
0.333768
0.335387
0.336942
0.338389
0.339576
0.340802
0.342048
0.343331
0.344588
0.345837
0.347204
0.348689
0.350035
0.351335
0.352574
0.353680
0.354511
0.355392
0.356464
0.357597
0.358770
0.359873
0.360711
0.361320
0.361619
0.361780
0.361888
0.361729
0.361658
0.361575
0.361277
0.361226
0.361109
0.360973
0.360817
0.360644
0.360499
0.360535
0.360700
0.361039
0.361374
0.361752
0.362308
0.362963
0.363786
0.364640
0.365605
0.366537
0.367446
0.368510
0.369624
0.370790
0.371826
0.373099
0.374370
0.375615
0.376907
0.378375
0.379890
0.381400
0.382952
0.384498
0.386108
0.387652
0.389057
0.390479
0.391761
0.393175
0.394436
0.395654
0.396803
0.397734
0.398712
0.399530
0.400311
