-0.016425
-0.016264
-0.016114
-0.015967
-0.015818
-0.015699
-0.015550
-0.015402
-0.015323
-0.015127
-0.014921
-0.014725
-0.014560
-0.014400
-0.014245
-0.014123
-0.014113
-0.014027
-0.013979
-0.013992
-0.014109
-0.014101
-0.014121
-0.014075
-0.013874
-0.013926
-0.013839
-0.013826
-0.013802
-0.013755
-0.013763
-0.013874
-0.014047
-0.014317
-0.014708
-0.014591
-0.015021
-0.015397
-0.015830
-0.016452
-0.016941
-0.017488
-0.017829
-0.017885
-0.017904
-0.017481
-0.017080
-0.016640
-0.016055
-0.015430
-0.014967
-0.014491
-0.014105
-0.013858
-0.013658
-0.013610
-0.013653
-0.013732
-0.013823
-0.013813
-0.014237
-0.014565
-0.014910
-0.015262
-0.015579
-0.015753
-0.016057
-0.016339
-0.016655
-0.017003
-0.016846
-0.016954
-0.016948
-0.016916
-0.016795
-0.016567
-0.016412
-0.016214
-0.016032
-0.015855
-0.015512
-0.015107
-0.014539
-0.013985
-0.013510
-0.013036
-0.012535
-0.012057
-0.011652
-0.011324
-0.011014
-0.010707
-0.010392
-0.010144
-0.009931
-0.009749
-0.009558
-0.009529
-0.009421
-0.009321
-0.009250
