0.533895
0.572497
0.611422
0.695992
0.825895
1.027237
1.139533
1.153962
1.271061
1.274831
1.253074
1.238926
1.121446
0.914028
0.609130
0.094611
-0.992550
-3.174619
-7.541659
-14.442166
-23.237261
-30.393250
-28.625547
-23.442282
-15.290683
-4.648060
7.825580
19.399023
27.338787
31.716156
36.219143
38.899185
39.754829
37.448742
33.803150
28.579420
19.444695
4.531248
-13.318503
-28.991472
-39.180485
-44.131702
-41.670681
-40.839420
-35.000092
-27.103838
-16.573524
-4.697317
9.536680
19.093039
25.161932
28.226049
29.840414
30.243950
29.355629
27.275215
27.907169
25.239656
21.483547
17.242874
13.316720
8.805688
7.356034
4.656224
2.617496
1.043022
-1.646915
-4.179222
-6.016531
-8.017236
-9.280453
-10.194736
-10.013749
-10.057356
-10.559245
-11.153332
-13.034278
-14.356285
-15.308800
-15.719418
-15.445082
-15.303611
-15.452331
-15.303487
-14.699298
-13.895336
-13.044851
-12.595510
-12.117508
-11.371857
-10.835591
-10.212225
-9.613098
-8.825815
-7.988292
-7.292705
-6.068527
-4.986021
-3.458260
-2.146086
-0.380286
