0.145549
0.145564
0.145580
0.145593
0.145600
0.145595
0.145565
0.145530
0.145459
0.145393
0.145318
0.145263
0.145187
0.145085
0.144960
0.144707
0.144536
0.144367
0.144187
0.144000
0.143798
0.143625
0.143461
0.143424
0.143449
0.143296
0.143206
0.143111
0.143033
0.143042
0.143078
0.143003
0.142605
0.142369
0.142093
0.141881
0.141541
0.141366
0.140973
0.140968
0.141013
0.140964
0.140730
0.140582
0.140411
0.140245
0.140078
0.139966
0.139894
0.139733
0.139418
0.139192
0.138911
0.138497
0.138040
0.137541
0.136965
0.136084
0.135387
0.134785
0.134214
0.133762
0.133245
0.132766
0.132350
0.132032
0.131736
0.131427
0.131182
0.130837
0.130719
0.130747
0.130938
0.130962
0.130731
0.130352
0.130064
0.130010
0.130147
0.130457
0.130514
0.130330
0.129874
0.129456
0.129358
0.129418
0.129482
0.129389
0.129366
0.129145
0.128953
0.128807
0.128694
0.128507
0.128389
0.128225
0.128061
0.127868
0.127741
0.127615
0.127459
