-0.214010
-0.207469
-0.212852
-0.219202
-0.276430
-0.431958
-0.659208
-1.048723
-1.713401
-2.634966
-3.992753
-5.771173
-7.930139
-10.794435
-14.498139
-18.807192
-21.929552
-23.986982
-25.235582
-25.689615
-25.838572
-25.681953
-25.450829
-24.683792
-23.809296
-22.785364
-21.639891
-20.735905
-20.210920
-19.308174
-16.480034
-10.699228
-3.239463
6.138573
13.591228
13.473562
8.763517
0.961030
-6.438018
-12.054397
-11.915210
-9.202871
-7.535812
-8.514560
-12.260404
-19.328859
-22.583836
-24.707991
-27.182409
-29.862087
-30.704638
-30.902893
-29.628695
-27.167583
-25.808039
-23.358011
-19.940216
-14.255722
-7.113971
-0.086037
6.893088
13.403349
18.216063
21.616673
25.126869
25.559423
25.860735
25.623001
24.431942
24.137247
21.759970
17.095524
15.481885
20.323465
25.794706
27.098886
22.780977
12.998250
-1.559860
-7.627837
-0.467589
3.645349
9.643963
21.738537
36.107460
41.966656
43.579353
44.170872
43.246960
41.494171
40.329521
39.749584
38.312115
35.583183
32.274635
28.713408
25.410336
22.536844
19.999847
17.345287
14.813626
