0.884445
1.006221
1.091305
1.219384
1.381460
1.578237
1.785163
1.817801
1.674306
1.665156
1.768771
1.829226
1.891059
1.849641
1.755849
1.775791
1.787029
1.805047
1.747842
1.622449
1.700464
1.836987
1.931079
1.918488
1.827120
1.626401
1.352351
0.795618
0.988303
1.009916
1.338638
1.520018
1.767077
1.539625
1.373641
0.984879
0.811819
0.525583
0.393339
0.289118
0.354352
0.341250
0.350178
0.204822
-0.456293
-1.330906
-2.827355
-4.366855
-5.054178
-2.006587
3.392108
8.851666
13.726496
15.777884
5.520894
-6.777742
-16.212591
-21.084389
-10.151433
2.263316
15.897879
28.071669
34.060467
33.973011
33.071232
30.938820
28.048763
25.153843
19.181187
6.654343
-5.694180
-15.587435
-20.168472
-22.370501
-22.854616
-22.336632
-21.121428
-20.009752
-17.383411
-13.911682
-8.750291
-3.011220
3.628145
10.473980
16.261761
22.665606
26.656906
25.549749
25.084240
24.609558
23.410580
22.125299
18.484274
13.250869
7.279674
2.895015
-0.879199
-2.665814
-4.976363
-5.844343
-6.343113
