0.015370
0.015415
0.015455
0.015509
0.015538
0.015571
0.015628
0.015671
0.015775
0.015798
0.015855
0.015873
0.015933
0.015950
0.015979
0.015980
0.015933
0.015899
0.015828
0.015760
0.015702
0.015674
0.015676
0.015652
0.015604
0.015523
0.015421
0.015269
0.015147
0.015019
0.014931
0.014841
0.014748
0.014645
0.014555
0.014450
0.014314
0.014193
0.014023
0.013868
0.013741
0.013605
0.013496
0.013361
0.013203
0.013135
0.012946
0.012737
0.012482
0.012282
0.012076
0.011784
0.011598
0.011390
0.011186
0.010922
0.010786
0.010585
0.010403
0.010274
0.010235
0.009955
0.009808
0.009591
0.009412
0.009168
0.009001
0.008762
0.008535
0.008521
0.008400
0.008354
0.008311
0.008209
0.008134
0.008075
0.007994
0.007922
0.007799
0.007736
0.007633
0.007548
0.007409
0.007323
0.007186
0.007042
0.006874
0.006667
0.006427
0.006207
0.006056
0.005911
0.005718
0.005582
0.005449
0.005351
0.005272
0.005199
0.005147
0.005093
0.005051
