-0.541175
-0.542381
-0.543609
-0.544854
-0.546123
-0.547432
-0.548765
-0.550061
-0.551308
-0.552551
-0.553810
-0.555059
-0.556250
-0.557510
-0.558675
-0.559856
-0.560717
-0.561586
-0.562503
-0.563378
-0.563993
-0.564328
-0.563716
-0.561629
-0.558762
-0.554719
-0.551029
-0.547237
-0.543920
-0.541087
-0.538423
-0.537274
-0.537169
-0.537628
-0.538491
-0.539434
-0.540447
-0.541354
-0.541946
-0.541967
-0.541486
-0.539563
-0.536856
-0.533500
-0.529556
-0.526084
-0.522832
-0.519668
-0.517394
-0.516383
-0.515822
-0.516096
-0.516820
-0.517926
-0.518858
-0.519291
-0.519636
-0.519487
-0.518446
-0.516390
-0.513484
-0.509808
-0.505745
-0.502129
-0.498598
-0.495385
-0.492539
-0.490695
-0.490000
-0.489386
-0.489518
-0.489860
-0.490729
-0.491740
-0.491869
-0.490708
-0.488002
-0.484107
-0.479541
-0.475549
-0.471721
-0.468485
-0.467534
-0.467632
-0.468517
-0.469479
-0.470760
-0.472089
-0.473427
-0.474742
-0.476096
-0.477674
-0.479135
-0.480576
-0.482054
-0.483512
-0.484920
-0.486369
-0.487812
-0.489063
-0.490467
