0.039330
-0.900533
-2.623268
-5.732122
-7.424449
-3.237139
6.520408
20.382751
31.060902
30.001266
24.627626
19.679895
10.157776
-17.703812
-46.321674
-71.319649
-81.398499
-80.085419
-79.455536
-68.579407
-20.154247
46.899235
83.690727
79.667511
72.568542
65.468582
43.502811
16.767172
-2.908234
-0.428254
-4.390064
-18.135061
-41.693047
-66.084732
-84.119949
-87.203606
-95.070442
-71.040291
-7.450190
69.562363
93.086761
89.279747
79.871964
67.118942
54.185913
40.944431
31.335346
21.635614
2.716890
-25.023739
-54.291969
-79.140488
-91.422340
-89.922066
-90.138382
-85.087578
-66.628761
-35.990246
6.105200
51.337040
89.889832
100.271553
89.960464
77.580185
56.573689
3.768620
-75.629097
-133.676865
-151.623428
-137.945984
-99.482590
-40.746254
6.292346
22.271214
29.876863
33.487289
34.479179
34.659283
33.382084
32.267601
30.751348
28.955971
26.677206
23.815561
20.821407
17.695772
15.310715
14.177797
12.917009
12.255315
11.879330
10.446594
9.417286
8.722547
7.967156
6.954504
6.095722
5.564244
4.924955
4.059263
3.315105
