4.528308
4.225551
4.204012
4.565861
4.956915
5.554137
5.793108
5.459524
6.162616
8.702234
14.491818
25.764435
47.371708
86.787460
117.988342
104.185471
79.244934
67.544403
57.875717
44.058945
25.473486
-18.602249
-37.585888
-22.206291
-4.008607
11.574422
21.977255
28.514053
41.483543
56.699673
67.396317
85.199806
95.513428
96.584755
90.089745
72.665169
55.414543
44.277100
28.945713
-5.985841
-23.456478
-13.921834
-2.503281
10.156507
24.219450
40.111504
48.530334
61.540607
75.908890
83.028145
87.629822
85.732323
76.165298
58.259159
46.712715
35.907215
21.363474
-6.688330
-34.992775
-41.910900
-39.814285
-33.035694
-21.986042
-6.395263
32.292252
88.535629
130.369354
125.695419
102.177643
70.104118
35.121368
-2.255026
-61.644112
-85.274506
-74.053383
-56.288990
-42.327171
-30.193050
-22.778440
-19.131014
-17.728943
-18.038120
-17.900574
-16.997902
-16.000111
-14.654838
-12.827954
-11.056098
-9.472251
-7.791344
-6.707377
-5.547559
-4.403085
-3.349117
-2.373935
-1.218172
-0.879829
-1.027321
-1.980903
-3.013098
-3.047746
