0.915699
0.915732
0.915771
0.915816
0.915857
0.915895
0.915930
0.915967
0.916009
0.916051
0.916094
0.916126
0.916168
0.916198
0.916223
0.916253
0.916281
0.916294
0.916292
0.916287
0.916265
0.916166
0.916119
0.916069
0.915974
0.915854
0.915705
0.915537
0.915318
0.915062
0.914711
0.914301
0.913883
0.913378
0.912853
0.912305
0.911772
0.911235
0.910681
0.910115
0.909545
0.908973
0.908396
0.907801
0.907188
0.906572
0.905956
0.905332
0.904702
0.904083
0.903470
0.902888
0.902231
0.901611
0.901006
0.900360
0.899733
0.899104
0.898500
0.897942
0.897415
0.896908
0.896420
0.895963
0.895530
0.895112
0.894710
0.894334
0.893975
0.893631
0.893327
0.893040
0.892776
0.892505
0.892249
0.892001
0.891755
0.891547
0.891344
0.891168
0.891002
0.890858
0.890724
0.890599
0.890492
0.890406
0.890334
0.890277
0.890224
0.890213
0.890186
0.890164
0.890154
0.890159
0.890155
0.890176
0.890192
0.890222
0.890248
0.890278
0.890315
