0.379682
0.379607
0.379522
0.379438
0.379373
0.379346
0.379384
0.379452
0.379552
0.379612
0.379800
0.380020
0.380213
0.380398
0.380651
0.380954
0.381285
0.381682
0.382114
0.382553
0.383025
0.383510
0.383991
0.384464
0.384970
0.385504
0.386038
0.386565
0.387115
0.387639
0.388165
0.388717
0.389285
0.389827
0.390398
0.390964
0.391560
0.392147
0.392712
0.393281
0.393883
0.394477
0.395078
0.395688
0.396253
0.396823
0.397343
0.397880
0.398470
0.399094
0.399649
0.400199
0.400774
0.401341
0.401846
0.402364
0.402890
0.403396
0.403877
0.404362
0.404808
0.405263
0.405700
0.406127
0.406526
0.406917
0.407327
0.407653
0.408006
0.408321
0.408669
0.408937
0.409187
0.409457
0.409690
0.409871
0.410018
0.410173
0.410316
0.410405
0.410474
0.410542
0.410599
0.410628
0.410651
0.410644
0.410621
0.410603
0.410579
0.410528
0.410466
0.410403
0.410338
0.410278
0.410218
0.410148
0.410077
0.410007
0.409939
0.409859
0.409783
