1.113926
0.846569
0.574206
0.226938
-0.334975
-0.843710
-1.384081
-2.035472
-2.735963
-4.197944
-6.118229
-7.192166
-5.998481
-6.015446
-7.361215
-8.582217
-9.728597
-10.389687
-11.910343
-13.693184
-15.569110
-16.695526
-16.881041
-17.108976
-16.819653
-15.823353
-14.235785
-12.735988
-11.523616
-10.511348
-9.236366
-7.945510
-6.110883
-4.440930
-3.327748
-2.660542
-2.112081
-1.487921
-1.352403
-1.007668
-0.988232
-1.094141
-1.146924
-0.818114
-0.860047
-0.937682
-0.795906
-0.419735
0.266787
1.600489
2.700453
3.330359
3.849740
4.551778
4.905129
5.011717
5.399977
5.880848
6.134392
6.427412
6.615458
6.705046
6.890864
6.703715
6.480684
6.293177
6.246209
6.323635
6.206549
6.402781
6.476135
6.650767
6.547410
6.460473
6.588175
6.856259
6.907654
6.991535
7.064195
7.196183
7.015632
6.900791
6.860991
7.003328
6.830093
6.567595
6.311073
6.192854
6.078625
5.962829
5.918979
5.725319
5.555377
5.202157
4.971550
4.742250
4.483726
4.361670
4.298103
4.134764
4.020205
