-1.191740
-1.427232
-1.592420
-2.041228
-2.675488
-3.391124
-3.765882
-3.880241
-4.099845
-4.736583
-5.684240
-6.124622
-6.829733
-7.658121
-9.072301
-10.644465
-12.121677
-13.273679
-13.622072
-13.762763
-14.000994
-14.366538
-14.600019
-14.732877
-14.541300
-13.894348
-12.741527
-11.256213
-9.518595
-7.705721
-5.297813
-3.441422
-2.132515
-0.315270
0.048792
-0.136981
-0.771114
-1.404441
-2.510824
-3.440503
-4.162402
-4.265127
-4.282667
-3.946493
-3.624889
-5.079852
-7.975730
-11.899837
-14.835662
-19.305876
-21.074383
-21.680758
-22.620846
-23.085203
-23.588036
-23.619797
-24.325922
-20.821518
-16.610043
-11.141832
-6.741549
-1.874222
2.671487
8.064878
11.642666
14.142610
15.069216
16.914324
17.748198
19.098576
19.827200
20.423424
20.145998
19.470728
18.555489
17.860811
17.363216
16.852135
16.320948
15.455439
14.630215
14.014109
13.679088
13.480132
13.576899
13.636308
13.705341
14.091428
14.525168
14.722083
14.474179
14.140622
13.857784
13.378400
13.194392
13.371405
13.558726
13.462993
13.197021
12.754221
12.562593
