0.947033
0.947046
0.947063
0.947072
0.947085
0.947104
0.947126
0.947135
0.947125
0.947110
0.947116
0.947128
0.947167
0.947240
0.947442
0.947349
0.946934
0.946295
0.945544
0.944710
0.943829
0.942957
0.942077
0.941189
0.940270
0.939334
0.938372
0.937500
0.936880
0.936723
0.936877
0.936913
0.936982
0.937028
0.937089
0.937115
0.937140
0.937156
0.937151
0.937179
0.937196
0.937210
0.937245
0.937262
0.937267
0.937285
0.937298
0.937315
0.937330
0.937344
0.937360
0.937382
0.937398
0.937418
0.937438
0.937450
0.937467
0.937484
0.937499
0.937517
0.937536
0.937553
0.937571
0.937592
0.937614
0.937639
0.937655
0.937675
0.937691
0.937709
0.937725
0.937742
0.937758
0.937779
0.937793
0.937816
0.937824
0.937844
0.937865
0.937885
0.937899
0.937918
0.937936
0.937954
0.937972
0.937993
0.938015
0.938033
0.938053
0.938073
0.938090
0.938112
0.938132
0.938151
0.938171
0.938189
0.938208
0.938227
0.938246
0.938265
0.938284
