-0.038064
-0.038033
-0.037989
-0.037952
-0.038004
-0.038105
-0.038218
-0.038076
-0.037836
-0.037865
-0.037696
-0.037854
-0.037983
-0.038262
-0.038498
-0.038689
-0.038905
-0.039263
-0.039535
-0.039855
-0.040146
-0.040247
-0.040161
-0.040075
-0.040109
-0.040260
-0.040358
-0.040516
-0.040603
-0.040674
-0.040741
-0.040774
-0.040826
-0.040868
-0.040893
-0.040871
-0.040875
-0.041010
-0.041100
-0.041169
-0.041212
-0.041269
-0.041317
-0.041374
-0.041426
-0.041474
-0.041517
-0.041561
-0.041624
-0.041666
-0.041722
-0.041775
-0.041826
-0.041857
-0.041901
-0.041948
-0.041986
-0.042020
-0.042058
-0.042106
-0.042146
-0.042193
-0.042236
-0.042282
-0.042325
-0.042362
-0.042407
-0.042454
-0.042494
-0.042535
-0.042582
-0.042614
-0.042633
-0.042691
-0.042722
-0.042763
-0.042809
-0.042836
-0.042865
-0.042898
-0.042912
-0.042940
-0.042959
-0.042981
-0.043006
-0.043032
-0.043056
-0.043079
-0.043101
-0.043122
-0.043144
-0.043165
-0.043193
-0.043215
-0.043244
-0.043266
-0.043294
-0.043323
-0.043350
-0.043380
-0.043409
