0.669190
0.237371
-0.815420
-2.401537
-2.145421
0.903369
5.509551
11.167942
15.225167
18.127443
19.013680
18.434324
18.812628
17.087883
12.971235
5.279940
-11.122494
-28.717770
-66.621590
-82.839111
-52.453308
-27.864906
-11.503697
-1.409595
4.221719
6.541588
6.568525
5.405729
4.870718
6.483520
7.380450
5.944839
5.238102
4.430777
3.976105
3.257833
2.674020
2.399689
2.444643
2.465828
2.280801
2.241495
2.216380
2.157560
2.132862
1.938381
1.870916
1.782613
1.745422
1.680065
1.635596
1.583167
1.532103
1.484982
1.436056
1.380263
1.308007
1.267331
1.234191
1.189217
1.169829
1.167244
1.130587
1.104360
1.114385
1.117842
1.090295
1.107520
1.155123
1.107900
1.095008
1.075750
1.059149
1.119369
1.149167
1.166087
1.196915
1.189486
1.190292
1.168013
1.148115
1.118549
1.101805
1.085718
1.068821
1.062448
1.046644
1.027314
1.005935
0.999945
0.978442
0.960193
0.933515
0.916502
0.901290
0.884063
0.877269
0.863404
0.858406
0.844101
0.825522
