0.115681
0.115673
0.115677
0.115699
0.115700
0.114642
0.114124
0.114033
0.113752
0.114397
0.114526
0.114762
0.112208
0.111047
0.110809
0.111579
0.113492
0.114405
0.114654
0.115716
0.117280
0.118208
0.118080
0.118534
0.115878
0.111755
0.110983
0.110177
0.109877
0.110712
0.113208
0.113296
0.114726
0.115824
0.116720
0.117796
0.116668
0.112693
0.109423
0.108543
0.108754
0.108379
0.108956
0.111809
0.113235
0.113312
0.114691
0.116477
0.116532
0.116201
0.113807
0.112063
0.111144
0.111041
0.111409
0.111423
0.110817
0.109474
0.108766
0.108614
0.108312
0.108366
0.107808
0.105189
0.103716
0.103857
0.103657
0.103571
0.104161
0.105254
0.106547
0.103413
0.104043
0.104635
0.104621
0.104702
0.105029
0.104572
0.102930
0.102405
0.101330
0.101535
0.101045
0.101254
0.100634
0.100069
0.100997
0.100319
0.099673
0.099533
0.099045
0.098890
0.098711
0.098518
0.098213
0.097986
0.097708
0.097397
0.097212
0.096936
0.096702
