-0.404561
-0.405704
-0.404809
-0.514439
-0.671735
-1.440877
-3.365697
-9.484632
-29.037552
-67.337128
-79.817604
-21.159496
43.904808
94.283775
115.914078
121.972282
140.793991
65.170197
-100.773689
-186.930649
-192.282257
-171.998749
-122.979912
-51.093292
15.385666
57.041149
67.186539
81.911560
102.585518
108.154839
24.784811
-118.405273
-169.713043
-170.742752
-152.076874
-125.064262
-66.543449
13.971821
70.680473
82.087036
118.525932
156.259216
163.754807
132.631165
16.693777
-130.808304
-211.117325
-203.095154
-136.924637
-71.369858
-6.093234
55.650558
91.575409
128.284836
146.543182
122.975372
-12.879815
-167.357742
-226.709534
-204.495468
-164.480850
-120.520447
-47.069427
57.402275
75.438446
145.031082
130.214539
120.732765
137.830948
128.425522
54.868011
-99.037659
-197.377625
-201.211548
-177.008240
-137.880325
-103.891853
4.671091
140.165329
171.576447
166.823257
7.917858
-188.653503
-196.632050
-155.882202
-92.540955
-70.055702
-32.950478
-15.686501
-8.677038
-5.144245
-3.019350
-2.533754
-2.118630
-1.950970
-1.437360
-0.070588
1.462557
1.580338
1.861581
1.683884
