0.924849
0.924816
0.924746
0.924702
0.924710
0.924741
0.924764
0.924787
0.924863
0.925011
0.925259
0.925432
0.925696
0.925930
0.926193
0.926381
0.926398
0.926095
0.925618
0.924910
0.924083
0.923206
0.922254
0.921172
0.920004
0.918814
0.917599
0.916325
0.914991
0.913503
0.911959
0.910337
0.908633
0.906893
0.905143
0.903360
0.901484
0.899507
0.897392
0.895347
0.893281
0.891047
0.888671
0.886192
0.883896
0.881414
0.878924
0.876316
0.873616
0.870892
0.868018
0.864956
0.862090
0.859081
0.856123
0.853142
0.850182
0.847122
0.844150
0.841235
0.838300
0.835293
0.832259
0.829169
0.825906
0.822747
0.819620
0.816476
0.813148
0.809759
0.806392
0.802933
0.799573
0.796184
0.792775
0.789468
0.786023
0.782662
0.779343
0.776102
0.772853
0.769639
0.766322
0.763171
0.760185
0.757247
0.754712
0.752379
0.749977
0.747731
0.745107
0.743400
0.741983
0.740494
0.738557
0.736390
0.733872
0.731458
0.729074
0.727095
0.725603
