9.454476
9.710939
9.674768
9.366478
8.880379
8.004196
6.031955
2.030213
-2.903026
-7.448131
-10.562830
-11.978528
-9.683606
-12.014827
-12.151931
-11.644703
-10.474154
-9.413737
-9.132879
-9.182434
-9.064021
-8.870388
-8.710752
-8.459799
-7.873858
-7.515250
-7.453959
-7.462162
-7.600137
-7.955258
-7.675186
-7.187691
-7.287935
-7.468640
-7.145705
-7.034322
-6.844376
-6.514971
-6.346283
-7.476073
-7.405568
-7.473217
-7.446067
-7.757599
-7.401509
-7.106646
-6.640408
-5.837772
-5.271157
-4.848154
-4.285831
-3.854512
-4.387516
-4.257721
-4.411931
-4.566044
-4.248018
-4.146220
-3.996004
-4.019272
-3.996094
-3.775541
-3.679665
-3.410752
-3.442626
-3.387091
-3.394393
-3.442834
-3.274439
-3.097079
-2.870056
-2.729537
-2.708435
-2.731125
-2.752071
-2.347381
-1.395527
0.234570
2.021174
3.049371
3.714525
3.800384
5.144975
6.062968
6.630282
5.931655
0.866695
0.703175
-2.082379
-3.705933
-2.750489
0.572057
3.546540
6.998827
10.810895
13.573248
15.375986
14.557816
12.880769
11.432799
11.626570
