-0.462554
-0.438216
-0.301515
-0.375979
-0.235446
-0.797369
-1.417402
-1.503518
-1.611749
-1.458177
-0.909571
-0.764920
-0.557896
-0.327852
-0.059531
-0.004761
0.139525
0.205506
0.308765
0.488404
0.657455
0.851904
0.896568
0.978218
0.914858
0.950897
0.884622
0.856552
0.757013
0.539873
0.484679
0.373760
0.112262
0.159211
0.322581
0.524668
0.508412
-0.144571
-0.682328
-0.964133
-1.750511
-2.552154
-2.587139
-3.300252
-3.727673
-3.802279
-3.478400
-2.667541
-0.599957
1.962223
5.397138
9.875427
12.464089
17.111485
22.375166
28.085556
31.353989
32.241615
31.341307
29.265760
28.061949
26.381128
24.814016
23.498545
22.082674
21.833809
22.003309
22.052864
21.559450
21.171627
20.604124
19.793270
19.038740
18.133495
17.591612
16.478138
15.125532
13.880446
12.390950
10.621897
10.055861
8.660748
7.238378
5.945585
4.140591
3.807018
3.462837
2.581008
2.213618
2.182314
2.064075
1.269544
-0.177529
-1.855599
-3.370100
-3.739339
-3.824491
-3.820738
-3.640819
-3.564000
-3.626499
