0.028902
0.028908
0.028920
0.028953
0.029130
0.029308
0.029726
0.031322
0.033431
0.033602
0.033081
0.032643
0.032356
0.032151
0.032097
0.032148
0.032094
0.031931
0.031588
0.031287
0.032624
0.034441
0.036314
0.037662
0.038583
0.039253
0.039740
0.040115
0.040318
0.040486
0.040676
0.040810
0.040968
0.041172
0.041413
0.041612
0.041798
0.041977
0.042176
0.042361
0.042499
0.042623
0.042807
0.042932
0.043069
0.043189
0.043317
0.043434
0.043586
0.043697
0.043812
0.043884
0.043984
0.044065
0.044167
0.044252
0.044329
0.044407
0.044524
0.044607
0.044697
0.044794
0.044889
0.044966
0.045019
0.045140
0.045235
0.045308
0.045400
0.045490
0.045562
0.045662
0.045755
0.045843
0.045928
0.046024
0.046116
0.046203
0.046293
0.046388
0.046474
0.046556
0.046650
0.046732
0.046821
0.046904
0.047001
0.047092
0.047154
0.047257
0.047338
0.047430
0.047512
0.047569
0.047636
0.047695
0.047792
0.047812
0.047873
0.047950
0.048013
