0.054673
0.054644
0.054604
0.054561
0.054502
0.054452
0.054413
0.054376
0.054435
0.054592
0.054763
0.054975
0.055231
0.055180
0.054892
0.054553
0.053926
0.053611
0.053258
0.052858
0.052340
0.051823
0.051411
0.051110
0.050863
0.050643
0.050719
0.050880
0.051044
0.051562
0.052129
0.052437
0.052423
0.051806
0.051318
0.050200
0.049320
0.048781
0.048519
0.048633
0.049129
0.050015
0.051004
0.052034
0.052381
0.052214
0.051426
0.051051
0.049410
0.048198
0.047647
0.048359
0.050096
0.051707
0.053277
0.054477
0.055105
0.055436
0.055068
0.054839
0.054379
0.053892
0.053548
0.053518
0.054283
0.055799
0.057168
0.058736
0.060190
0.061315
0.061253
0.060301
0.058961
0.057818
0.057227
0.058141
0.059292
0.059783
0.060078
0.058919
0.057333
0.057161
0.058831
0.061661
0.063632
0.063194
0.061562
0.060257
0.059601
0.060267
0.061950
0.065341
0.066878
0.066700
0.065656
0.065839
0.066476
0.067334
0.068608
0.070040
0.072609
