0.846471
0.846660
0.846839
0.847004
0.847179
0.847366
0.847546
0.847734
0.847924
0.848114
0.848325
0.848537
0.848745
0.848955
0.849126
0.849296
0.849412
0.849495
0.849532
0.849505
0.849434
0.849253
0.848835
0.848299
0.847670
0.846696
0.845593
0.844319
0.842825
0.841199
0.839408
0.837554
0.835572
0.833388
0.831150
0.828798
0.826203
0.823441
0.820699
0.817842
0.814843
0.811752
0.808551
0.805283
0.801885
0.798419
0.794865
0.791214
0.787474
0.783658
0.779780
0.775834
0.771760
0.767674
0.763544
0.759362
0.755128
0.750814
0.746413
0.741962
0.737585
0.733054
0.728479
0.723921
0.719460
0.715035
0.710846
0.706578
0.702468
0.698291
0.694282
0.690488
0.686570
0.682890
0.679324
0.675659
0.672022
0.668550
0.664994
0.661939
0.658888
0.656207
0.653589
0.651246
0.649081
0.647047
0.645159
0.643507
0.642026
0.640655
0.639550
0.638651
0.637641
0.637031
0.636566
0.636453
0.636366
0.636614
0.636713
0.636955
0.637136
