0.207703
0.207541
0.207381
0.207205
0.207011
0.206838
0.206593
0.206339
0.206045
0.205618
0.205133
0.204958
0.204597
0.204076
0.203746
0.203390
0.202992
0.202477
0.201789
0.201266
0.200788
0.200415
0.200094
0.199734
0.199374
0.198835
0.198582
0.198189
0.197747
0.197217
0.196772
0.196306
0.195788
0.195145
0.194337
0.193557
0.192777
0.192032
0.191190
0.190296
0.189359
0.188430
0.187424
0.186268
0.185108
0.183789
0.182514
0.181188
0.179863
0.178481
0.177247
0.176189
0.175024
0.174134
0.173303
0.172748
0.172674
0.172472
0.172271
0.172135
0.172193
0.172045
0.171645
0.170945
0.170019
0.169204
0.168157
0.166924
0.166256
0.165031
0.164022
0.163644
0.163271
0.162967
0.162723
0.162544
0.162304
0.162216
0.161942
0.161583
0.161220
0.160676
0.160136
0.159722
0.159339
0.158719
0.158380
0.157603
0.157194
0.156731
0.156323
0.155779
0.155370
0.154969
0.154470
0.153894
0.153377
0.152870
0.152343
0.151796
0.151220
