0.928516
0.928537
0.928555
0.928569
0.928581
0.928594
0.928605
0.928617
0.928630
0.928648
0.928667
0.928697
0.928727
0.928736
0.928756
0.928764
0.928771
0.928764
0.928765
0.928742
0.928703
0.928675
0.928620
0.928539
0.928436
0.928323
0.928176
0.928014
0.927839
0.927653
0.927436
0.927199
0.926940
0.926640
0.926321
0.925962
0.925565
0.925121
0.924617
0.924058
0.923453
0.922810
0.922122
0.921394
0.920590
0.919753
0.918845
0.917856
0.916805
0.915711
0.914557
0.913336
0.912079
0.910764
0.909399
0.907983
0.906495
0.904953
0.903331
0.901647
0.899896
0.898082
0.896224
0.894314
0.892352
0.890329
0.888252
0.886129
0.883899
0.881643
0.879309
0.876946
0.874579
0.872229
0.869866
0.867553
0.865253
0.862964
0.860758
0.858625
0.856565
0.854563
0.852728
0.850910
0.849126
0.847587
0.846187
0.844881
0.843596
0.842423
0.841285
0.840203
0.839148
0.838188
0.837264
0.836411
0.835588
0.834814
0.834076
0.833358
0.832667
