-0.123201
-0.207681
-0.309752
-0.546636
-0.764954
-1.021454
-1.296904
-1.738241
-2.184485
-2.757691
-3.318322
-4.005547
-4.725188
-5.681339
-6.347204
-6.929127
-7.654932
-8.053994
-8.302245
-8.621486
-9.289632
-9.720509
-10.341058
-10.943057
-11.662618
-12.817055
-13.772077
-14.944851
-16.348515
-17.367588
-17.839931
-17.991781
-18.097145
-17.967150
-17.639734
-17.365091
-17.290720
-17.344660
-17.504131
-17.659540
-17.815340
-17.819380
-17.487040
-17.273485
-17.221996
-17.257570
-17.396524
-17.100561
-16.635601
-16.521437
-16.332918
-16.003355
-15.713474
-15.567492
-15.454724
-15.372604
-15.117926
-14.962370
-15.049780
-14.685679
-14.196890
-13.206245
-10.944441
-7.016218
-2.992390
2.149936
7.487556
11.049933
13.551514
16.431835
19.228443
20.551870
21.403357
20.993563
21.050310
21.895144
22.401739
22.512394
22.477570
22.279816
21.853718
21.197287
20.564091
20.138086
19.840647
19.419460
18.891153
18.204657
17.503460
16.770145
15.960608
15.259535
14.669544
14.138508
13.566419
13.014627
12.563122
12.275988
12.127248
11.875038
11.605276
