0.105640
0.105567
0.105489
0.105446
0.105339
0.105240
0.105118
0.105005
0.104871
0.104699
0.104504
0.104258
0.103981
0.103617
0.103203
0.102770
0.102393
0.101968
0.101554
0.101079
0.100501
0.099883
0.099090
0.098200
0.097210
0.096213
0.095161
0.094374
0.093739
0.093325
0.092919
0.092632
0.092098
0.091248
0.090198
0.089011
0.087662
0.086268
0.084774
0.083233
0.081620
0.080478
0.079473
0.078702
0.077657
0.076351
0.074989
0.073535
0.072069
0.070799
0.069881
0.069006
0.068386
0.067918
0.067270
0.066544
0.065542
0.064143
0.062646
0.061145
0.059579
0.058193
0.056836
0.055600
0.054574
0.053656
0.052799
0.051953
0.051199
0.050529
0.049777
0.049012
0.048209
0.047320
0.046222
0.045229
0.044111
0.042923
0.041863
0.040817
0.039823
0.038956
0.038083
0.037408
0.036825
0.036267
0.035630
0.035038
0.034624
0.034603
0.034524
0.034479
0.034465
0.034413
0.034392
0.034373
0.034354
0.034334
0.034318
0.034306
0.034299
