-0.124061
-0.124079
-0.124093
-0.124104
-0.124108
-0.124108
-0.124110
-0.124095
-0.124065
-0.124020
-0.123997
-0.123978
-0.123900
-0.123877
-0.123858
-0.123839
-0.123823
-0.123846
-0.123881
-0.123910
-0.123932
-0.123936
-0.123952
-0.124015
-0.124078
-0.124167
-0.124248
-0.124323
-0.124381
-0.124432
-0.124480
-0.124512
-0.124546
-0.124557
-0.124597
-0.124638
-0.124617
-0.124635
-0.124623
-0.124593
-0.124538
-0.124456
-0.124361
-0.124235
-0.124120
-0.123989
-0.123861
-0.123725
-0.123631
-0.123548
-0.123515
-0.123549
-0.123567
-0.123614
-0.123700
-0.123763
-0.123854
-0.123898
-0.123900
-0.123891
-0.123852
-0.123804
-0.123815
-0.123815
-0.123813
-0.123917
-0.124034
-0.124196
-0.124401
-0.124590
-0.124747
-0.124887
-0.125028
-0.125158
-0.125283
-0.125396
-0.125485
-0.125562
-0.125650
-0.125719
-0.125822
-0.125955
-0.126034
-0.126140
-0.126267
-0.126462
-0.126631
-0.126776
-0.126878
-0.126969
-0.127060
-0.127154
-0.127248
-0.127304
-0.127384
-0.127461
-0.127562
-0.127653
-0.127756
-0.127898
-0.128018
