-0.352184
-0.351876
-0.377396
-0.474180
-0.605430
-0.689360
-0.705069
-0.693177
-0.676866
-0.669672
-0.673574
-0.817671
-0.958020
-1.101833
-1.252270
-1.456020
-1.669299
-1.875386
-2.086276
-2.343705
-2.508784
-2.640958
-2.879426
-3.135674
-3.483959
-3.959641
-4.520434
-4.896323
-5.050711
-5.170270
-5.025743
-4.962663
-5.063291
-4.939446
-4.862284
-4.784871
-4.801759
-4.723655
-4.892470
-5.019558
-5.045879
-4.954205
-4.735566
-4.251334
-3.251305
-1.742402
-0.145587
0.609557
1.673422
2.650328
3.646783
3.972703
4.529906
5.205605
5.518788
5.664744
5.968509
6.109137
6.395859
6.422617
6.316590
6.272206
6.027683
5.894593
5.510162
6.088917
6.463230
5.946224
5.968134
6.376584
6.521802
6.474911
6.710867
6.676558
6.652272
6.260342
5.855278
5.636814
5.371930
5.074087
4.823837
4.570999
4.339105
4.090998
3.906984
3.880574
3.592510
3.289960
3.154247
3.063369
2.887510
2.871323
2.705041
2.533165
2.413411
2.301179
2.151333
2.053603
1.959354
1.844267
1.732872
