0.140395
0.140375
0.140388
0.140415
0.139807
0.139305
0.138966
0.138948
0.139419
0.139876
0.140134
0.140202
0.139539
0.138705
0.136664
0.135490
0.134717
0.134416
0.136260
0.137364
0.138246
0.140298
0.141467
0.141136
0.138407
0.136333
0.135154
0.135171
0.134820
0.135449
0.138070
0.134679
0.136445
0.137977
0.138962
0.139097
0.135124
0.133323
0.132307
0.131422
0.132500
0.134615
0.134752
0.136051
0.137562
0.138640
0.139297
0.136534
0.132117
0.130802
0.129900
0.129041
0.129375
0.130215
0.132132
0.133409
0.134005
0.136377
0.136441
0.135894
0.134700
0.132137
0.129177
0.127551
0.127805
0.128228
0.129045
0.130240
0.132186
0.132028
0.132390
0.133960
0.133722
0.132786
0.130151
0.129281
0.128782
0.128524
0.129221
0.129510
0.129621
0.130067
0.131337
0.131344
0.130204
0.128817
0.126723
0.125239
0.124498
0.123840
0.124151
0.124122
0.125698
0.127296
0.126387
0.128480
0.129662
0.130786
0.131202
0.130524
0.128885
