-1.366995
-1.360645
-1.378296
-1.560440
-1.884712
-2.355305
-2.780320
-3.368705
-3.923146
-4.323967
-4.642919
-5.255000
-5.533151
-6.009812
-6.764273
-7.686378
-8.976349
-10.134155
-11.409694
-12.684718
-14.457861
-15.179358
-16.135565
-16.095125
-14.981379
-13.364102
-11.345137
-9.091823
-6.818837
-4.708677
-2.611112
-1.468339
0.804718
0.264693
-0.034799
-0.663064
-1.338563
-1.981438
-2.830353
-3.386771
-3.413759
-2.883979
-2.893343
-5.178362
-8.884378
-13.027457
-16.441071
-18.936565
-18.934023
-20.031544
-18.950644
-17.098808
-12.616066
-7.153602
-1.257198
2.705794
6.999957
11.029871
12.284379
12.807016
15.621893
17.057508
17.108749
16.524897
16.377287
15.963365
15.649635
15.119211
15.034737
15.404102
16.399664
16.931870
17.588152
17.587286
17.601114
17.239124
16.292984
15.784663
15.383451
15.369267
14.857899
14.302806
14.011270
13.591178
13.397322
13.495536
13.395662
13.260821
13.226825
13.060597
12.706076
12.389640
12.088737
11.656286
11.504488
11.428908
11.255837
10.803185
10.478314
10.158176
9.628544
