0.494438
0.494480
0.494733
0.495363
0.496279
0.496647
0.495810
0.495149
0.496121
0.497396
0.498828
0.500413
0.500124
0.498710
0.497176
0.497014
0.497778
0.499373
0.501064
0.502275
0.502723
0.501345
0.499752
0.499098
0.499289
0.500641
0.502672
0.503983
0.505393
0.504893
0.502924
0.501246
0.500446
0.500864
0.501941
0.503639
0.504807
0.505422
0.503793
0.501847
0.500333
0.500040
0.501187
0.502756
0.504429
0.505304
0.504580
0.502154
0.500874
0.500942
0.502282
0.503772
0.505498
0.506785
0.505663
0.503778
0.502398
0.503215
0.504409
0.505692
0.506971
0.508096
0.508202
0.509089
0.510053
0.510878
0.511249
0.511437
0.511413
0.511516
0.511606
0.511720
0.511815
0.511882
0.511963
0.512049
0.512126
0.512191
0.512263
0.512337
0.512424
0.512514
0.512610
0.512701
0.512783
0.512849
0.512921
0.512990
0.513074
0.513154
0.513214
0.513292
0.513377
0.513447
0.513518
0.513582
0.513639
0.513716
0.513797
0.513854
0.513891
