-0.174794
-0.174788
-0.174784
-0.174780
-0.174762
-0.174757
-0.174747
-0.174739
-0.174715
-0.174695
-0.174669
-0.174638
-0.174608
-0.174571
-0.174534
-0.174520
-0.174473
-0.174428
-0.174396
-0.174371
-0.174329
-0.174330
-0.174318
-0.174325
-0.174293
-0.174288
-0.174277
-0.174260
-0.174228
-0.174183
-0.174145
-0.174120
-0.174061
-0.174004
-0.173862
-0.173744
-0.173640
-0.173519
-0.173419
-0.173328
-0.173242
-0.173154
-0.173041
-0.172945
-0.172855
-0.172734
-0.172618
-0.172514
-0.172349
-0.172188
-0.172087
-0.171957
-0.171805
-0.171677
-0.171541
-0.171408
-0.171261
-0.171115
-0.170947
-0.170832
-0.170642
-0.170532
-0.170425
-0.170272
-0.170189
-0.170066
-0.169969
-0.169854
-0.169755
-0.169645
-0.169543
-0.169434
-0.169336
-0.169223
-0.169122
-0.168999
-0.168893
-0.168792
-0.168681
-0.168571
-0.168458
-0.168358
-0.168250
-0.168140
-0.168013
-0.167891
-0.167775
-0.167664
-0.167559
-0.167467
-0.167365
-0.167259
-0.167151
-0.167056
-0.166964
-0.166891
-0.166802
-0.166715
-0.166666
-0.166602
-0.166546
