0.802163
0.802211
0.802175
0.802147
0.802128
0.802107
0.802079
0.802067
0.802065
0.802052
0.802025
0.801931
0.801900
0.801871
0.801868
0.801835
0.801842
0.801849
0.801841
0.801734
0.801603
0.801413
0.801201
0.800888
0.800547
0.800030
0.799464
0.798888
0.798071
0.797045
0.795959
0.794755
0.793376
0.791929
0.790310
0.788600
0.786809
0.784868
0.782796
0.780629
0.778306
0.775806
0.773033
0.770042
0.766887
0.763560
0.759991
0.756182
0.752241
0.748184
0.743893
0.739279
0.734401
0.729274
0.723804
0.718154
0.712211
0.705987
0.699634
0.693043
0.686357
0.679381
0.672230
0.664829
0.657303
0.649802
0.641935
0.634069
0.626189
0.618109
0.610036
0.602089
0.594009
0.585911
0.577758
0.569225
0.560756
0.552344
0.543842
0.535421
0.527046
0.518713
0.510623
0.502610
0.494899
0.487567
0.480663
0.474113
0.467929
0.462384
0.457262
0.452190
0.447863
0.443912
0.440253
0.437027
0.434144
0.432061
0.430504
0.429676
0.429088
