-1.327156
-1.345488
-1.310393
-1.263405
-1.184455
-1.085536
-1.149893
-1.304415
-1.362411
-1.567616
-1.828580
-1.995478
-2.406110
-2.424126
-2.362165
-2.636984
-3.058653
-3.584599
-4.274141
-4.874692
-5.512675
-6.056952
-6.703409
-7.934127
-8.727346
-9.227487
-9.810208
-10.387070
-10.704865
-10.850917
-11.383213
-11.865781
-12.368353
-12.881874
-13.252315
-14.204670
-14.931659
-15.242188
-15.703164
-16.350283
-15.398544
-16.170504
-17.131754
-18.015703
-18.438868
-18.592665
-18.204988
-17.565933
-17.670315
-17.598591
-17.671013
-17.989069
-17.685755
-17.209713
-16.463341
-16.719349
-16.475807
-16.521103
-16.858864
-17.178793
-17.223227
-17.481781
-17.085659
-15.932344
-13.982499
-11.670012
-8.425486
-5.107893
1.125303
4.677833
7.589725
8.930374
9.440193
11.254039
13.198985
16.316477
19.368031
21.350286
23.300768
24.982525
25.587984
24.686668
23.170412
23.415407
24.011782
23.332497
23.182259
23.218918
23.726894
24.153051
24.928278
24.752628
23.769457
24.653679
23.332785
22.805592
22.975864
22.622072
22.158466
21.999149
21.931293
