0.327132
0.327066
0.327033
0.326982
0.326923
0.326826
0.326732
0.326625
0.326529
0.326434
0.326357
0.326268
0.326129
0.325972
0.325695
0.325246
0.324675
0.323994
0.323196
0.322109
0.320895
0.319319
0.317454
0.315472
0.313320
0.311316
0.309218
0.306922
0.304529
0.301922
0.298482
0.295103
0.291766
0.288395
0.284584
0.280472
0.276263
0.272121
0.267747
0.262944
0.257850
0.252717
0.247505
0.242106
0.236622
0.231009
0.225233
0.219547
0.213842
0.208263
0.202533
0.197125
0.192380
0.187989
0.184195
0.180773
0.177960
0.176126
0.175217
0.174401
0.174405
0.174808
0.175755
0.177012
0.178672
0.180511
0.182307
0.184245
0.186159
0.188221
0.190175
0.192192
0.194198
0.196174
0.198140
0.200106
0.202059
0.204043
0.206068
0.208025
0.210042
0.212064
0.214032
0.215985
0.217978
0.220015
0.221944
0.223856
0.225766
0.227669
0.229493
0.231329
0.233120
0.234938
0.236738
0.238481
0.240241
0.241979
0.243738
0.245479
0.247239
