-0.124851
-0.124833
-0.124816
-0.124797
-0.124774
-0.124743
-0.124706
-0.124662
-0.124617
-0.124548
-0.124459
-0.124385
-0.124272
-0.124172
-0.124070
-0.123963
-0.123859
-0.123731
-0.123593
-0.123463
-0.123328
-0.123179
-0.123016
-0.122844
-0.122682
-0.122524
-0.122356
-0.122177
-0.122018
-0.121844
-0.121680
-0.121516
-0.121346
-0.121184
-0.121035
-0.120823
-0.120666
-0.120446
-0.120219
-0.119993
-0.119797
-0.119588
-0.119378
-0.119170
-0.118964
-0.118767
-0.118594
-0.118392
-0.118185
-0.118010
-0.117774
-0.117576
-0.117397
-0.117177
-0.116955
-0.116808
-0.116704
-0.116536
-0.116354
-0.116226
-0.116078
-0.115923
-0.115766
-0.115692
-0.115546
-0.115427
-0.115308
-0.115250
-0.115205
-0.115151
-0.115107
-0.115083
-0.115057
-0.115046
-0.115062
-0.115072
-0.115161
-0.115261
-0.115405
-0.115522
-0.115649
-0.115736
-0.115836
-0.115930
-0.116011
-0.116083
-0.116132
-0.116154
-0.116200
-0.116237
-0.116248
-0.116255
-0.116239
-0.116250
-0.116246
-0.116250
-0.116236
-0.116234
-0.116253
-0.116261
-0.116277
