1.953787
2.181966
2.375867
2.520414
2.660148
2.776120
2.928594
3.434394
4.069084
4.487084
5.079306
5.143030
5.039272
5.223157
5.394687
6.002616
5.796271
5.727785
5.929257
5.925520
5.850845
5.896299
5.894549
5.909537
5.580903
5.446593
5.322374
5.422259
5.267912
5.085887
4.776758
4.603463
4.365764
4.610191
4.436375
4.600472
4.864347
4.894276
4.765236
3.420236
2.681892
2.937402
2.811216
1.551973
0.026263
-1.260770
-1.235328
-1.898240
-2.740416
-2.489952
-2.421278
-1.944129
-0.624926
0.811050
0.094389
-0.151477
0.245117
1.723732
2.325963
2.370078
2.422441
2.930896
3.235878
3.591618
3.696494
3.569795
3.829484
3.778444
3.490520
3.787266
3.704651
3.766697
3.143588
2.594949
1.887951
1.154022
0.460317
0.821155
0.355502
0.232376
-0.418974
-1.214501
-1.766945
-2.152264
-1.571361
-0.679322
0.693678
2.524346
3.642209
5.334009
8.603125
11.028769
12.821657
14.025689
13.090447
12.754079
12.627115
12.390614
12.295367
11.432278
10.822458
