3.689528
3.957557
4.339939
4.828045
5.403204
6.123802
6.487618
7.296959
8.024420
9.299111
11.039934
13.193262
15.385823
17.233107
18.534899
18.064516
17.569824
17.914206
16.830158
16.366802
16.744604
16.821529
16.417515
15.527486
14.691638
13.856356
13.326189
12.387432
11.868690
11.256704
10.708968
10.358897
11.223005
10.898674
10.890799
10.250722
9.975726
9.895783
8.259501
7.549040
8.180694
9.286467
9.269231
9.667533
9.812846
9.711869
9.212422
9.080297
8.913118
8.520715
7.991136
7.368140
6.960457
6.810111
5.985973
5.695488
5.500944
5.198175
4.728394
4.130753
3.833133
3.578395
2.913214
4.855494
4.694752
4.338941
3.482730
3.362123
3.894018
3.531473
3.342739
3.984416
3.628821
3.309994
3.426933
3.023361
2.696801
2.428862
1.998479
1.759519
1.593316
1.512227
0.636074
-0.264725
-0.364351
-0.606149
-1.211616
-2.062958
-3.144437
-3.014501
-3.021942
-2.800430
-2.692648
-2.656453
-2.646985
-2.114491
-2.193674
-2.641061
-3.053338
-2.807119
-2.722492
