0.748590
0.748819
0.749051
0.749298
0.749523
0.749656
0.749434
0.749314
0.748942
0.748379
0.747565
0.746636
0.745558
0.744310
0.742927
0.741394
0.739661
0.737823
0.735910
0.733938
0.731944
0.729988
0.728058
0.726140
0.724260
0.722253
0.720276
0.718295
0.716411
0.714432
0.712456
0.710498
0.708608
0.706760
0.704861
0.702952
0.701019
0.699069
0.697131
0.695207
0.693336
0.691416
0.689558
0.687754
0.686124
0.684648
0.683310
0.682036
0.680673
0.679609
0.678687
0.677877
0.677053
0.676097
0.675364
0.674219
0.673507
0.672987
0.672816
0.672763
0.672934
0.673152
0.673529
0.673993
0.674522
0.675101
0.675680
0.676313
0.676958
0.677691
0.678434
0.679199
0.679939
0.680660
0.681396
0.682134
0.682858
0.683568
0.684297
0.685019
0.685755
0.686492
0.687224
0.687894
0.688569
0.689311
0.690019
0.690734
0.691447
0.692140
0.692916
0.693668
0.694432
0.695159
0.695910
0.696629
0.697315
0.698013
0.698713
0.699402
0.700102
