-0.234824
-0.234901
-0.234994
-0.235099
-0.235201
-0.235306
-0.235389
-0.235471
-0.235581
-0.235698
-0.235797
-0.235911
-0.236014
-0.236130
-0.236298
-0.236410
-0.236617
-0.236762
-0.236914
-0.237049
-0.237242
-0.237508
-0.237735
-0.238050
-0.238343
-0.238694
-0.239107
-0.239554
-0.239986
-0.240455
-0.240833
-0.241238
-0.241618
-0.241939
-0.242292
-0.242726
-0.243033
-0.243264
-0.243453
-0.243604
-0.243690
-0.243794
-0.243635
-0.243736
-0.243741
-0.243673
-0.243457
-0.243114
-0.242696
-0.242253
-0.241859
-0.241304
-0.240916
-0.240435
-0.239905
-0.239461
-0.238917
-0.238372
-0.238037
-0.237728
-0.237701
-0.237657
-0.237694
-0.237842
-0.237958
-0.238062
-0.238346
-0.238681
-0.239101
-0.239607
-0.240047
-0.240460
-0.240881
-0.241322
-0.241801
-0.242207
-0.242569
-0.242932
-0.243246
-0.243516
-0.243859
-0.244190
-0.244457
-0.244704
-0.244878
-0.245146
-0.245352
-0.245561
-0.245813
-0.246093
-0.246285
-0.246499
-0.246717
-0.246924
-0.247092
-0.247240
-0.247317
-0.247428
-0.247662
-0.247770
-0.247922
