0.087024
0.014817
0.284730
0.759307
1.303789
1.626392
3.061867
3.435469
3.361406
2.390639
0.990923
-1.468345
-0.716335
-1.748744
3.754877
7.416548
1.071385
4.302060
-0.780274
3.053631
15.977305
21.935564
1.784349
-2.441560
-7.718912
-10.895129
6.287053
29.879484
-13.535288
-29.409613
-13.665869
-2.469228
25.224285
10.091198
-23.995167
-27.815145
-22.949633
-20.257906
-21.617470
-9.650112
-20.920551
-16.303671
0.791442
12.811636
25.028599
36.404793
21.038757
9.213639
14.755670
6.226620
-11.264751
-14.627558
-4.261481
5.173970
-2.561186
3.731185
11.237062
12.567156
20.062063
29.678480
31.847033
14.759118
9.047334
5.805336
8.239386
2.721551
-7.547547
-10.766225
-4.912786
8.206431
8.371852
11.125031
8.876798
14.719365
4.730867
-2.445938
4.324738
-3.179461
-2.016140
8.262544
-3.491657
-15.840867
-13.645272
-9.118374
-3.970021
-10.489015
1.256862
-1.414176
-11.751752
-0.824431
-4.385719
-5.774382
12.586823
32.582592
23.539297
16.537899
10.708858
7.049231
9.362638
7.482181
5.195658
