0.000903
0.001161
0.001461
0.001800
0.002069
0.002345
0.002520
0.002605
0.002793
0.003034
0.003173
0.003307
0.003329
0.003322
0.003144
0.003013
0.003138
0.003170
0.002974
0.002887
0.002733
0.002572
0.002477
0.002351
0.002211
0.002276
0.002242
0.002244
0.002285
0.002297
0.002243
0.002288
0.002323
0.002363
0.002414
0.002512
0.002639
0.002658
0.002755
0.002899
0.002860
0.002731
0.002756
0.002783
0.002830
0.002879
0.002850
0.002898
0.002980
0.003110
0.003257
0.003405
0.003670
0.003909
0.004202
0.004481
0.004700
0.004904
0.005052
0.005191
0.005506
0.005869
0.006184
0.006507
0.006857
0.007085
0.007316
0.007488
0.007576
0.007566
0.007692
0.007849
0.008034
0.008205
0.008373
0.008561
0.008731
0.008890
0.009003
0.009103
0.009188
0.009289
0.009313
0.009307
0.009278
0.009234
0.009160
0.009075
0.008954
0.008786
0.008583
0.008375
0.008180
0.008032
0.007908
0.007780
0.007648
0.007527
0.007419
0.007318
0.007218
