0.825575
0.917444
1.071637
1.315375
1.608662
2.145625
2.860771
3.501251
3.556024
3.880688
4.049493
4.603590
4.828616
5.202617
5.846211
6.353971
6.628387
6.846837
7.232337
7.355906
7.024773
6.698416
7.201576
8.483738
9.098835
9.561381
10.195278
10.724916
10.689440
10.839302
10.927405
10.715900
11.038467
10.920834
11.093489
11.183784
9.820628
10.188343
10.524920
10.132535
10.103694
9.861481
10.000090
10.213830
10.624257
10.852612
10.744355
10.740729
11.082120
11.644063
11.777393
11.999861
12.004655
11.907934
12.034003
12.478583
12.178347
12.232521
12.389115
12.442049
12.436504
12.703173
12.731968
12.508768
11.856629
11.767303
11.172957
11.066258
10.952231
10.746389
10.501802
10.347341
10.013966
9.660784
9.522740
9.423668
9.254866
9.001236
8.758170
8.706788
8.386896
8.234721
7.888767
7.361899
7.242934
7.328466
7.387962
7.184818
6.919299
6.635986
6.331494
6.030802
5.731617
5.434610
5.189936
4.899222
4.735068
4.497609
4.240454
4.094656
3.911347
