-0.157907
-0.157906
-0.157903
-0.157912
-0.157913
-0.157922
-0.157938
-0.157944
-0.157940
-0.157946
-0.157952
-0.157964
-0.157966
-0.157967
-0.157963
-0.157967
-0.157972
-0.157971
-0.157971
-0.157975
-0.157982
-0.157983
-0.157979
-0.157982
-0.157986
-0.157995
-0.158001
-0.158009
-0.158010
-0.158015
-0.158018
-0.158020
-0.158022
-0.158022
-0.158028
-0.158032
-0.158032
-0.158035
-0.158040
-0.158046
-0.158046
-0.158047
-0.158049
-0.158052
-0.158053
-0.158054
-0.158059
-0.158065
-0.158076
-0.158075
-0.158073
-0.158083
-0.158084
-0.158097
-0.158087
-0.158079
-0.158082
-0.158096
-0.158094
-0.158092
-0.158093
-0.158103
-0.158105
-0.158112
-0.158112
-0.158112
-0.158110
-0.158111
-0.158119
-0.158121
-0.158125
-0.158128
-0.158132
-0.158132
-0.158137
-0.158141
-0.158141
-0.158137
-0.158137
-0.158138
-0.158135
-0.158139
-0.158151
-0.158158
-0.158157
-0.158153
-0.158162
-0.158164
-0.158168
-0.158169
-0.158169
-0.158170
-0.158173
-0.158175
-0.158174
-0.158178
-0.158175
-0.158178
-0.158181
-0.158186
-0.158186
