0.341010
0.341448
0.340955
0.342006
0.341514
0.341332
0.341456
0.341882
0.342002
0.341520
0.341342
0.342060
0.342475
0.342590
0.342999
0.343111
0.342636
0.343040
0.343441
0.344127
0.344520
0.344047
0.344438
0.344539
0.344356
0.344175
0.344276
0.344377
0.345035
0.345132
0.345782
0.345875
0.345691
0.345783
0.345875
0.345694
0.346326
0.346144
0.346233
0.346320
0.345607
0.345963
0.346316
0.346402
0.347015
0.347097
0.347179
0.347000
0.347601
0.348198
0.348016
0.348607
0.348681
0.349522
0.349847
0.349916
0.349983
0.350303
0.350620
0.350935
0.351248
0.350810
0.351122
0.351431
0.351985
0.352042
0.352345
0.352401
0.352700
0.352997
0.353292
0.354068
0.353874
0.354164
0.354451
0.354975
0.355496
0.355300
0.355342
0.354911
0.354719
0.354529
0.354339
0.354618
0.354197
0.354242
0.354519
0.354333
0.354837
0.353962
0.354237
0.354511
0.355011
0.355280
0.355094
0.354909
0.355176
0.355441
0.355705
0.355520
0.355336
