2.064584
2.539827
3.222356
4.100664
5.146240
6.290488
7.478436
8.476124
10.669400
12.576403
15.933373
18.244169
19.047226
20.250383
20.103884
19.940121
19.112226
18.136162
17.050102
16.543036
15.743699
14.994431
14.972529
15.466941
15.858492
15.879972
15.574516
15.093749
14.364649
13.615719
13.443729
12.768194
12.348148
12.112063
11.609194
10.869484
10.074114
9.463141
9.674500
9.207707
8.667608
8.527030
7.488713
6.998394
6.296183
5.345473
6.871378
6.313179
5.612756
5.601860
6.062296
4.187939
4.953014
6.065403
4.624560
1.143568
1.428294
4.354476
5.544562
5.341425
4.948097
4.894934
5.049208
6.076231
2.822680
4.659945
2.719334
1.753370
1.687459
0.973219
0.856134
0.414395
0.307030
0.576830
0.776342
1.141657
1.807498
2.100982
2.589339
2.439546
2.852656
2.923743
2.717827
2.699700
2.280533
0.926595
-0.218606
-0.986915
-1.143234
-1.235397
-1.391665
-1.577012
-1.668585
-1.616151
-1.763507
-1.651872
-1.644673
-1.651458
-1.563390
-1.707727
-1.863840
