0.952760
0.952790
0.952816
0.952847
0.952876
0.952900
0.952919
0.952945
0.952982
0.953016
0.953039
0.953085
0.953155
0.953186
0.953232
0.953281
0.953294
0.953285
0.953220
0.953154
0.953032
0.952816
0.952544
0.952288
0.951863
0.951308
0.950739
0.950044
0.949321
0.948491
0.947615
0.946627
0.945603
0.944474
0.943261
0.941972
0.940511
0.938954
0.937239
0.935413
0.933460
0.931408
0.929223
0.926937
0.924523
0.922052
0.919525
0.916932
0.914299
0.911597
0.908853
0.906048
0.903179
0.900278
0.897414
0.894554
0.891674
0.888759
0.885855
0.882954
0.880022
0.877090
0.874153
0.871264
0.868372
0.865515
0.862670
0.859870
0.857139
0.854541
0.852046
0.849581
0.847181
0.845031
0.843031
0.841193
0.839452
0.837805
0.836299
0.834969
0.833711
0.832532
0.831432
0.830377
0.829417
0.828479
0.827634
0.826826
0.826073
0.825373
0.824709
0.824053
0.823413
0.822856
0.822370
0.821945
0.821620
0.821402
0.821205
0.821051
0.820958
