0.125539
0.125544
0.125540
0.125539
0.125540
0.125590
0.125697
0.125825
0.125952
0.126109
0.126313
0.126564
0.126793
0.127230
0.127594
0.127949
0.128523
0.129104
0.129840
0.130606
0.131635
0.132708
0.133866
0.135012
0.136163
0.137416
0.138379
0.139419
0.140445
0.141377
0.142315
0.143025
0.143732
0.144363
0.145020
0.145428
0.145519
0.145592
0.145379
0.145232
0.144558
0.143724
0.143066
0.142255
0.141782
0.141397
0.141151
0.140968
0.141193
0.141419
0.142126
0.142661
0.143394
0.144256
0.144895
0.145399
0.145993
0.146348
0.146723
0.147359
0.147844
0.148445
0.149002
0.149861
0.150818
0.151223
0.151809
0.151980
0.152586
0.152727
0.152836
0.152793
0.152872
0.152886
0.152919
0.153229
0.153368
0.153352
0.153336
0.153296
0.153244
0.153151
0.153112
0.153077
0.153042
0.152997
0.152930
0.152887
0.152853
0.152863
0.152866
0.152847
0.152887
0.152853
0.152779
0.152713
0.152665
0.152665
0.152691
0.152645
0.152647
