0.177349
0.177402
0.177528
0.177677
0.177837
0.178039
0.178254
0.178489
0.178747
0.179034
0.179352
0.179697
0.180068
0.180443
0.180847
0.181267
0.181699
0.182172
0.182667
0.183183
0.183705
0.184226
0.184741
0.185242
0.185749
0.186288
0.186836
0.187397
0.187952
0.188504
0.189046
0.189630
0.190222
0.190832
0.191445
0.192042
0.192641
0.193272
0.193901
0.194511
0.195128
0.195744
0.196395
0.197113
0.197834
0.198510
0.199094
0.199676
0.200123
0.200547
0.200967
0.201350
0.201654
0.201926
0.202094
0.202199
0.202326
0.202486
0.202718
0.202969
0.203275
0.203552
0.204026
0.204548
0.205069
0.205606
0.206184
0.206828
0.207452
0.208140
0.208903
0.209653
0.210370
0.211049
0.211725
0.212444
0.213128
0.213824
0.214495
0.215146
0.215809
0.216455
0.217082
0.217727
0.218369
0.218970
0.219559
0.220175
0.220774
0.221314
0.221851
0.222357
0.222851
0.223321
0.223751
0.224153
0.224554
0.224930
0.225284
0.225589
0.225918
