0.956148
0.956139
0.956133
0.956135
0.956141
0.956137
0.956139
0.956155
0.956176
0.956190
0.956198
0.956210
0.956225
0.956255
0.956272
0.956303
0.956350
0.956444
0.956541
0.956604
0.956527
0.956270
0.955777
0.955142
0.954425
0.953574
0.952613
0.951510
0.950258
0.948903
0.947496
0.946001
0.944446
0.942799
0.941129
0.939417
0.937672
0.935885
0.934067
0.932199
0.930285
0.928325
0.926339
0.924310
0.922218
0.920095
0.917934
0.915732
0.913483
0.911172
0.908814
0.906402
0.903939
0.901440
0.898876
0.896250
0.893598
0.890888
0.888114
0.885277
0.882394
0.879448
0.876445
0.873378
0.870244
0.867060
0.863821
0.860505
0.857114
0.853686
0.850192
0.846639
0.843002
0.839320
0.835544
0.831727
0.827835
0.823878
0.819851
0.815722
0.811550
0.807311
0.803096
0.798940
0.794874
0.791188
0.787981
0.785154
0.782720
0.780894
0.779461
0.778610
0.778171
0.777878
0.777789
0.777842
0.778144
0.778630
0.779144
0.779713
0.780258
