-0.188312
-0.188313
-0.188315
-0.188314
-0.188311
-0.188311
-0.188311
-0.188307
-0.188299
-0.188286
-0.188275
-0.188264
-0.188246
-0.188224
-0.188209
-0.188178
-0.188156
-0.188153
-0.188136
-0.188119
-0.188101
-0.188099
-0.188080
-0.188061
-0.188050
-0.188040
-0.188023
-0.187997
-0.187977
-0.187967
-0.187973
-0.187970
-0.187985
-0.187977
-0.187976
-0.187980
-0.187994
-0.188004
-0.188005
-0.188007
-0.188007
-0.188014
-0.188015
-0.188018
-0.187998
-0.187974
-0.187957
-0.187928
-0.187882
-0.187820
-0.187759
-0.187695
-0.187613
-0.187519
-0.187425
-0.187326
-0.187183
-0.187028
-0.186872
-0.186685
-0.186534
-0.186378
-0.186211
-0.186047
-0.185899
-0.185744
-0.185605
-0.185486
-0.185363
-0.185276
-0.185141
-0.185015
-0.184884
-0.184798
-0.184720
-0.184637
-0.184573
-0.184465
-0.184397
-0.184320
-0.184256
-0.184183
-0.184129
-0.184066
-0.184026
-0.183968
-0.183922
-0.183879
-0.183827
-0.183794
-0.183757
-0.183723
-0.183702
-0.183674
-0.183651
-0.183637
-0.183611
-0.183611
-0.183582
-0.183574
-0.183560
