-0.232946
-0.252986
-0.138639
0.051431
0.182917
0.203962
-0.157507
0.260272
0.305686
0.910826
2.632190
4.891237
9.383388
13.683869
16.521242
16.173155
17.670343
20.259703
21.697800
22.534151
20.515553
18.947105
15.260835
10.874877
3.973357
-1.557380
-3.178805
-0.468067
0.177094
1.393703
1.532119
1.651592
2.052085
2.014695
2.056789
1.948311
2.030647
2.167911
2.020898
2.166831
2.259511
2.228066
2.270660
2.379135
2.300914
2.298626
2.389933
2.455990
2.630915
2.412030
2.791838
2.890594
2.871621
2.934348
2.925816
2.801021
2.772320
2.832354
2.771673
2.722038
2.739608
2.769733
2.791237
2.774448
2.687024
2.686973
2.599602
2.632874
2.692192
2.713605
2.687761
2.614370
2.594040
2.604132
2.620829
2.724181
3.053316
2.831609
1.523437
0.327092
-0.181574
-0.035727
1.506812
0.880581
2.780439
1.475212
-2.186379
-4.821917
-5.467779
-1.382495
3.014589
-0.948177
0.223374
-4.580006
-7.273736
-7.803256
-7.168312
-6.581086
-5.788172
-4.629201
-3.590464
