-0.063557
-0.063489
-0.063426
-0.063379
-0.063335
-0.063270
-0.063221
-0.063188
-0.063167
-0.063158
-0.063147
-0.063143
-0.063123
-0.063074
-0.063032
-0.062951
-0.062892
-0.062862
-0.062837
-0.062810
-0.062786
-0.062805
-0.062780
-0.062756
-0.062732
-0.062736
-0.062673
-0.062641
-0.062664
-0.062666
-0.062622
-0.062694
-0.062820
-0.062967
-0.063099
-0.063259
-0.063429
-0.063553
-0.063640
-0.063719
-0.063763
-0.063806
-0.063864
-0.063904
-0.063913
-0.063952
-0.064057
-0.064113
-0.064237
-0.064228
-0.064254
-0.064311
-0.064379
-0.064426
-0.064465
-0.064510
-0.064558
-0.064629
-0.064707
-0.064755
-0.064826
-0.064885
-0.064961
-0.065038
-0.065114
-0.065196
-0.065258
-0.065305
-0.065343
-0.065372
-0.065458
-0.065510
-0.065553
-0.065583
-0.065596
-0.065582
-0.065559
-0.065545
-0.065509
-0.065470
-0.065426
-0.065382
-0.065344
-0.065320
-0.065269
-0.065229
-0.065188
-0.065144
-0.065102
-0.065054
-0.065005
-0.064960
-0.064913
-0.064870
-0.064821
-0.064774
-0.064729
-0.064691
-0.064640
-0.064593
-0.064545
