0.951411
0.951397
0.951389
0.951376
0.951363
0.951347
0.951330
0.951328
0.951341
0.951362
0.951372
0.951371
0.951383
0.951384
0.951366
0.951304
0.951209
0.951085
0.950891
0.950621
0.950262
0.949820
0.949307
0.948705
0.948032
0.947221
0.946325
0.945370
0.944329
0.943176
0.941970
0.940687
0.939305
0.937878
0.936407
0.934821
0.933185
0.931495
0.929722
0.927899
0.926017
0.924129
0.922168
0.920177
0.918158
0.916091
0.914004
0.911916
0.909786
0.907686
0.905562
0.903544
0.901533
0.899620
0.897698
0.895838
0.894063
0.892372
0.890735
0.889194
0.887731
0.886348
0.885035
0.883796
0.882632
0.881531
0.880527
0.879691
0.878969
0.878486
0.878079
0.877748
0.877485
0.877256
0.877054
0.876921
0.876882
0.876900
0.876909
0.877010
0.877093
0.877232
0.877350
0.877465
0.877588
0.877721
0.877858
0.877996
0.878128
0.878300
0.878433
0.878582
0.878718
0.878858
0.878998
0.879140
0.879278
0.879415
0.879559
0.879695
0.879832
