0.247555
0.247593
0.247647
0.247732
0.247845
0.247979
0.248152
0.248367
0.248613
0.248855
0.249122
0.249420
0.249749
0.250098
0.250435
0.250772
0.251102
0.251419
0.251734
0.252017
0.252285
0.252526
0.252758
0.252976
0.253165
0.253280
0.253377
0.253445
0.253455
0.253426
0.253371
0.253328
0.253227
0.253127
0.253079
0.253065
0.253072
0.253136
0.253247
0.253353
0.253515
0.253743
0.253992
0.254258
0.254552
0.254844
0.255177
0.255529
0.255904
0.256275
0.256689
0.257106
0.257519
0.257918
0.258317
0.258710
0.259066
0.259431
0.259780
0.260127
0.260448
0.260760
0.261051
0.261297
0.261522
0.261695
0.261880
0.262026
0.262133
0.262208
0.262282
0.262337
0.262361
0.262384
0.262406
0.262414
0.262419
0.262424
0.262425
0.262420
0.262416
0.262408
0.262406
0.262398
0.262389
0.262380
0.262372
0.262365
0.262355
0.262346
0.262334
0.262325
0.262317
0.262306
0.262290
0.262275
0.262267
0.262256
0.262241
0.262228
