3.940733
3.784033
3.699956
3.698145
3.732747
3.648914
2.587318
2.181623
1.720304
1.154343
1.043554
0.779255
0.244124
-0.023475
-0.604155
-0.890615
-0.448111
-0.540369
0.439428
0.263482
0.555679
0.503690
0.999073
0.792253
0.920953
-0.188740
-2.315564
-2.008199
-0.068660
2.330505
0.898468
-0.333398
-1.241565
-2.533275
-3.171011
-2.633079
-2.315977
-1.569321
-0.789927
-0.451092
0.344865
1.616623
3.095417
4.052136
3.663959
3.675721
4.720311
6.066525
5.997816
6.062710
2.466266
3.967043
3.945604
4.807894
3.902606
4.628067
4.740122
5.059583
5.313553
5.169979
4.646624
5.472187
5.164574
5.382960
5.506350
5.649340
6.092729
6.349326
6.050240
6.219309
6.590250
8.547885
9.079258
9.036020
8.759964
8.574898
8.795149
7.870977
7.440046
7.047417
6.519243
6.287606
6.054329
5.865053
5.298329
4.423081
4.407532
4.444326
4.125663
4.048900
3.875928
3.725076
3.643711
3.474990
3.431902
3.287695
3.181719
3.114229
3.326654
3.292577
3.312673
