0.855887
0.856209
0.856517
0.856823
0.857123
0.857415
0.857711
0.858018
0.858351
0.858714
0.859073
0.859404
0.859709
0.859987
0.860223
0.860501
0.860639
0.860626
0.860539
0.860252
0.859488
0.858446
0.857428
0.856371
0.855391
0.854392
0.853413
0.852264
0.850909
0.849195
0.847093
0.844580
0.841819
0.838911
0.835942
0.832814
0.829612
0.826141
0.822478
0.818768
0.814805
0.810799
0.806709
0.802538
0.798323
0.793982
0.789573
0.785154
0.780378
0.775085
0.769796
0.764435
0.758769
0.752906
0.747052
0.741075
0.734979
0.728630
0.722202
0.715685
0.708932
0.701829
0.694647
0.687415
0.679937
0.672341
0.664638
0.656805
0.649025
0.641083
0.633056
0.625025
0.616823
0.608694
0.600526
0.592304
0.584137
0.576009
0.567892
0.559832
0.552085
0.544524
0.537120
0.530113
0.523150
0.516808
0.510781
0.505049
0.499363
0.494231
0.489368
0.484979
0.480935
0.477385
0.473948
0.470937
0.468034
0.465928
0.464020
0.462395
0.461129
