0.067188
0.067141
0.067105
0.067080
0.067032
0.067007
0.067008
0.066951
0.066872
0.066779
0.066641
0.066439
0.066269
0.066070
0.065853
0.065621
0.065341
0.064914
0.064126
0.063894
0.063532
0.063434
0.063378
0.063459
0.063551
0.063724
0.063840
0.063998
0.064207
0.064234
0.064130
0.064117
0.063720
0.063383
0.062906
0.062311
0.061691
0.061093
0.060341
0.059500
0.059170
0.058963
0.058914
0.059127
0.059386
0.059735
0.060121
0.060486
0.060945
0.061285
0.061572
0.062175
0.062079
0.062141
0.061952
0.061884
0.061524
0.061082
0.060501
0.059939
0.059378
0.058827
0.058328
0.057938
0.057563
0.057259
0.056993
0.056736
0.056494
0.056311
0.056269
0.056234
0.056280
0.056308
0.056453
0.056622
0.056705
0.056834
0.056944
0.057091
0.057307
0.057536
0.057813
0.058045
0.058241
0.058363
0.058513
0.058637
0.058746
0.058819
0.058872
0.058936
0.058975
0.059031
0.059055
0.059052
0.059046
0.058984
0.058933
0.058845
0.058763
