0.918353
0.918400
0.918444
0.918490
0.918541
0.918571
0.918598
0.918627
0.918659
0.918703
0.918757
0.918795
0.918827
0.918875
0.918925
0.918986
0.919055
0.919057
0.919035
0.919010
0.918928
0.918803
0.918644
0.918459
0.918244
0.917972
0.917675
0.917349
0.916974
0.916578
0.916147
0.915676
0.915161
0.914586
0.913956
0.913264
0.912535
0.911736
0.910874
0.909906
0.908909
0.907808
0.906599
0.905309
0.903928
0.902472
0.900895
0.899215
0.897399
0.895471
0.893363
0.891195
0.888936
0.886583
0.884138
0.881559
0.878954
0.876267
0.873483
0.870590
0.867692
0.864636
0.861484
0.858274
0.855076
0.851907
0.848790
0.845617
0.842617
0.839698
0.836776
0.833912
0.831325
0.828789
0.826402
0.824120
0.821886
0.819734
0.817644
0.815719
0.813876
0.812131
0.810467
0.808897
0.807446
0.806127
0.804872
0.803717
0.802598
0.801569
0.800653
0.799854
0.799114
0.798476
0.797883
0.797361
0.796922
0.796517
0.796163
0.795918
0.795671
