0.329402
0.329404
0.329401
0.329404
0.329470
0.329485
0.329216
0.328771
0.328216
0.327630
0.326899
0.326110
0.325220
0.324170
0.323458
0.322876
0.321802
0.320318
0.318710
0.316958
0.315000
0.312972
0.310846
0.308698
0.306545
0.304675
0.303253
0.302166
0.301357
0.300955
0.300521
0.300128
0.299548
0.298729
0.296840
0.294208
0.291565
0.288875
0.286319
0.283451
0.281135
0.279438
0.278207
0.277394
0.276719
0.276041
0.275183
0.274228
0.272647
0.270826
0.268865
0.266732
0.264418
0.261954
0.259450
0.256664
0.253872
0.251040
0.248483
0.245807
0.243084
0.240607
0.238302
0.236179
0.234341
0.232729
0.231376
0.229845
0.228483
0.227285
0.226051
0.224668
0.223367
0.222126
0.220918
0.219871
0.218606
0.217300
0.215974
0.214540
0.213302
0.212091
0.210745
0.209350
0.207994
0.206675
0.205428
0.204350
0.203353
0.202410
0.201540
0.200808
0.200117
0.199369
0.198611
0.197871
0.197121
0.196372
0.195634
0.194878
0.194127
