-0.026292
-0.026388
-0.026483
-0.026568
-0.026645
-0.026702
-0.026738
-0.026746
-0.026765
-0.026785
-0.026783
-0.026773
-0.026704
-0.026645
-0.026596
-0.026517
-0.026367
-0.026237
-0.026034
-0.025902
-0.025756
-0.025600
-0.025467
-0.025322
-0.025190
-0.025032
-0.024930
-0.024823
-0.024706
-0.024612
-0.024527
-0.024582
-0.024631
-0.024764
-0.024898
-0.025110
-0.025297
-0.025527
-0.025637
-0.025847
-0.025981
-0.026140
-0.026344
-0.026529
-0.026724
-0.026765
-0.026764
-0.026737
-0.026868
-0.026956
-0.027156
-0.027390
-0.027686
-0.027815
-0.027799
-0.027686
-0.027558
-0.027399
-0.027279
-0.027182
-0.026944
-0.026666
-0.026383
-0.026035
-0.025675
-0.025342
-0.024990
-0.024679
-0.024338
-0.024018
-0.023778
-0.023493
-0.023253
-0.023121
-0.023166
-0.023233
-0.023296
-0.023356
-0.023436
-0.023561
-0.023792
-0.024076
-0.024200
-0.024551
-0.024921
-0.025232
-0.025664
-0.026034
-0.026455
-0.026847
-0.027297
-0.027669
-0.028063
-0.028487
-0.028920
-0.029347
-0.029755
-0.030160
-0.030590
-0.031041
-0.031503
