0.290092
0.290183
0.290252
0.290315
0.290377
0.290454
0.290529
0.290604
0.290668
0.290722
0.290797
0.290689
0.289750
0.288252
0.285854
0.282851
0.279337
0.274830
0.270062
0.264985
0.260185
0.255572
0.251430
0.249197
0.247277
0.243771
0.241036
0.238219
0.235170
0.231552
0.228121
0.224081
0.219526
0.214201
0.208824
0.203844
0.198694
0.194323
0.190881
0.188614
0.186183
0.183950
0.182521
0.181099
0.176981
0.174053
0.171486
0.168638
0.166054
0.162774
0.159497
0.155868
0.151163
0.146084
0.141068
0.135852
0.131038
0.126443
0.122653
0.119593
0.116187
0.114069
0.112530
0.106655
0.102462
0.098996
0.095765
0.092756
0.089344
0.085738
0.081702
0.077142
0.072133
0.066685
0.061827
0.057296
0.053910
0.049717
0.046406
0.043294
0.040146
0.037371
0.034836
0.030426
0.025988
0.022279
0.019459
0.015726
0.011851
0.007437
0.002799
-0.002405
-0.007466
-0.012759
-0.017789
-0.022405
-0.026516
-0.030222
-0.032277
-0.035137
-0.038093
