2.470659
2.482091
2.427001
2.369218
2.425315
2.392886
2.204918
2.006331
2.078799
1.971642
2.219395
2.218859
2.076767
2.029777
1.840389
1.577267
1.214749
0.110680
-0.585577
-0.999905
0.469684
1.620796
2.036587
2.467422
2.626760
3.015915
3.452531
4.658023
6.019241
6.063772
6.184972
5.993627
6.639329
5.861585
5.780712
6.450642
6.479647
6.328724
5.750421
5.503834
5.346364
6.034616
6.416074
6.252901
6.231040
6.071935
5.765792
5.602760
5.517831
5.252357
5.197319
4.553245
4.451569
3.484940
3.570357
3.024927
3.038261
3.444651
3.636579
4.092856
4.537913
4.245838
3.928584
3.764316
3.714028
3.732064
3.286052
3.310812
3.313298
3.181259
3.131900
3.133926
2.992204
2.863820
2.872309
2.827207
2.751980
2.719064
2.676269
2.695631
2.656154
2.661724
2.630041
2.610799
2.635976
2.601424
2.604141
2.602868
2.573861
2.564451
2.504098
2.491677
2.495435
2.485536
2.461331
2.413869
2.390432
2.375892
2.361995
2.342589
2.317936
