-3.543353
-4.044421
-4.913491
-5.549604
-6.075626
-7.639903
-7.967167
-6.823261
-2.789526
3.110804
17.286587
40.916962
62.885757
100.376198
77.741776
-1.241170
-92.998665
-152.763428
-171.212357
-155.004120
-126.537476
-93.576355
-58.395348
-17.029963
32.124432
69.839241
115.590897
109.471497
74.896683
-36.390301
-161.940094
-189.354858
-147.870682
-84.163895
-32.231430
20.131870
35.202518
48.648487
77.434647
117.564568
146.169418
56.160686
-73.353668
-203.933899
-154.344574
-90.199593
-51.106277
-29.956631
-16.637196
-8.503418
-4.388013
3.951640
22.154703
77.959160
126.419586
82.774902
-28.090305
-157.761108
-135.380630
-85.281792
-41.295227
-19.776756
-9.636831
-6.391360
-3.383173
-1.806174
-0.891391
-0.001640
0.087096
0.407095
0.693088
1.109316
1.303686
1.481798
1.407669
1.397018
1.402315
1.433398
1.331873
1.395787
1.279927
1.363162
1.400159
1.393742
1.331423
1.286522
1.201651
1.287871
1.159816
1.201000
1.180605
1.195087
1.208459
1.137514
1.089193
1.027740
0.893109
0.821451
0.701969
0.734458
0.843610
