0.887089
0.925597
1.052324
1.153629
1.275615
1.401866
1.574551
1.744495
1.937748
2.121211
2.304667
2.561942
2.820532
2.968063
2.964654
2.943230
2.994181
3.038943
3.104715
3.141277
3.074627
3.023412
2.996492
2.996320
3.012038
2.983817
2.902455
2.798803
2.725984
2.799821
2.819281
2.748676
2.458243
2.632567
2.484205
2.506741
2.420911
2.242279
1.906106
1.765374
1.643716
1.663884
1.576924
1.581571
1.554736
1.478708
1.577127
1.640184
1.742628
1.767690
1.814969
1.871719
1.903082
1.966803
1.966383
1.989621
2.107952
2.063379
2.058338
2.189953
2.281687
2.371454
2.439121
2.499166
2.519152
2.426603
2.393081
2.359266
2.234912
2.274688
2.330390
2.398186
2.402916
2.438020
2.446517
2.535038
2.653871
2.608735
2.597336
2.574925
2.631530
2.798694
2.855155
2.891186
2.855330
2.518925
2.460847
2.408623
2.301776
2.122742
2.023062
1.801890
1.662372
1.521131
1.407753
1.304063
1.089532
0.929407
0.779142
0.700478
0.706124
