2.318481
2.312171
2.303279
2.299187
2.301471
2.300050
2.297609
2.310240
2.306652
2.305717
2.307905
2.313157
2.309603
2.304037
2.291845
2.268759
2.245828
2.224188
2.215615
2.209882
2.205876
2.211337
2.206785
2.189606
2.194710
2.188594
2.194250
2.204299
2.212624
2.232099
2.232914
2.258586
2.360542
2.371805
2.396008
2.403129
2.818017
2.816890
2.862253
2.848815
3.009774
3.047811
3.033898
2.867733
2.446181
2.092012
2.141940
2.233675
2.153119
2.137303
2.053772
2.064479
1.965871
1.962169
1.894930
1.745607
1.632053
1.642950
1.563182
1.539885
1.557998
1.558780
1.490425
1.517205
1.507874
1.502098
1.493545
1.483881
1.486354
1.472958
1.498137
1.562979
1.656715
1.782497
1.816828
1.867996
1.958355
1.958225
2.229066
2.356879
2.439062
2.442551
2.507558
2.696157
2.489723
2.486389
2.034837
1.763827
2.826144
2.897076
2.923700
3.117558
3.515823
3.692197
3.848416
3.856805
3.965290
4.078121
4.266768
4.357858
4.354187
