0.497867
0.499175
0.500448
0.501704
0.502961
0.504250
0.504934
0.505446
0.506630
0.507063
0.506364
0.506502
0.507138
0.506120
0.503400
0.500970
0.500158
0.498173
0.493564
0.488551
0.484607
0.481090
0.476351
0.470684
0.467092
0.463416
0.457792
0.451303
0.445358
0.441956
0.439839
0.436112
0.433401
0.432419
0.431454
0.429559
0.428907
0.429065
0.428674
0.428807
0.429593
0.430630
0.431137
0.431603
0.432163
0.433066
0.434552
0.436242
0.438297
0.440546
0.442840
0.445052
0.447209
0.449299
0.451299
0.453320
0.455383
0.457503
0.459673
0.461784
0.463874
0.465910
0.468064
0.470022
0.472184
0.474253
0.476327
0.478427
0.480607
0.482800
0.484971
0.487106
0.489257
0.491379
0.493487
0.495535
0.497510
0.499510
0.501524
0.503450
0.505472
0.507446
0.509437
0.511407
0.513331
0.515233
0.517113
0.519010
0.520875
0.522723
0.524561
0.526402
0.528242
0.530083
0.531900
0.533708
0.535491
0.537274
0.539044
0.540813
0.542576
