0.939095
0.939104
0.939123
0.939148
0.939174
0.939202
0.939220
0.939235
0.939256
0.939279
0.939305
0.939333
0.939352
0.939389
0.939398
0.939434
0.939460
0.939476
0.939481
0.939495
0.939517
0.939503
0.939472
0.939428
0.939381
0.939321
0.939215
0.939051
0.938817
0.938526
0.938203
0.937896
0.937587
0.937235
0.936803
0.936295
0.935763
0.935167
0.934552
0.933813
0.932967
0.931994
0.931036
0.930036
0.929024
0.927962
0.926834
0.925608
0.924311
0.922970
0.921576
0.920115
0.918574
0.916949
0.915253
0.913481
0.911684
0.909848
0.907974
0.906056
0.904074
0.902029
0.899894
0.897650
0.895315
0.892891
0.890373
0.887738
0.885020
0.882255
0.879404
0.876470
0.873492
0.870471
0.867518
0.864548
0.861597
0.858648
0.855705
0.852859
0.850088
0.847382
0.844778
0.842275
0.839903
0.837681
0.835518
0.833507
0.831597
0.829817
0.828222
0.826638
0.825327
0.824124
0.823053
0.822045
0.821106
0.820276
0.819523
0.818894
0.818348
