0.004290
0.004304
0.004315
0.004324
0.004342
0.004354
0.004388
0.004418
0.004438
0.004465
0.004490
0.004502
0.004519
0.004532
0.004540
0.004565
0.004603
0.004645
0.004685
0.004709
0.004746
0.004774
0.004773
0.004765
0.004761
0.004754
0.004724
0.004701
0.004689
0.004670
0.004651
0.004586
0.004468
0.004376
0.004238
0.004096
0.003892
0.003676
0.003487
0.003344
0.003178
0.003018
0.002913
0.002834
0.002746
0.002700
0.002651
0.002661
0.002588
0.002534
0.002511
0.002465
0.002415
0.002346
0.002248
0.002274
0.002231
0.002147
0.002077
0.002029
0.001987
0.001906
0.001831
0.001743
0.001631
0.001546
0.001432
0.001331
0.001176
0.001043
0.000922
0.000827
0.000749
0.000668
0.000604
0.000550
0.000506
0.000467
0.000444
0.000427
0.000413
0.000385
0.000389
0.000380
0.000375
0.000359
0.000361
0.000342
0.000325
0.000312
0.000290
0.000253
0.000210
0.000174
0.000141
0.000122
0.000097
0.000070
0.000043
0.000021
-0.000006
