1.799112
1.562810
1.150420
0.816802
0.496433
0.226467
-0.028493
-0.150554
-0.536691
-0.691935
-0.861563
-0.933827
-0.544041
0.266548
1.226968
1.855194
2.667051
3.469366
3.955017
4.387050
5.388419
6.372195
7.155380
8.364161
9.376745
10.197726
12.303635
15.161840
16.716133
18.101715
19.065624
19.321873
17.568541
15.076021
10.821362
7.788602
4.802732
1.228046
-2.537770
-3.337278
-5.257800
-6.937495
-8.021588
-7.520088
-7.010301
-6.924529
-6.106620
-4.872018
-2.868942
-1.877304
-1.313039
-1.170756
-0.939549
-1.163504
-1.466286
-1.781523
-1.467043
-1.040261
-0.665855
-0.042040
0.499108
1.541367
3.248691
6.367269
9.505602
11.765175
13.252777
14.014797
14.275800
14.382850
14.301707
14.012912
13.247094
12.441521
11.546006
10.906770
10.138922
9.304918
8.228176
7.459214
6.984459
6.181854
5.828880
5.382529
4.971605
4.673282
4.248857
4.130360
3.986571
3.803744
3.661097
3.513661
3.380884
3.227600
3.041082
2.904350
2.751748
2.627692
2.477732
2.376807
2.277632
