0.424307
0.421477
0.385561
0.352679
0.332198
0.325772
0.308488
0.308036
0.296949
0.271576
0.262880
0.247879
0.223558
0.234128
0.218448
0.204570
0.189632
0.181587
0.176585
0.165114
0.142004
0.108111
0.076923
0.057788
0.045896
0.022609
0.039899
0.072608
0.061516
0.075589
0.229564
0.374061
0.513246
0.694323
0.814186
0.860331
0.731212
0.615182
0.486720
0.306285
0.320563
0.231506
0.178485
0.129417
0.058260
0.053927
0.082804
0.265935
0.201373
0.151828
-0.043520
-0.336879
-0.473125
-0.438414
-0.439902
-0.467853
-0.398831
-0.223740
-0.096998
0.101010
0.278652
0.478685
0.635778
0.733000
0.875688
0.814468
0.728561
0.754120
0.856677
0.943598
1.029391
1.412619
1.645489
2.068184
1.909860
1.996374
2.229284
2.463330
2.523227
2.671849
2.582221
2.480010
2.353102
2.291798
2.217204
2.103600
1.992560
1.948219
1.857918
1.808626
1.759941
1.705179
1.692312
1.667664
1.585023
1.560584
1.513606
1.490436
1.443572
1.419607
1.302299
