0.026171
0.026185
0.026193
0.026228
0.026251
0.026292
0.026301
0.026324
0.026349
0.026368
0.026397
0.026424
0.026440
0.026449
0.026460
0.026456
0.026442
0.026432
0.026436
0.026400
0.026350
0.026283
0.026198
0.026100
0.025995
0.025889
0.025769
0.025633
0.025488
0.025340
0.025187
0.024982
0.024783
0.024632
0.024453
0.024308
0.024150
0.023977
0.023845
0.023720
0.023602
0.023550
0.023473
0.023372
0.023260
0.023122
0.023012
0.022899
0.022831
0.022716
0.022583
0.022500
0.022423
0.022290
0.022113
0.021969
0.021767
0.021579
0.021404
0.021123
0.020993
0.020784
0.020618
0.020438
0.020257
0.020026
0.019837
0.019655
0.019528
0.019371
0.019188
0.019006
0.018771
0.018520
0.018269
0.018013
0.017783
0.017545
0.017368
0.017161
0.016957
0.016779
0.016635
0.016488
0.016367
0.016246
0.016125
0.016019
0.015926
0.015839
0.015748
0.015665
0.015581
0.015507
0.015435
0.015363
0.015298
0.015230
0.015170
0.015116
0.015058
