-0.300157
-0.376422
-0.447053
-0.561569
-0.785066
-1.034612
-1.342105
-1.761758
-2.205588
-2.431346
-2.869677
-3.023664
-3.383782
-3.913888
-4.392402
-5.128954
-5.693744
-6.285431
-7.096293
-7.987927
-8.762570
-9.579859
-10.377572
-11.611030
-12.747181
-14.084648
-15.312892
-16.506651
-17.427385
-18.308464
-18.759195
-19.082619
-19.044781
-19.081228
-19.431517
-19.406227
-19.880743
-20.049540
-20.364325
-20.494764
-20.658886
-20.745571
-20.536274
-20.491255
-20.382105
-20.555519
-20.818426
-21.130728
-21.176743
-21.055477
-21.092991
-20.965511
-20.540447
-20.389986
-19.925566
-19.359169
-17.991116
-16.199514
-13.564989
-9.161235
-4.036757
1.102022
5.789231
9.053513
12.131925
14.667826
16.861532
18.557369
19.228323
19.378874
19.351421
18.996050
18.541950
18.530973
18.466228
18.525200
18.680731
18.739477
19.191544
19.661245
20.070776
20.609322
21.118387
21.197918
21.008827
20.669250
20.273714
19.721352
19.368446
19.247667
19.092688
18.701624
18.150421
17.802164
17.843218
17.962221
18.163965
18.232948
18.284973
18.208046
17.999166
