1.916120
1.910998
1.910870
1.910332
1.909800
1.911310
1.907129
1.903782
1.903704
1.900403
1.907197
1.901828
1.983107
2.214065
2.305921
2.251032
2.428456
2.671757
2.990632
2.957184
3.001221
2.979818
2.853853
2.509723
2.301728
2.078977
1.647887
1.324860
1.421610
1.440573
1.310221
1.388325
1.874596
2.054857
2.126167
2.353438
2.479901
2.630393
2.824767
3.390094
4.086055
4.945642
5.423132
5.449682
5.723186
5.868052
5.959929
5.571443
5.437954
5.467430
5.010543
4.987010
4.747545
3.038594
3.785908
3.372327
3.222438
-1.553321
-0.745532
0.492637
1.472875
1.747738
1.108565
1.385866
1.290997
1.815784
1.998257
2.542305
2.661135
2.607810
2.251248
2.464850
2.570542
2.550409
2.629126
2.639511
2.773207
4.184991
3.410175
-1.448321
-0.527350
-0.647438
-0.134356
0.535067
0.554143
0.192482
0.010177
-0.049412
-0.086866
-0.239093
0.121347
0.288764
0.085034
0.693509
1.045595
1.145193
1.547740
1.797919
1.761908
1.877859
1.146653
