0.437547
0.444191
0.429013
0.410083
0.367959
0.335907
0.266487
0.155215
-0.018359
-0.152610
-0.296516
-0.357055
-0.513486
-0.604780
-0.827772
-0.871917
-1.055647
-1.292665
-1.350465
-1.465044
-1.507048
-1.371161
-1.084582
-0.869757
-0.570854
-0.486922
-0.354409
-0.310763
-0.217915
0.684708
0.592138
0.373203
-0.014165
-0.387986
-0.797395
-1.789098
-2.755475
-4.378211
-6.255800
-8.236233
-9.599958
-12.343820
-15.126657
-16.410938
-17.840021
-19.878117
-20.767389
-21.328218
-22.087677
-23.367252
-24.154003
-22.598536
-22.315163
-23.141256
-21.515398
-20.341011
-19.603779
-18.096310
-16.391890
-13.976727
-11.528032
-8.849146
-5.790192
-3.463750
0.740608
3.097876
4.402968
6.520323
7.697372
7.731626
8.166550
9.854157
11.615977
12.743892
13.178056
13.026690
13.370446
13.701860
13.553252
13.631443
13.654148
13.080804
12.625025
12.511531
12.559146
12.588575
11.812905
11.360758
11.956104
11.763257
11.047859
10.812751
10.668637
10.649254
10.578959
10.327402
9.884422
9.481832
9.041046
8.726060
8.496954
