0.384493
0.383265
0.370930
0.353526
0.345060
0.334208
0.304162
0.274900
0.250628
0.233840
0.217295
0.199616
0.174987
0.156734
0.160486
0.159666
0.142858
0.125394
0.107773
0.077370
0.033656
-0.037654
-0.104913
-0.161587
-0.210112
-0.287678
-0.348513
-0.393438
-0.445684
-0.531695
-0.585910
-0.664394
-0.733441
-0.785450
-0.832463
-0.813786
-0.774415
-0.749170
-0.756340
-0.775934
-0.775186
-0.749685
-0.705964
-0.715860
-0.729644
-0.814264
-0.870958
-0.867362
-0.707951
-0.846624
-0.966525
-0.991871
-1.150422
-1.059563
-1.013099
-0.913110
-1.028323
-0.885191
-0.944876
-0.858006
-0.814260
-0.852274
-0.689843
-0.600829
-0.454083
-0.341309
-0.108530
-0.069070
0.071433
0.285613
0.531500
0.843965
1.144254
1.397134
1.449689
1.323980
1.307754
1.327846
1.380636
1.570775
1.605628
1.700650
1.798403
1.901086
2.076959
2.522493
3.053456
3.428656
3.866181
4.021792
4.188883
4.409290
4.523150
4.481501
4.295367
4.026620
3.881338
3.698454
3.527208
3.364608
3.088007
