0.877369
0.877660
0.877936
0.878187
0.878429
0.878671
0.878911
0.879156
0.879419
0.879690
0.879980
0.880265
0.880450
0.880657
0.880891
0.881077
0.880960
0.880701
0.880262
0.879741
0.879174
0.878597
0.878095
0.877785
0.877315
0.876861
0.876331
0.875577
0.874749
0.873791
0.872858
0.871781
0.870632
0.869133
0.867334
0.865156
0.862674
0.860014
0.857203
0.854236
0.851232
0.847993
0.844611
0.840726
0.836537
0.832309
0.828016
0.823619
0.819198
0.814835
0.809887
0.804924
0.799794
0.794334
0.788580
0.782794
0.776801
0.770603
0.764382
0.758012
0.751519
0.744869
0.738090
0.731292
0.724335
0.717413
0.710401
0.703414
0.696363
0.689251
0.682166
0.674947
0.667968
0.661396
0.654648
0.648038
0.641537
0.635200
0.629215
0.623087
0.617701
0.611939
0.606305
0.600542
0.595164
0.589804
0.584777
0.579854
0.575231
0.570794
0.566617
0.562537
0.558770
0.555319
0.552186
0.549558
0.547366
0.545340
0.543559
0.542263
0.541182
