-0.184669
-0.265505
-0.486589
-0.678336
-0.529760
-0.297450
0.631190
1.754872
2.271855
2.313199
1.818097
0.456578
-2.572856
-6.964160
-12.873853
-18.870649
-23.295982
-25.465046
-23.860893
-18.947889
-10.979830
-0.291330
11.867556
21.905870
28.664555
31.996445
32.786110
31.365849
28.525993
23.207106
13.010476
-0.478501
-14.069880
-24.013086
-26.654661
-24.682386
-20.989521
-14.321213
-6.534553
2.293633
7.669377
16.740313
23.194664
29.170694
27.879494
27.933517
28.827942
28.720137
27.827312
26.332346
24.592674
22.564482
20.124739
18.543360
18.264784
15.703869
12.557787
8.626504
4.699336
-1.247656
-6.126142
-12.928859
-21.339647
-30.110197
-35.694164
-33.742279
-25.499660
-13.723188
-1.373028
8.653055
23.112024
33.518669
36.472260
34.376984
32.315331
30.007921
27.140280
23.773600
20.249460
15.597315
8.114113
-1.420837
-11.244315
-20.723722
-25.518744
-29.655254
-29.943525
-27.106314
-23.389767
-17.398224
-8.507307
1.149358
11.373594
16.370872
19.154951
22.724073
24.460072
25.738050
25.543253
23.898983
20.660608
