0.112581
0.112543
0.112502
0.112438
0.112401
0.112329
0.112231
0.112085
0.111836
0.111655
0.111464
0.111279
0.111091
0.110806
0.110515
0.110159
0.109909
0.109700
0.109493
0.109285
0.109072
0.108859
0.108685
0.108516
0.108390
0.108216
0.108086
0.107957
0.107828
0.107765
0.107642
0.107450
0.107228
0.106978
0.106640
0.106214
0.105647
0.105112
0.104584
0.104071
0.103539
0.102932
0.102320
0.101740
0.101172
0.100613
0.100037
0.099501
0.099079
0.098723
0.098351
0.097953
0.097609
0.097232
0.096933
0.096673
0.096404
0.096139
0.095860
0.095618
0.095336
0.095097
0.094819
0.094530
0.094225
0.093892
0.093547
0.093203
0.092837
0.092458
0.092050
0.091645
0.091193
0.090781
0.090365
0.089988
0.089632
0.089302
0.088977
0.088685
0.088378
0.088109
0.087835
0.087560
0.087259
0.087011
0.086796
0.086665
0.086572
0.086471
0.086438
0.086451
0.086461
0.086405
0.086384
0.086387
0.086329
0.086312
0.086394
0.086418
0.086399
