-0.571186
-0.607136
-0.509878
-1.439786
-1.576850
-1.127090
-1.622457
-2.695831
-2.642796
-1.037092
1.610678
-1.041233
-3.498087
-9.339737
-6.091042
9.257350
-22.311575
-17.902945
3.737638
17.343311
15.631888
16.357067
-3.284620
-23.662201
4.571615
29.621916
-28.826328
-19.273319
-14.544676
30.895258
62.814495
17.481596
-26.933018
-48.654568
24.853607
0.442856
5.153117
48.743858
45.592976
43.613243
20.002733
22.027403
-2.393388
-23.858698
29.797234
-37.723488
2.286618
24.860477
32.070210
20.726295
39.346935
-8.064081
-41.941219
-20.372942
7.246398
-33.369362
-43.481865
-1.952669
35.112732
55.708717
-13.259922
-26.959402
-27.535534
2.188911
5.775440
-0.872487
-4.081478
-4.588510
-3.122696
-0.333592
-0.436155
0.006875
5.310878
6.446812
1.472025
1.709341
-2.764109
-1.642973
3.391024
1.522384
1.688386
1.494871
0.977175
0.553343
-0.288047
-0.395804
-0.139280
0.026340
0.050471
0.261021
0.352803
0.586128
0.689691
0.656177
0.702844
0.661187
0.654876
0.701452
0.677999
0.656719
0.565619
