-0.804047
-0.838058
-0.865604
-0.931992
-1.155442
-1.475521
-1.911676
-2.455983
-3.196873
-4.230183
-5.497135
-6.802989
-7.906415
-8.386397
-9.000085
-9.245616
-9.668360
-10.840084
-12.201211
-13.705832
-15.258734
-16.528290
-17.489052
-18.514523
-19.512877
-20.976778
-22.471596
-24.145582
-25.656157
-27.260321
-28.954775
-30.153145
-30.843445
-30.962780
-30.818245
-31.009102
-31.635118
-31.940285
-31.087217
-30.002975
-28.702332
-27.084742
-24.871574
-21.683744
-17.822876
-12.724128
-6.593538
-1.210849
3.295225
7.782435
13.022044
17.653814
19.730257
19.382736
18.030069
17.346977
16.566252
18.409830
18.778311
19.578426
19.233614
18.277039
17.636995
17.104158
17.066631
17.096237
17.105839
17.432524
17.808592
18.187128
18.231583
18.049566
17.805458
17.531090
17.394371
17.166216
16.962948
16.844187
16.345661
15.237161
14.336674
13.305755
12.614423
12.244212
12.598380
13.123212
13.881452
14.731012
15.366517
15.321980
14.755449
13.388361
12.116501
10.954994
9.932529
9.813260
10.578174
11.946858
13.145781
14.780315
16.100113
