0.103585
0.103575
0.103557
0.103533
0.103500
0.103460
0.103403
0.103343
0.103275
0.103223
0.103167
0.103119
0.103046
0.103030
0.103012
0.103016
0.103008
0.103105
0.103155
0.103237
0.103286
0.103390
0.103477
0.103678
0.103805
0.103978
0.104187
0.104429
0.104679
0.104930
0.105149
0.105401
0.105670
0.105937
0.106138
0.106343
0.106386
0.106462
0.106488
0.106536
0.106559
0.106523
0.106494
0.106429
0.106311
0.106161
0.105991
0.105762
0.105571
0.105352
0.105142
0.104932
0.104670
0.104433
0.104186
0.103942
0.103772
0.103532
0.103262
0.103052
0.102847
0.102660
0.102489
0.102317
0.102145
0.102003
0.101875
0.101729
0.101602
0.101520
0.101426
0.101312
0.101204
0.101094
0.100985
0.100903
0.100823
0.100773
0.100721
0.100656
0.100597
0.100539
0.100487
0.100436
0.100411
0.100373
0.100333
0.100314
0.100272
0.100229
0.100186
0.100123
0.100097
0.100059
0.100020
0.099978
0.099964
0.099933
0.099869
0.099817
0.099820
