2.628006
2.661793
2.716505
2.783328
2.861952
2.945208
3.036862
3.142440
3.239942
3.241167
3.129854
3.080448
2.674834
1.653036
-0.194338
-2.127046
-2.219993
-2.457610
-1.490584
-3.074562
-5.230917
-4.105572
-1.818235
-1.069362
-2.449782
-0.979188
0.712473
0.952600
0.562749
-0.597383
0.433867
1.151644
0.743219
1.433793
0.386841
-2.288879
-1.723487
1.856366
2.270104
4.170158
2.543228
4.493560
7.615778
6.606765
6.143681
8.347159
9.918104
10.712019
10.632298
10.195919
5.701025
8.250802
11.252541
10.285617
9.443230
8.909389
8.236002
7.373709
6.407662
5.407804
6.715927
6.333125
5.550009
5.087129
4.160101
3.232569
2.748232
1.968950
1.207659
0.781410
0.793600
0.279192
-0.498802
-0.698833
-0.745441
-0.658032
-0.448686
-0.364255
-0.368323
-0.360785
-0.427555
-0.367170
-0.570009
-0.783215
-0.818792
-0.811420
-0.801828
-0.843235
-0.981084
-0.785561
0.485739
1.818630
1.443960
1.877481
1.063680
0.817057
-0.335415
-0.930890
-1.112959
-2.327976
-3.688086
