0.899594
0.899579
0.899729
0.899837
0.899959
0.900064
0.900159
0.900238
0.900304
0.900380
0.900464
0.900586
0.900673
0.900947
0.900709
0.899770
0.897107
0.892843
0.887144
0.880818
0.873936
0.866512
0.858692
0.850599
0.842421
0.834264
0.826045
0.817599
0.809227
0.801005
0.793159
0.785939
0.779268
0.773541
0.768121
0.762999
0.758349
0.754103
0.750136
0.746641
0.743372
0.740455
0.737805
0.735337
0.733175
0.731243
0.729659
0.728267
0.727034
0.725915
0.724897
0.723994
0.723143
0.722349
0.721702
0.721142
0.720756
0.720628
0.720608
0.720665
0.720798
0.720938
0.721274
0.721586
0.721995
0.722228
0.722634
0.723084
0.723515
0.724026
0.724490
0.725009
0.725531
0.726145
0.726748
0.727396
0.728074
0.728746
0.729405
0.730054
0.730727
0.731382
0.732033
0.732654
0.733399
0.734130
0.734865
0.735604
0.736111
0.736905
0.737373
0.737866
0.738337
0.739065
0.739301
0.739874
0.740573
0.741469
0.742237
0.743085
0.743859
0.142490
0.142491
0.142488
0.142485
0.142499
0.142507
0.142517
0.142522
0.142527
0.142523
0.142526
0.142527
0.142533
0.142533
0.142533
0.142539
0.142551
0.142557
0.142553
0.142553
0.142571
0.142598
0.142621
0.142645
0.142622
0.142623
0.142624
0.142628
0.142640
0.142649
0.142659
0.142677
0.142675
0.142677
0.142697
0.142719
0.142731
0.142720
0.142745
0.142744
0.142752
0.142755
0.142758
0.142767
0.142771
0.142757
0.142767
0.142775
0.142793
0.142802
0.142775
0.142772
0.142784
0.142795
0.142806
0.142786
0.142767
0.142767
0.142782
0.142850
0.142864
0.142871
0.142883
0.142854
0.142889
0.142922
0.142849
0.142928
0.142902
0.142941
0.142902
0.142908
0.142871
0.142903
0.142859
0.142859
0.142851
0.142837
0.142830
0.142823
0.142818
0.142803
0.142797
0.142788
0.142780
0.142788
0.142771
0.142742
0.142755
0.142761
0.142761
0.142766
0.142789
0.142788
0.142811
0.142861
0.142859
0.142844
0.142844
0.142866
0.142847
0.144874
0.144885
0.144892
0.144902
0.144910
0.144928
0.144941
0.144951
0.144956
0.144965
0.144972
0.144981
0.144988
0.144993
0.144999
0.145012
0.145016
0.145020
0.145028
0.145040
0.145051
0.145066
0.145078
0.145090
0.145094
0.145103
0.145113
0.145125
0.145137
0.145147
0.145159
0.145171
0.145177
0.145185
0.145197
0.145201
0.145208
0.145217
0.145225
0.145237
0.145249
0.145257
0.145267
0.145284
0.145291
0.145297
0.145303
0.145316
0.145332
0.145343
0.145349
0.145354
0.145362
0.145368
0.145381
0.145390
0.145398
0.145408
0.145416
0.145426
0.145433
0.145442
0.145448
0.145455
0.145461
0.145467
0.145474
0.145483
0.145493
0.145500
0.145510
0.145519
0.145527
0.145536
0.145543
0.145551
0.145562
0.145568
0.145574
0.145579
0.145587
0.145597
0.145602
0.145609
0.145618
0.145623
0.145628
0.145638
0.145644
0.145654
0.145667
0.145677
0.145685
0.145688
0.145690
0.145695
0.145702
0.145710
0.145718
0.145728
0.145731
0.147607
0.147610
0.147615
0.147616
0.147621
0.147624
0.147629
0.147631
0.147635
0.147637
0.147643
0.147646
0.147650
0.147654
0.147659
0.147661
0.147665
0.147669
0.147673
0.147676
0.147680
0.147683
0.147686
0.147690
0.147693
0.147695
0.147699
0.147702
0.147704
0.147708
0.147712
0.147717
0.147719
0.147723
0.147725
0.147728
0.147731
0.147733
0.147736
0.147737
0.147741
0.147744
0.147748
0.147752
0.147755
0.147758
0.147760
0.147764
0.147767
0.147769
0.147772
0.147776
0.147780
0.147785
0.147789
0.147790
0.147793
0.147796
0.147800
0.147803
0.147807
0.147810
0.147813
0.147816
0.147819
0.147822
0.147825
0.147827
0.147830
0.147834
0.147836
0.147838
0.147840
0.147841
0.147844
0.147847
0.147849
0.147853
0.147855
0.147860
0.147862
0.147866
0.147870
0.147874
0.147878
0.147882
0.147883
0.147885
0.147887
0.147891
0.147894
0.147897
0.147899
0.147901
0.147904
0.147907
0.147909
0.147911
0.147912
0.147914
0.147917
0.148645
0.148646
0.148648
0.148648
0.148650
0.148651
0.148652
0.148653
0.148655
0.148656
0.148657
0.148658
0.148659
0.148661
0.148661
0.148663
0.148664
0.148666
0.148668
0.148669
0.148670
0.148671
0.148673
0.148674
0.148675
0.148677
0.148677
0.148677
0.148678
0.148680
0.148681
0.148683
0.148685
0.148685
0.148687
0.148688
0.148689
0.148689
0.148691
0.148691
0.148693
0.148694
0.148695
0.148697
0.148699
0.148700
0.148701
0.148701
0.148703
0.148705
0.148706
0.148708
0.148709
0.148710
0.148711
0.148712
0.148713
0.148714
0.148716
0.148718
0.148720
0.148720
0.148720
0.148720
0.148720
0.148722
0.148724
0.148725
0.148726
0.148727
0.148728
0.148730
0.148731
0.148732
0.148734
0.148736
0.148737
0.148738
0.148740
0.148742
0.148742
0.148743
0.148743
0.148745
0.148745
0.148746
0.148745
0.148746
0.148748
0.148750
0.148751
0.148752
0.148752
0.148752
0.148752
0.148752
0.148754
0.148754
0.148754
0.148756
0.148757
0.148192
0.148211
0.148247
0.148280
0.148356
0.148392
0.148442
0.148471
0.148516
0.148552
0.148606
0.148632
0.148669
0.148704
0.148731
0.148765
0.148799
0.148836
0.148860
0.148908
0.148924
0.148957
0.148992
0.149021
0.149062
0.149082
0.149093
0.149116
0.149152
0.149179
0.149212
0.149245
0.149272
0.149277
0.149298
0.149326
0.149334
0.149361
0.149391
0.149411
0.149429
0.149427
0.149446
0.149466
0.149481
0.149489
0.149506
0.149516
0.149521
0.149532
0.149546
0.149553
0.149567
0.149580
0.149604
0.149611
0.149621
0.149633
0.149633
0.149648
0.149669
0.149679
0.149683
0.149704
0.149722
0.149731
0.149733
0.149746
0.149761
0.149777
0.149776
0.149787
0.149787
0.149802
0.149817
0.149821
0.149836
0.149837
0.149846
0.149850
0.149858
0.149866
0.149883
0.149890
0.149896
0.149911
0.149910
0.149910
0.149922
0.149916
0.149936
0.149944
0.149959
0.149969
0.149979
0.149992
0.150000
0.150002
0.150001
0.150012
0.150015
0.150597
0.150600
0.150601
0.150606
0.150606
0.150605
0.150604
0.150605
0.150606
0.150611
0.150610
0.150610
0.150611
0.150610
0.150615
0.150613
0.150612
0.150612
0.150611
0.150613
0.150617
0.150618
0.150618
0.150618
0.150618
0.150617
0.150619
0.150618
0.150618
0.150618
0.150619
0.150618
0.150621
0.150619
0.150616
0.150615
0.150619
0.150623
0.150626
0.150626
0.150627
0.150627
0.150628
0.150627
0.150629
0.150629
0.150628
0.150628
0.150626
0.150624
0.150623
0.150622
0.150624
0.150625
0.150624
0.150626
0.150630
0.150633
0.150633
0.150631
0.150630
0.150631
0.150631
0.150629
0.150631
0.150631
0.150630
0.150629
0.150631
0.150632
0.150635
0.150634
0.150633
0.150634
0.150632
0.150630
0.150631
0.150631
0.150630
0.150630
0.150628
0.150631
0.150634
0.150636
0.150639
0.150638
0.150639
0.150640
0.150642
0.150643
0.150643
0.150640
0.150639
0.150641
0.150642
0.150642
0.150640
0.150642
0.150644
0.150647
0.150646
0.150641
0.150639
0.150638
0.150637
0.150637
0.150638
0.150636
0.150635
0.150634
0.150633
0.150632
0.150631
0.150629
0.150629
0.150629
0.150630
0.150628
0.150625
0.150625
0.150624
0.150623
0.150620
0.150619
0.150618
0.150617
0.150617
0.150617
0.150617
0.150618
0.150616
0.150615
0.150613
0.150612
0.150612
0.150609
0.150608
0.150608
0.150607
0.150605
0.150603
0.150602
0.150601
0.150600
0.150600
0.150598
0.150595
0.150595
0.150595
0.150594
0.150594
0.150595
0.150594
0.150593
0.150594
0.150591
0.150590
0.150589
0.150586
0.150584
0.150585
0.150585
0.150585
0.150584
0.150585
0.150583
0.150583
0.150582
0.150580
0.150579
0.150578
0.150577
0.150575
0.150575
0.150574
0.150573
0.150572
0.150570
0.150569
0.150570
0.150571
0.150569
0.150568
0.150569
0.150569
0.150569
0.150568
0.150567
0.150566
0.150565
0.150563
0.150563
0.150563
0.150561
0.150561
0.150562
0.150561
0.150560
0.150559
0.150560
0.150560
0.150559
0.150528
0.150527
0.150527
0.150527
0.150527
0.150527
0.150527
0.150527
0.150527
0.150527
0.150525
0.150526
0.150526
0.150524
0.150523
0.150522
0.150522
0.150521
0.150519
0.150520
0.150519
0.150518
0.150519
0.150519
0.150516
0.150517
0.150516
0.150515
0.150516
0.150517
0.150517
0.150516
0.150517
0.150516
0.150515
0.150515
0.150516
0.150516
0.150515
0.150514
0.150514
0.150513
0.150513
0.150513
0.150512
0.150512
0.150513
0.150512
0.150512
0.150511
0.150512
0.150512
0.150511
0.150512
0.150511
0.150512
0.150512
0.150511
0.150511
0.150512
0.150512
0.150510
0.150511
0.150511
0.150510
0.150510
0.150510
0.150509
0.150509
0.150509
0.150510
0.150509
0.150508
0.150508
0.150509
0.150509
0.150509
0.150510
0.150510
0.150510
0.150511
0.150511
0.150510
0.150511
0.150512
0.150512
0.150512
0.150512
0.150511
0.150509
0.150510
0.150510
0.150510
0.150510
0.150511
0.150510
0.150510
0.150510
0.150511
0.150510
0.150511
