-0.106363
-0.256448
-0.217413
0.115385
0.258105
0.063007
-0.195457
-0.249586
-0.287353
-0.286362
0.004760
0.324031
0.680768
1.386578
1.600100
1.023390
-0.152157
-1.706883
-2.521579
-2.730032
-2.389371
-1.353275
-0.725916
-0.056826
0.766020
1.444216
1.960756
1.955088
2.350831
2.527349
2.565003
2.593697
2.673118
2.666480
2.828073
2.738254
2.672872
2.733721
2.627490
2.400750
2.249775
2.084237
1.845592
1.776554
1.796411
2.016403
2.324105
2.653270
2.950548
3.205949
3.179657
3.406797
3.683966
4.061366
3.675979
4.140783
4.134502
4.245251
4.256092
4.364873
4.513007
4.339041
4.095914
3.902281
3.791163
3.627125
3.505914
3.499046
3.358059
3.213350
3.086256
2.986912
3.393344
3.374995
3.315396
3.228677
3.195694
2.952024
3.068479
2.731129
2.113109
1.827696
1.566173
0.889866
1.475217
1.377024
1.754250
1.499741
1.381380
1.505527
0.919403
0.422720
0.268102
0.166386
-0.005319
-0.021950
0.014613
0.032371
0.057329
0.125380
0.295759
0.409641
0.410159
0.410271
0.410779
0.409700
0.410207
0.409533
0.409257
0.408209
0.408329
0.408065
0.407422
0.407925
0.409176
0.409287
0.409771
0.409505
0.409613
0.410454
0.409457
0.411021
0.411845
0.411936
0.412027
0.411758
0.412560
0.413355
0.411670
0.412112
0.412900
0.413332
0.413758
0.414181
0.415288
0.416384
0.415761
0.415484
0.415550
0.416289
0.416013
0.416409
0.415803
0.414871
0.414937
0.416318
0.416705
0.416435
0.416167
0.416226
0.415319
0.416344
0.415441
0.416141
0.414292
0.413090
0.415380
0.414808
0.414242
0.413994
0.413749
0.414130
0.414817
0.414261
0.414327
0.414085
0.413541
0.413305
0.413374
0.412840
0.412610
0.412981
0.412753
0.412230
0.412598
0.411492
0.412449
0.413399
0.413465
0.413240
0.413017
0.413084
0.413438
0.412644
0.411856
0.411643
0.412566
0.412917
0.413265
0.413611
0.414793
0.414291
0.415186
0.414407
0.414742
0.414246
0.414305
0.414363
0.413874
0.413390
0.413180
0.413512
0.398895
0.398958
0.398885
0.398676
0.398603
0.398396
0.398053
0.397847
0.397912
0.397977
0.398177
0.398106
0.397767
0.398101
0.397896
0.397961
0.397891
0.397821
0.397752
0.397683
0.398014
0.397945
0.398008
0.398204
0.398400
0.398727
0.398921
0.398850
0.398648
0.398314
0.397982
0.398045
0.398108
0.397908
0.398233
0.398033
0.397965
0.397897
0.397960
0.397892
0.397694
0.398147
0.397689
0.397752
0.397815
0.397618
0.397552
0.397098
0.396903
0.396709
0.396773
0.396966
0.397159
0.397222
0.397285
0.397476
0.397539
0.397473
0.397536
0.397088
0.397279
0.397468
0.397403
0.397592
0.397654
0.397715
0.397903
0.397711
0.397772
0.397959
0.398019
0.398079
0.398265
0.398199
0.398384
0.398193
0.398377
0.398436
0.398121
0.398181
0.398240
0.397926
0.397862
0.398046
0.397857
0.397917
0.398347
0.398158
0.397970
0.397782
0.397472
0.397286
0.397223
0.397406
0.397344
0.397281
0.397464
0.397279
0.397461
0.397276
0.397580
0.391809
0.391677
0.391639
0.391600
0.391839
0.391893
0.392038
0.391815
0.391776
0.391922
0.391791
0.391660
0.391529
0.391307
0.391453
0.391415
0.391377
0.391339
0.391669
0.391630
0.391500
0.391554
0.391516
0.391478
0.391532
0.391128
0.391091
0.391053
0.391016
0.390979
0.391033
0.391087
0.391232
0.391286
0.391339
0.391302
0.391446
0.391590
0.391461
0.391424
0.391567
0.391620
0.391673
0.391726
0.391778
0.391920
0.392152
0.392114
0.392346
0.392127
0.392089
0.392051
0.392193
0.392154
0.391937
0.392078
0.391951
0.392092
0.392233
0.392195
0.392336
0.392029
0.392171
0.392043
0.391916
0.391878
0.391930
0.391892
0.391765
0.391639
0.391424
0.391476
0.391528
0.391491
0.391277
0.391151
0.391293
0.391345
0.391575
0.391715
0.391590
0.391553
0.391250
0.391480
0.391265
0.391318
0.391192
0.391067
0.390765
0.390730
0.390783
0.390658
0.390357
0.390322
0.390110
0.390164
0.390129
0.390183
0.390325
0.390202
0.389991
0.391934
0.391902
0.391719
0.391839
0.391731
0.391624
0.391518
0.391486
0.391530
0.391575
0.391318
0.391437
0.391481
0.391450
0.391193
0.391313
0.391282
0.391327
0.391221
0.391340
0.391460
0.391729
0.391848
0.391817
0.391935
0.391829
0.391872
0.391841
0.392034
0.392153
0.392121
0.392164
0.392207
0.392325
0.392443
0.392186
0.392154
0.392122
0.392165
0.392133
0.392176
0.392070
0.392188
0.392006
0.392124
0.392242
0.392360
0.392253
0.392146
0.392040
0.391934
0.392201
0.392094
0.392212
0.392405
0.392298
0.392266
0.392084
0.392052
0.392096
0.392213
0.392331
0.392299
0.392491
0.392459
0.392352
0.392544
0.392512
0.392554
0.392298
0.392341
0.392309
0.392426
0.392469
0.392660
0.392702
0.392670
0.392787
0.392903
0.392945
0.392987
0.392954
0.392922
0.392667
0.392709
0.392602
0.392570
0.392613
0.392877
0.392770
0.392738
0.392557
0.392822
0.392864
0.392906
0.392947
0.393063
0.392956
0.392776
0.392818
0.392785
0.345575
0.347776
0.346199
0.344668
0.344987
0.345296
0.347353
0.350223
0.350447
0.351511
0.351712
0.351908
0.352911
0.353086
0.354049
0.354205
0.355903
0.357562
0.358426
0.358521
0.360093
0.360897
0.359514
0.358161
0.359671
0.359746
0.359126
0.359206
0.360641
0.360030
0.359432
0.360164
0.358272
0.359003
0.357797
0.358520
0.358599
0.358054
0.356903
0.357608
0.357693
0.358977
0.359047
0.357938
0.359186
0.358673
0.358744
0.357674
0.356623
0.356151
0.356798
0.356883
0.358060
0.358132
0.357128
0.358275
0.359404
0.360515
0.360564
0.360612
0.359631
0.359176
0.358221
0.357784
0.357354
0.357426
0.357497
0.357566
0.358603
0.357701
0.357767
0.358307
0.358839
0.360298
0.360809
0.359463
0.358135
0.359110
0.359163
0.359215
0.359267
0.358428
0.357600
0.357662
0.356850
0.355181
0.355691
0.356624
0.357118
0.357182
0.355557
0.354790
0.355286
0.354530
0.353370
0.353045
0.353133
0.352408
0.352500
0.352991
0.353876
0.360655
0.360670
0.360686
0.360875
0.360890
0.360905
0.361091
0.361277
0.361291
0.361305
0.361488
0.361502
0.361684
0.361190
0.361035
0.361218
0.361399
0.361245
0.361258
0.361272
0.361285
0.361133
0.360981
0.361160
0.361339
0.361517
0.361201
0.361543
0.361391
0.361568
0.361090
0.361104
0.361769
0.361944
0.361467
0.361643
0.361817
0.361829
0.361517
0.361691
0.361703
0.361715
0.361727
0.361579
0.361750
0.361762
0.361456
0.361309
0.361480
0.361651
0.362137
0.361989
0.361527
0.361854
0.361708
0.361877
0.361731
0.361743
0.361754
0.361921
0.361777
0.362099
0.362109
0.362119
0.362284
0.362756
0.363073
0.362927
0.362628
0.362023
0.362494
0.362657
0.362819
0.362828
0.362378
0.362388
0.362093
0.362256
0.362265
0.362578
0.362436
0.361992
0.361701
0.361561
0.361572
0.361584
0.361296
0.361008
0.360722
0.360885
0.360898
0.361060
0.361072
0.360788
0.360801
0.360667
0.360828
0.360546
0.360560
0.360427
0.360441
0.366382
0.366495
0.366382
0.366494
0.366718
0.366717
0.367053
0.367163
0.367162
0.367384
0.367605
0.367603
0.367712
0.367709
0.367706
0.367592
0.368145
0.368252
0.368360
0.368689
0.368906
0.369012
0.369118
0.369113
0.368997
0.368992
0.369097
0.369422
0.369196
0.369191
0.369515
0.369619
0.369723
0.369826
0.370148
0.370032
0.370134
0.370237
0.370448
0.370331
0.370215
0.370099
0.370092
0.370193
0.370186
0.370288
0.370389
0.370490
0.370590
0.370798
0.370682
0.370674
0.370667
0.370874
0.370866
0.371072
0.370742
0.370841
0.370726
0.370611
0.370710
0.370702
0.371014
0.370792
0.370784
0.370776
0.370981
0.371292
0.371390
0.371381
0.371053
0.370832
0.370931
0.370922
0.370914
0.370906
0.371003
0.370995
0.371197
0.371189
0.371180
0.371277
0.371268
0.371468
0.370832
0.370824
0.370921
0.371122
0.371009
0.371419
0.371724
0.371819
0.371809
0.371800
0.371686
0.371676
0.371771
0.371762
0.371856
0.371743
0.371837
0.371911
0.371614
0.371702
0.371789
0.372068
0.372059
0.372241
0.372327
0.372413
0.372594
0.372584
0.372193
0.372184
0.372270
0.372260
0.372251
0.372241
0.372232
0.372412
0.372213
0.372109
0.372194
0.372280
0.372270
0.372261
0.372252
0.371960
0.371857
0.371754
0.371746
0.371737
0.371729
0.371907
0.371899
0.371890
0.371975
0.371779
0.371584
0.371763
0.371661
0.371839
0.371830
0.371729
0.371534
0.371712
0.371518
0.371510
0.371595
0.371401
0.371207
0.371385
0.371470
0.371370
0.371640
0.371724
0.371716
0.371800
0.371792
0.371783
0.371867
0.371950
0.372034
0.372025
0.372016
0.371641
0.371816
0.371808
0.371983
0.371883
0.371874
0.371683
0.371674
0.371849
0.371566
0.371467
0.371459
0.371360
0.371261
0.371253
0.371155
0.370966
0.370868
0.371042
0.371035
0.371028
0.371112
0.371195
0.371006
0.371180
0.371445
0.371618
0.371610
0.371783
0.371775
0.371586
0.371487
0.371570
0.371923
0.372095
0.372177
0.372077
