1.008706
0.998394
0.934718
-0.027258
-2.837875
-8.573773
-16.913380
-28.529436
-40.224220
-48.741112
-54.007095
-54.040760
-49.889675
-47.691936
-46.757820
-45.679939
-40.156193
-29.175648
-12.819603
5.161847
22.258968
30.781466
35.277111
34.745674
35.500748
34.882565
33.405739
32.153446
33.281223
33.253876
31.174450
29.312868
28.109600
26.874983
24.749512
23.338705
22.130186
21.777777
20.887917
19.902727
18.572819
17.022093
15.221455
13.737882
12.907253
12.514359
12.346894
12.749821
11.946609
11.418226
11.146587
10.533968
10.472472
9.563998
8.922821
8.236160
7.379151
6.173277
5.837575
5.731372
5.656336
5.258358
4.980172
5.076103
5.105066
4.875499
4.654085
4.432250
4.105079
3.726415
3.499469
3.294072
3.043160
2.805847
2.499495
2.574738
2.310136
2.101650
1.761541
1.500550
-0.369933
0.080649
0.649469
0.523520
1.926048
2.488199
3.038553
3.488592
3.434401
3.179244
2.845279
2.480107
2.139864
1.840071
1.511961
1.480092
1.409579
1.313519
1.209105
1.117568
1.090177
-0.276315
-0.276916
-0.276292
-0.275677
-0.277074
-0.277258
-0.277440
-0.277619
-0.277796
-0.277191
-0.276205
-0.276389
-0.275034
-0.275223
-0.274649
-0.274838
-0.275401
-0.275958
-0.276137
-0.275202
-0.274645
-0.273361
-0.273552
-0.274831
-0.274649
-0.273748
-0.272855
-0.272687
-0.272165
-0.271294
-0.270432
-0.268875
-0.269084
-0.267896
-0.267760
-0.267972
-0.267494
-0.267363
-0.266552
-0.267785
-0.267654
-0.267861
-0.266726
-0.266936
-0.266480
-0.265036
-0.264923
-0.264483
-0.265028
-0.265242
-0.263510
-0.262760
-0.263306
-0.263206
-0.262467
-0.264600
-0.263538
-0.263120
-0.264919
-0.266075
-0.266593
-0.266791
-0.266988
-0.267494
-0.266445
-0.265405
-0.265914
-0.265805
-0.266308
-0.266806
-0.267300
-0.268395
-0.268577
-0.267856
-0.267141
-0.267028
-0.267511
-0.266214
-0.266993
-0.267178
-0.267067
-0.266957
-0.267139
-0.267030
-0.266922
-0.267389
-0.267280
-0.267742
-0.267916
-0.267806
-0.268260
-0.268429
-0.268039
-0.267651
-0.268099
-0.267438
-0.267057
-0.266404
-0.266030
-0.267025
-0.267468
-0.291767
-0.291797
-0.292105
-0.291858
-0.291888
-0.292056
-0.292639
-0.292944
-0.292695
-0.292585
-0.292476
-0.292504
-0.291984
-0.292013
-0.292180
-0.291935
-0.292102
-0.291994
-0.292297
-0.292325
-0.292218
-0.292111
-0.292276
-0.292440
-0.292333
-0.291551
-0.291581
-0.291476
-0.291237
-0.291133
-0.290895
-0.290926
-0.291092
-0.290855
-0.290752
-0.291585
-0.291481
-0.291645
-0.291675
-0.291838
-0.291600
-0.291364
-0.291527
-0.291158
-0.291454
-0.291484
-0.291381
-0.291279
-0.291309
-0.291339
-0.291106
-0.291268
-0.291297
-0.291327
-0.291095
-0.291256
-0.290764
-0.290926
-0.291086
-0.291377
-0.291406
-0.291825
-0.291594
-0.291493
-0.291522
-0.291292
-0.291321
-0.291093
-0.291122
-0.291409
-0.291567
-0.291596
-0.291368
-0.291269
-0.291042
-0.291072
-0.290973
-0.291003
-0.290651
-0.290554
-0.290711
-0.290615
-0.290392
-0.290549
-0.290579
-0.290483
-0.290261
-0.290166
-0.290323
-0.290353
-0.290509
-0.291040
-0.291069
-0.290848
-0.290877
-0.290907
-0.290686
-0.290841
-0.291243
-0.291396
-0.291051
-0.305807
-0.305712
-0.305805
-0.305710
-0.305710
-0.305709
-0.305708
-0.305707
-0.305520
-0.305332
-0.305239
-0.305239
-0.304959
-0.304773
-0.304494
-0.304961
-0.304868
-0.304775
-0.304589
-0.304683
-0.304964
-0.304871
-0.304685
-0.304872
-0.305153
-0.305059
-0.305153
-0.305432
-0.305245
-0.305339
-0.305245
-0.305338
-0.305338
-0.305245
-0.305430
-0.305523
-0.305522
-0.305522
-0.305614
-0.305428
-0.305520
-0.305520
-0.305427
-0.305242
-0.305242
-0.305334
-0.305242
-0.305334
-0.305425
-0.305241
-0.305058
-0.305333
-0.305333
-0.305424
-0.305516
-0.305515
-0.305515
-0.305332
-0.305423
-0.305605
-0.305422
-0.305421
-0.305421
-0.305784
-0.305966
-0.305873
-0.305872
-0.306053
-0.305870
-0.305778
-0.305777
-0.305776
-0.305957
-0.306046
-0.306226
-0.306315
-0.306403
-0.306402
-0.306580
-0.306488
-0.306576
-0.306394
-0.306302
-0.306390
-0.306389
-0.306207
-0.306295
-0.306384
-0.306472
-0.306559
-0.306557
-0.306555
-0.306643
-0.306819
-0.307085
-0.307082
-0.306990
-0.306987
-0.307074
-0.307160
-0.307068
-0.304466
-0.304390
-0.304314
-0.304239
-0.304087
-0.304012
-0.303860
-0.304015
-0.303940
-0.304094
-0.304172
-0.304250
-0.304251
-0.304329
-0.304177
-0.304102
-0.304103
-0.304181
-0.304258
-0.304031
-0.303880
-0.304034
-0.304036
-0.303961
-0.303962
-0.303964
-0.303965
-0.303967
-0.303893
-0.303894
-0.303820
-0.303746
-0.303748
-0.303448
-0.303450
-0.303301
-0.303303
-0.303306
-0.303157
-0.303160
-0.303238
-0.303165
-0.303167
-0.303245
-0.303172
-0.303175
-0.303177
-0.303180
-0.303032
-0.302960
-0.303038
-0.302966
-0.302819
-0.302747
-0.302601
-0.302604
-0.302607
-0.302536
-0.302688
-0.302616
-0.302619
-0.302548
-0.302551
-0.302555
-0.302335
-0.302190
-0.302045
-0.301900
-0.301904
-0.301908
-0.301838
-0.301916
-0.301920
-0.301924
-0.301854
-0.301784
-0.301715
-0.301793
-0.301797
-0.301875
-0.302099
-0.302029
-0.302254
-0.302405
-0.302261
-0.302265
-0.302342
-0.302419
-0.302201
-0.302131
-0.302061
-0.301918
-0.301995
-0.301925
-0.302077
-0.302154
-0.302158
-0.301941
-0.301871
-0.302022
-0.301805
-0.350324
-0.350577
-0.353697
-0.354837
-0.355942
-0.357016
-0.358058
-0.358178
-0.359174
-0.358406
-0.357658
-0.357776
-0.358726
-0.358827
-0.358926
-0.357417
-0.357531
-0.356076
-0.353882
-0.352504
-0.350401
-0.350595
-0.350785
-0.352435
-0.351873
-0.350608
-0.350080
-0.351669
-0.351834
-0.351996
-0.351475
-0.350965
-0.350466
-0.348659
-0.350153
-0.350323
-0.350490
-0.350019
-0.349558
-0.350350
-0.350510
-0.351277
-0.352634
-0.353367
-0.352898
-0.353026
-0.353153
-0.352120
-0.350532
-0.350678
-0.350258
-0.350963
-0.350547
-0.351238
-0.350826
-0.351504
-0.351096
-0.352293
-0.352414
-0.352008
-0.351089
-0.352250
-0.352880
-0.351973
-0.353102
-0.355220
-0.356309
-0.357383
-0.357948
-0.358504
-0.358566
-0.357661
-0.357728
-0.358270
-0.355969
-0.355107
-0.356127
-0.355739
-0.356741
-0.357272
-0.356427
-0.355140
-0.356123
-0.356645
-0.356715
-0.355457
-0.355535
-0.354301
-0.353951
-0.354037
-0.354552
-0.354207
-0.354714
-0.355635
-0.355708
-0.355364
-0.355437
-0.355920
-0.355989
-0.355246
-0.355318
-0.332346
-0.332612
-0.332535
-0.332629
-0.332723
-0.332477
-0.332401
-0.331989
-0.332083
-0.331841
-0.332439
-0.332700
-0.332792
-0.332716
-0.332807
-0.332732
-0.333155
-0.333411
-0.333169
-0.333093
-0.333182
-0.333107
-0.333032
-0.332629
-0.333374
-0.333298
-0.333223
-0.333148
-0.333399
-0.333486
-0.333411
-0.333336
-0.333262
-0.333349
-0.333274
-0.333521
-0.333607
-0.334011
-0.334095
-0.334497
-0.334739
-0.334662
-0.334110
-0.334352
-0.334118
-0.334201
-0.334284
-0.334209
-0.334291
-0.334373
-0.334142
-0.334380
-0.334461
-0.334542
-0.334623
-0.334083
-0.334010
-0.334092
-0.334173
-0.334254
-0.334180
-0.334414
-0.334494
-0.334420
-0.334195
-0.334123
-0.334051
-0.334131
-0.334210
-0.334440
-0.334518
-0.334597
-0.334224
-0.334303
-0.334381
-0.334758
-0.334685
-0.334762
-0.335433
-0.335360
-0.335286
-0.335509
-0.335584
-0.335658
-0.335732
-0.336099
-0.336613
-0.336390
-0.336462
-0.336533
-0.337043
-0.336967
-0.337329
-0.337398
-0.337758
-0.337972
-0.337894
-0.337671
-0.337738
-0.338240
-0.338596
-0.325959
-0.325699
-0.325662
-0.325624
-0.325476
-0.325883
-0.326067
-0.326029
-0.325770
-0.325954
-0.325805
-0.325768
-0.325621
-0.325694
-0.325767
-0.325730
-0.325364
-0.325547
-0.325291
-0.325255
-0.325109
-0.324854
-0.324709
-0.324565
-0.324421
-0.324277
-0.324243
-0.324100
-0.323631
-0.323598
-0.323456
-0.323423
-0.323499
-0.323575
-0.323434
-0.323402
-0.323370
-0.323337
-0.323198
-0.323058
-0.323027
-0.322888
-0.323071
-0.323147
-0.323008
-0.322977
-0.323160
-0.323128
-0.323310
-0.323172
-0.323247
-0.323322
-0.323078
-0.322940
-0.323016
-0.322772
-0.322635
-0.322393
-0.322257
-0.322227
-0.321986
-0.321851
-0.321928
-0.322110
-0.322081
-0.322052
-0.321917
-0.322099
-0.322280
-0.322356
-0.322221
-0.322297
-0.322163
-0.322133
-0.322104
-0.322284
-0.322255
-0.322330
-0.322509
-0.322271
-0.322450
-0.322213
-0.322080
-0.321947
-0.322126
-0.321994
-0.322069
-0.322040
-0.322012
-0.322086
-0.321955
-0.321720
-0.321898
-0.321870
-0.321842
-0.321506
-0.321581
-0.321656
-0.321936
-0.321908
-0.322187
-0.321342
-0.321317
-0.321481
-0.321550
-0.321713
-0.321969
-0.322038
-0.322012
-0.321610
-0.321867
-0.321935
-0.322098
-0.322165
-0.321952
-0.321832
-0.321994
-0.322062
-0.322223
-0.321916
-0.321984
-0.322052
-0.322026
-0.322000
-0.322068
-0.322229
-0.322109
-0.322084
-0.322244
-0.322311
-0.322006
-0.322073
-0.322048
-0.322208
-0.322182
-0.322249
-0.322223
-0.322382
-0.322633
-0.322699
-0.322580
-0.322462
-0.322251
-0.322317
-0.322199
-0.322081
-0.321963
-0.322030
-0.322005
-0.322163
-0.322138
-0.322112
-0.322178
-0.322153
-0.322036
-0.322102
-0.322077
-0.321960
-0.321753
-0.321819
-0.321977
-0.321952
-0.321745
-0.321811
-0.321968
-0.322125
-0.322190
-0.322256
-0.322049
-0.322205
-0.322180
-0.322246
-0.322039
-0.322195
-0.322442
-0.322688
-0.322662
-0.322817
-0.322610
-0.322674
-0.322648
-0.322532
-0.322416
-0.322391
-0.322636
-0.322790
-0.322945
-0.322828
-0.322982
-0.323226
-0.323200
-0.323353
-0.323416
-0.323389
-0.323452
-0.323426
-0.323757
-0.323820
-0.323703
-0.323855
-0.324186
-0.324158
