0.959458
0.959485
0.959521
0.959565
0.959612
0.959653
0.959688
0.959713
0.959738
0.959762
0.959784
0.959819
0.959858
0.959893
0.959945
0.959968
0.959970
0.959960
0.959980
0.959981
0.959936
0.959896
0.959742
0.959513
0.959227
0.958952
0.958630
0.958234
0.957743
0.957195
0.956646
0.956099
0.955522
0.954933
0.954243
0.953484
0.952674
0.951847
0.951001
0.950102
0.949165
0.948175
0.947022
0.945779
0.944439
0.943044
0.941589
0.940053
0.938486
0.936884
0.935335
0.933668
0.931922
0.930061
0.928054
0.925986
0.923879
0.921676
0.919442
0.917174
0.914868
0.912496
0.910177
0.907812
0.905558
0.903313
0.901203
0.899150
0.897098
0.895050
0.893010
0.890963
0.888883
0.886866
0.884797
0.882877
0.881023
0.879256
0.877530
0.875812
0.874130
0.872388
0.870748
0.869138
0.867516
0.866032
0.864604
0.863218
0.861989
0.860782
0.859563
0.858498
0.857460
0.856505
0.855571
0.854731
0.853965
0.853286
0.852650
0.852014
0.851472
