0.685057
0.684820
0.684584
0.684312
0.683757
0.683193
0.682725
0.682399
0.681782
0.681843
0.682365
0.682562
0.682963
0.683178
0.683431
0.684084
0.684320
0.684214
0.683832
0.683376
0.682707
0.681789
0.681074
0.680936
0.680896
0.680234
0.680481
0.681447
0.682369
0.682415
0.682057
0.681253
0.680346
0.679547
0.679266
0.679384
0.679469
0.679968
0.679803
0.680729
0.681732
0.682578
0.682477
0.682245
0.681692
0.681115
0.680672
0.680264
0.679932
0.679595
0.679034
0.678409
0.677868
0.678478
0.679630
0.679438
0.678656
0.677829
0.677168
0.676589
0.676050
0.675485
0.674958
0.674376
0.673826
0.673289
0.672802
0.672233
0.671722
0.671238
0.670789
0.670320
0.669909
0.669484
0.669027
0.668626
0.668256
0.667857
0.667483
0.667102
0.666730
0.666373
0.666029
0.665659
0.665298
0.664967
0.664628
0.664242
0.663888
0.663527
0.663143
0.662865
0.662571
0.662248
0.661933
0.661627
0.661316
0.660957
0.660577
0.660182
0.659908
