7.655698
8.274385
8.859755
9.481884
9.893709
9.996663
11.089157
9.943351
8.510798
7.164613
6.229959
7.659122
11.128834
12.797276
12.270730
11.071766
15.363966
38.327385
116.618004
66.743752
25.975760
20.231241
32.536003
44.330070
41.049141
44.618385
46.166962
55.296516
33.354717
69.599609
106.077209
145.737442
104.173065
82.939255
90.076241
114.519745
105.118065
63.262951
78.247574
66.945633
58.926811
49.331181
53.949909
73.787262
121.041725
51.688423
92.417717
71.560287
53.860367
32.986034
20.156796
26.529840
16.021143
19.198135
14.168023
14.519880
32.891617
72.544327
131.211746
147.020752
103.067482
127.291687
118.835518
105.142586
82.987122
55.531780
34.116955
23.640278
17.051868
13.967687
11.288240
8.522421
7.526065
6.999437
6.229987
5.734384
5.813665
5.650105
5.633628
5.643496
5.168391
5.050673
4.745707
4.704560
4.524163
4.574235
4.530708
4.334157
4.238507
4.381800
6.613373
5.312744
4.662662
2.290382
1.996200
1.518977
1.405784
1.468955
1.370642
1.373141
1.362455
