2.626485
2.570683
1.244609
-2.181585
3.502954
13.058176
-1.172398
-12.491142
6.273416
27.608358
-28.844273
30.008650
13.198884
-8.716057
10.607924
23.500427
14.915626
-8.868506
41.842937
-6.741746
1.239027
17.869263
-29.969208
-20.621382
26.423731
38.876091
18.997278
-9.748028
-2.771003
0.186566
0.386242
0.870951
-0.054451
0.667317
1.239062
1.423284
1.573687
1.364244
1.070388
1.432882
0.917664
0.762750
0.915457
0.995807
1.052117
0.950910
-0.629764
-0.919594
4.845400
3.231733
2.235470
2.504020
2.407053
1.871387
1.734975
1.420943
1.387650
1.433035
1.380641
1.253823
1.280203
1.253374
1.345979
1.408705
1.284543
1.346320
1.399459
1.345317
1.441390
1.519403
2.499645
2.229941
2.104439
1.865202
1.808046
1.771672
1.336309
1.488392
1.599166
1.607665
1.563209
1.623044
1.629586
1.664241
1.562644
1.561141
1.310420
1.428457
1.489193
1.560713
1.585478
1.606260
1.621191
1.656793
1.677656
1.678713
1.747507
1.752199
1.600964
1.496044
1.592266
