0.152333
0.166348
0.064648
0.091591
0.118146
0.135180
0.109171
0.093217
0.133324
0.276218
0.357642
0.254844
0.250663
0.451489
0.487736
0.577193
0.926803
0.839499
0.896266
0.974560
0.975932
1.008470
0.954589
0.884321
0.767629
0.761265
0.757893
0.754661
0.742390
0.729260
0.702558
0.690496
0.677593
0.662641
0.635934
0.654904
0.660061
0.641273
0.639497
0.621573
0.601818
0.561975
0.537562
0.513679
0.501761
0.483401
0.475618
0.460306
0.458608
0.451551
0.446847
0.457055
0.436704
0.434459
0.424079
0.401767
0.412355
0.410586
0.401925
0.398400
0.383338
0.381135
0.375187
0.363740
0.359096
0.336060
0.313294
0.320626
0.320392
0.307429
0.300148
0.278667
0.265544
0.242789
0.246415
0.244599
0.234038
0.267428
0.252006
0.242146
0.239533
0.225679
0.207712
0.194323
0.217571
0.209230
0.183747
0.179375
0.193246
0.185346
0.180180
0.177677
0.179428
0.183617
0.186890
0.186840
0.181184
0.179620
0.169451
0.169626
0.155100
