0.838481
0.838791
0.839109
0.839426
0.839694
0.839904
0.840106
0.840305
0.840512
0.840772
0.841033
0.841314
0.841600
0.841821
0.842061
0.842283
0.842498
0.842669
0.842827
0.842947
0.843038
0.843071
0.843017
0.842942
0.842723
0.842451
0.842031
0.841533
0.840881
0.840126
0.839087
0.837936
0.836670
0.835334
0.834038
0.832493
0.830817
0.829088
0.827257
0.825298
0.823137
0.820902
0.818407
0.815788
0.812966
0.810049
0.806972
0.803640
0.800187
0.796471
0.792688
0.788738
0.784603
0.780173
0.775609
0.771015
0.766249
0.761325
0.756210
0.750943
0.745589
0.740089
0.734487
0.728919
0.723342
0.717666
0.712030
0.706385
0.700787
0.695272
0.689842
0.684560
0.679462
0.674527
0.669556
0.664470
0.659271
0.653886
0.648248
0.642257
0.636012
0.629525
0.622869
0.616075
0.609073
0.602099
0.595125
0.588317
0.581590
0.575329
0.569182
0.563288
0.557952
0.553357
0.549037
0.545161
0.541533
0.538439
0.535568
0.532957
0.530768
