-4.667114
-4.106210
-3.818218
-3.660864
-3.623264
-3.626064
-3.300075
-2.913719
-2.979875
-3.115602
-3.342374
-3.434746
-3.630650
-3.705037
-3.533235
-3.144598
-2.735236
-2.437324
-2.441045
-2.044877
-2.083999
-2.330527
-2.105355
-2.029131
-2.081624
-2.020981
-1.539485
-1.464009
-1.346401
-1.467418
-1.153744
-0.917927
-1.360606
-2.017042
-2.859509
-3.341464
-4.104038
-5.502434
-7.008694
-9.521108
-8.235971
-9.105282
-9.123884
-8.888288
-7.929923
-5.749873
-1.235098
4.996965
12.610597
18.892992
19.537472
17.443296
17.119467
15.826526
15.131278
14.145535
13.906496
15.328954
14.367385
13.581086
13.726235
12.856718
10.504740
9.372650
8.900581
4.868574
6.518021
5.186717
5.049748
5.332713
4.780990
3.523041
3.122057
1.138100
-1.241177
0.713794
2.659132
5.654561
6.652410
8.284551
9.246592
8.606857
8.313316
8.244669
7.133735
6.529342
5.992184
6.393496
6.300085
4.939398
4.669355
4.069670
4.044942
4.014326
3.815618
3.822087
3.636384
3.374045
3.531932
3.205997
3.264092
