0.616844
0.610003
0.608777
0.564286
0.490886
0.319576
0.161593
-0.005851
-0.188710
-0.366434
-0.516358
-0.615793
-0.677681
-0.699821
-0.704690
-0.674233
-0.640573
-0.613119
-0.659637
-0.695976
-0.751479
-0.807602
-0.728513
-0.790985
-0.946557
-0.938389
-0.987266
-1.039403
-1.049575
-1.113764
-1.123531
-1.171237
-1.179503
-1.208370
-1.230827
-1.225113
-1.199448
-1.147834
-1.118516
-1.114070
-1.090131
-0.913322
-0.899340
-0.912144
-0.944876
-0.995710
-1.040246
-1.042918
-0.987969
-0.924323
-0.854455
-0.786486
-0.743065
-0.613483
-0.585506
-0.619548
-0.612104
-0.502935
-0.312195
-0.098674
-0.018497
0.129610
0.213747
0.257079
0.317964
0.389153
0.374512
0.504232
0.856892
1.233286
1.610089
2.010496
2.557314
3.158350
3.646452
4.007737
4.354025
4.301233
4.349098
3.514400
2.847696
1.842754
0.650225
0.417867
0.093300
-0.208881
-0.569632
-0.611351
-0.306914
0.118128
0.620069
1.651697
2.797953
3.565901
3.997414
4.628359
4.905259
5.192539
5.606288
5.891816
6.139237
