-0.133529
-0.133482
-0.133454
-0.133455
-0.133472
-0.133527
-0.133591
-0.133652
-0.133736
-0.133859
-0.134009
-0.134196
-0.134433
-0.134640
-0.134861
-0.135106
-0.135371
-0.135584
-0.135791
-0.136020
-0.136273
-0.136447
-0.136775
-0.137124
-0.137405
-0.137716
-0.137949
-0.138205
-0.138435
-0.138633
-0.138865
-0.139051
-0.139258
-0.139442
-0.139660
-0.139881
-0.140048
-0.140216
-0.140519
-0.140735
-0.140878
-0.140942
-0.141104
-0.141210
-0.141341
-0.141458
-0.141610
-0.141804
-0.142002
-0.142160
-0.142334
-0.142493
-0.142659
-0.142794
-0.142896
-0.143023
-0.143239
-0.143446
-0.143663
-0.143921
-0.144198
-0.144499
-0.144850
-0.145142
-0.145457
-0.145768
-0.146131
-0.146488
-0.146855
-0.147214
-0.147563
-0.147920
-0.148280
-0.148638
-0.148974
-0.149280
-0.149610
-0.149948
-0.150276
-0.150521
-0.150679
-0.150742
-0.150905
-0.150996
-0.151034
-0.151079
-0.150933
-0.150671
-0.150428
-0.150159
-0.149894
-0.149640
-0.149360
-0.149111
-0.148816
-0.148503
-0.148210
-0.147932
-0.147652
-0.147375
-0.147056
