-0.023471
-0.023462
-0.023452
-0.023445
-0.023435
-0.023430
-0.023433
-0.023442
-0.023455
-0.023469
-0.023491
-0.023505
-0.023510
-0.023519
-0.023498
-0.023517
-0.023544
-0.023568
-0.023593
-0.023613
-0.023636
-0.023672
-0.023684
-0.023694
-0.023706
-0.023721
-0.023731
-0.023741
-0.023767
-0.023782
-0.023790
-0.023780
-0.023799
-0.023785
-0.023784
-0.023780
-0.023724
-0.023690
-0.023656
-0.023615
-0.023566
-0.023534
-0.023484
-0.023426
-0.023384
-0.023349
-0.023325
-0.023310
-0.023320
-0.023347
-0.023380
-0.023423
-0.023499
-0.023557
-0.023576
-0.023561
-0.023554
-0.023527
-0.023508
-0.023471
-0.023432
-0.023399
-0.023357
-0.023307
-0.023254
-0.023219
-0.023186
-0.023153
-0.023103
-0.023050
-0.022999
-0.022956
-0.022915
-0.022884
-0.022865
-0.022826
-0.022802
-0.022771
-0.022756
-0.022755
-0.022748
-0.022744
-0.022745
-0.022741
-0.022747
-0.022754
-0.022762
-0.022764
-0.022762
-0.022754
-0.022747
-0.022732
-0.022719
-0.022701
-0.022677
-0.022659
-0.022643
-0.022627
-0.022613
-0.022604
-0.022593
