0.947247
0.947261
0.947268
0.947274
0.947282
0.947296
0.947312
0.947327
0.947342
0.947357
0.947368
0.947379
0.947383
0.947376
0.947338
0.947293
0.947225
0.947159
0.947054
0.946924
0.946771
0.946581
0.946369
0.946127
0.945849
0.945538
0.945215
0.944859
0.944460
0.944032
0.943580
0.943098
0.942584
0.941980
0.941328
0.940631
0.939886
0.939090
0.938234
0.937336
0.936391
0.935424
0.934397
0.933303
0.932155
0.930919
0.929646
0.928318
0.926945
0.925552
0.924078
0.922560
0.920985
0.919359
0.917679
0.915938
0.914154
0.912315
0.910455
0.908531
0.906547
0.904560
0.902587
0.900484
0.898404
0.896342
0.894270
0.892197
0.890123
0.888078
0.886026
0.884026
0.882056
0.880142
0.878321
0.876556
0.874886
0.873298
0.871755
0.870259
0.868805
0.867368
0.865969
0.864659
0.863368
0.862118
0.860896
0.859797
0.858756
0.857777
0.856840
0.855942
0.855093
0.854281
0.853518
0.852876
0.852298
0.851834
0.851453
0.851294
0.851190
