0.275471
0.255212
0.237190
0.218287
0.137461
0.091231
0.030596
-0.039203
-0.145435
-0.239617
-0.245764
-0.282169
-0.292151
-0.318668
-0.355925
-0.386522
-0.410691
-0.455085
-0.475602
-0.513134
-0.519183
-0.520364
-0.504320
-0.488441
-0.486082
-0.500102
-0.479724
-0.499417
-0.492969
-0.484298
-0.413428
-0.319885
-0.251862
-0.240724
-0.157678
-0.057159
0.008086
0.062641
0.108803
0.233254
0.342689
0.597040
0.936076
1.346295
1.759456
2.310550
2.837367
3.159173
3.358876
3.339052
2.765658
1.828321
0.783593
0.279017
-0.953177
-2.067557
-3.158971
-3.884616
-4.507048
-4.845287
-5.527034
-6.005941
-6.237760
-6.512862
-6.644902
-6.738341
-6.615289
-6.325835
-5.841790
-5.411630
-4.961377
-4.536381
-4.104687
-3.787278
-3.520026
-3.094413
-2.746245
-2.398680
-2.099772
-1.788181
-1.452103
-0.997447
-0.688561
-0.525280
-0.274383
-0.084127
0.229827
0.480968
0.670744
0.752772
0.775598
0.805870
0.879959
0.866648
0.915049
1.009749
1.054661
1.075072
1.093894
1.052275
0.999044
