0.969959
0.969973
0.969972
0.969973
0.969988
0.970002
0.970013
0.970025
0.970037
0.970056
0.970093
0.970178
0.970160
0.970231
0.970241
0.970245
0.970243
0.970223
0.970202
0.970188
0.970082
0.969939
0.969734
0.969513
0.969236
0.968944
0.968607
0.968206
0.967752
0.967225
0.966600
0.965890
0.965129
0.964335
0.963568
0.962732
0.961798
0.960732
0.959569
0.958312
0.957071
0.955815
0.954630
0.953518
0.952397
0.951384
0.950407
0.949424
0.948535
0.947678
0.946823
0.945884
0.944877
0.943778
0.942535
0.941229
0.939843
0.938517
0.937199
0.935836
0.934425
0.932950
0.931427
0.929766
0.927832
0.925764
0.923533
0.921122
0.918545
0.915853
0.912932
0.909973
0.906960
0.904047
0.901311
0.898509
0.895882
0.893276
0.890844
0.888533
0.886355
0.884307
0.882293
0.880289
0.878309
0.876337
0.874418
0.872609
0.870851
0.869294
0.867823
0.866623
0.865414
0.864392
0.863387
0.862426
0.861352
0.860161
0.858666
0.857000
0.855147
