0.953456
0.953417
0.953385
0.953376
0.953360
0.953365
0.953403
0.953454
0.953499
0.953542
0.953584
0.953619
0.953645
0.953670
0.953715
0.953807
0.953894
0.953938
0.953938
0.953867
0.953719
0.953419
0.952947
0.952307
0.951587
0.950783
0.949616
0.947852
0.945942
0.943939
0.941859
0.939737
0.937581
0.935374
0.933113
0.930813
0.928446
0.926030
0.923573
0.921085
0.918649
0.916218
0.913909
0.911789
0.909833
0.908067
0.906388
0.904989
0.903844
0.902778
0.901731
0.900743
0.900143
0.899628
0.899482
0.899486
0.899517
0.899610
0.899706
0.899831
0.899938
0.900057
0.900184
0.900296
0.900413
0.900543
0.900662
0.900770
0.900880
0.900995
0.901105
0.901217
0.901339
0.901449
0.901568
0.901685
0.901798
0.901916
0.902030
0.902142
0.902264
0.902377
0.902495
0.902613
0.902722
0.902842
0.902961
0.903073
0.903191
0.903308
0.903420
0.903531
0.903645
0.903759
0.903873
0.903989
0.904100
0.904213
0.904327
0.904435
0.904550
