1.731855
1.772833
2.019909
2.497087
3.091226
3.806587
4.515996
5.080519
5.448668
6.173839
6.324675
5.885180
4.808212
2.845899
1.270258
1.178554
0.941290
0.725981
0.350108
0.540036
0.531714
0.490932
0.470979
0.479494
0.483520
0.513757
0.464743
0.496476
0.572309
0.767887
1.074972
1.305735
2.171281
2.337137
2.366364
2.123800
2.021787
1.400858
0.888775
0.281189
-0.215852
-0.373295
-0.369094
-0.564066
-0.503968
-0.499771
-0.505511
-0.507675
-0.509637
-0.390545
-0.343360
-0.354863
-0.357862
-0.302292
-0.202586
-0.175896
-0.112071
-0.114691
-0.014981
0.024601
0.051346
0.057887
0.059998
0.073647
0.075150
0.080242
0.088622
0.100041
0.102359
0.097918
0.108268
0.113379
0.116694
0.127410
0.130247
0.131502
0.142621
0.144938
0.148518
0.155958
0.155229
0.154530
0.155120
0.161862
0.162285
0.168653
0.172453
0.170345
0.171717
0.176385
0.180900
0.183103
0.189494
0.193590
0.193412
0.198338
0.198087
0.200815
0.207367
0.211813
0.213273
