-1.723147
-1.438529
-1.298223
-1.135300
-0.907244
-0.548961
-0.045844
2.314517
6.366894
10.775965
15.649567
18.265493
20.386353
24.321070
27.416050
21.400383
20.447468
21.186985
21.433371
20.192043
13.964754
11.601196
9.021859
7.132199
6.487208
5.366732
5.083826
4.819033
4.805658
4.523933
3.732486
3.593057
3.336358
2.981463
2.814533
2.276743
0.811580
2.125507
0.794631
0.921836
-1.305658
-3.088474
-1.814657
-2.329889
-1.296048
-0.488486
7.604040
4.185888
4.222697
0.863603
-1.352612
-4.911283
-4.937422
-5.654391
-5.462049
-4.641676
-4.031519
-3.398536
-2.837899
-2.356251
-1.888399
-1.583296
-1.513792
-0.847286
-0.560785
-0.371166
-0.232575
-0.040899
0.113465
0.223136
0.290144
0.445551
0.612493
0.727554
0.832606
0.909095
0.906267
0.903717
0.921476
0.956971
0.981738
1.007157
1.085216
1.083315
1.137821
1.177676
1.219594
1.230591
1.262097
1.310474
1.348286
1.386136
1.424043
1.436919
1.449066
1.460541
1.471396
1.469464
1.488014
1.507367
1.511134
