0.065221
0.065196
0.065170
0.065143
0.065115
0.065095
0.065087
0.065092
0.065111
0.065126
0.065148
0.065179
0.065199
0.065214
0.065269
0.065371
0.065461
0.065552
0.065641
0.065755
0.065877
0.066010
0.066146
0.066285
0.066390
0.066483
0.066570
0.066616
0.066634
0.066599
0.066516
0.066459
0.066331
0.066207
0.066052
0.065882
0.065745
0.065600
0.065434
0.065278
0.065181
0.065029
0.064917
0.064823
0.064717
0.064624
0.064550
0.064419
0.064327
0.064212
0.063990
0.063744
0.063497
0.063247
0.063038
0.062846
0.062653
0.062435
0.062175
0.061926
0.061648
0.061325
0.060998
0.060708
0.060416
0.060112
0.059835
0.059577
0.059323
0.059024
0.058708
0.058384
0.058031
0.057692
0.057385
0.057085
0.056787
0.056484
0.056161
0.055820
0.055540
0.055230
0.054938
0.054685
0.054451
0.054217
0.053993
0.053794
0.053580
0.053371
0.053174
0.052989
0.052812
0.052642
0.052489
0.052336
0.052197
0.052063
0.051938
0.051877
0.051756
