2.511351
2.784149
2.969508
3.140449
3.487236
4.167719
5.126463
6.425205
9.267499
13.205583
17.060061
23.271294
25.686382
24.017157
20.745155
16.231321
8.433669
-2.834459
-17.992113
-30.725464
-37.800644
-37.564541
-34.375114
-28.411263
-15.367011
1.862806
19.030352
27.947550
36.057178
38.239979
32.683601
24.510513
8.139888
-8.891962
-20.995155
-30.108765
-34.732182
-38.395233
-38.015240
-39.953869
-38.185505
-34.982426
-29.853798
-21.339287
-11.821872
-2.821771
3.275264
6.250729
6.050522
4.587604
2.797419
3.627557
7.636014
14.983001
18.999039
22.063620
18.324184
12.076326
5.743480
-2.158587
-9.946519
-15.168045
-19.205717
-20.677359
-20.199358
-17.976545
-15.165426
-11.803092
-6.613351
-1.343197
4.845566
11.610663
18.149292
23.293554
24.266203
23.501877
21.411810
17.782875
13.454719
6.882725
-0.459921
-7.065077
-13.254088
-17.687895
-21.343851
-23.028767
-22.313795
-19.031958
-13.774857
-7.167511
2.293674
9.997372
17.461407
23.417929
26.571342
29.583891
30.513683
30.591272
29.757069
27.246145
22.396288
