0.312459
0.312444
0.312440
0.312467
0.312506
0.312556
0.312616
0.312682
0.312773
0.312902
0.313078
0.313250
0.313445
0.313694
0.313959
0.314249
0.314558
0.314889
0.315245
0.315606
0.315982
0.316363
0.316751
0.317155
0.317592
0.318019
0.318467
0.318917
0.319381
0.319819
0.320264
0.320714
0.321158
0.321596
0.322031
0.322468
0.322894
0.323286
0.323639
0.323975
0.324300
0.324594
0.324850
0.325081
0.325260
0.325448
0.325626
0.325756
0.325868
0.325949
0.325973
0.325964
0.325939
0.325878
0.325800
0.325710
0.325588
0.325456
0.325346
0.325265
0.325218
0.325229
0.325337
0.325471
0.325635
0.325817
0.326009
0.326248
0.326539
0.326871
0.327210
0.327676
0.328110
0.328504
0.328937
0.329425
0.329950
0.330465
0.330943
0.331493
0.332039
0.332620
0.333161
0.333710
0.334261
0.334814
0.335364
0.335902
0.336401
0.336879
0.337404
0.337883
0.338319
0.338760
0.339223
0.339644
0.340030
0.340413
0.340776
0.341116
0.341431
