0.138271
0.129980
0.118043
0.108363
0.076767
0.040162
0.003104
-0.008662
0.004859
-0.063631
-0.126706
-0.216927
-0.264302
-0.360504
-0.469404
-0.588359
-0.743116
-0.773854
-0.778332
-0.792896
-0.805098
-0.871464
-0.906570
-0.985433
-1.032136
-1.033340
-1.127923
-1.169442
-1.166965
-1.206285
-1.251984
-1.287001
-1.305351
-1.306053
-1.295484
-1.259648
-1.197416
-1.130349
-1.001955
-0.894419
-0.718309
-0.507273
-0.255698
-0.015340
0.186251
0.314629
0.458677
0.688023
0.977416
1.379416
1.892590
2.402553
2.919371
3.442618
3.813466
4.007424
3.717787
3.071792
2.173689
1.010860
-0.171747
-1.464156
-2.531309
-3.440520
-4.231193
-4.790421
-5.171030
-5.318416
-5.641464
-5.771146
-5.929734
-6.060629
-5.917324
-5.721222
-5.589956
-5.362996
-4.947331
-4.620528
-4.306072
-4.097696
-3.887738
-3.531626
-3.192869
-2.817238
-2.452389
-2.057979
-1.755157
-1.510370
-1.358599
-1.198681
-1.020439
-0.755819
-0.475451
-0.327741
-0.033481
0.148197
0.216872
0.394978
0.536311
0.593033
0.626910
