-0.552764
-0.582157
-0.604982
-0.646976
-0.669219
-0.726843
-0.824488
-0.973190
-1.146461
-1.343399
-1.586588
-1.797179
-2.193556
-2.765211
-3.546194
-4.521865
-5.745663
-7.206713
-8.705071
-10.073022
-11.749656
-12.919098
-13.798515
-14.592152
-14.777837
-14.736901
-14.787333
-14.737059
-14.255949
-14.289840
-14.750067
-15.004771
-15.323107
-15.615673
-16.103251
-16.512819
-16.850140
-17.297058
-18.041035
-18.777430
-19.454685
-19.718594
-20.112352
-20.494940
-20.880610
-21.125315
-20.908209
-20.601370
-20.513945
-20.416920
-20.315113
-20.251627
-20.122900
-19.799213
-19.448044
-18.955666
-18.233952
-17.387581
-16.185760
-14.328149
-11.879813
-8.729112
-5.208740
-1.001175
2.554668
5.674396
8.100283
10.492305
12.932869
15.040023
16.938515
18.463556
20.066072
20.059351
19.784609
20.260025
21.273079
22.050062
21.728264
21.620392
21.989399
22.444027
22.466145
21.915829
21.469732
21.110989
20.634741
19.919060
19.175037
18.547197
18.542862
18.946339
18.894722
18.718321
18.748219
18.855326
18.504799
18.191740
17.998276
17.798819
17.736015
