0.154826
0.154786
0.154771
0.154813
0.154824
0.154848
0.154923
0.155061
0.155225
0.155359
0.155569
0.155920
0.156195
0.156462
0.156824
0.157248
0.157679
0.158079
0.158549
0.159062
0.159583
0.160115
0.160602
0.161185
0.161859
0.162601
0.163308
0.164008
0.164884
0.165813
0.166841
0.167685
0.168509
0.169448
0.170472
0.171497
0.172722
0.174005
0.175419
0.176907
0.179781
0.181487
0.182928
0.184673
0.186211
0.187761
0.189460
0.191165
0.192943
0.194780
0.196716
0.198694
0.200656
0.202632
0.204678
0.206831
0.208938
0.211069
0.213294
0.215369
0.217627
0.219898
0.222120
0.224464
0.226815
0.229178
0.231615
0.234009
0.236508
0.239041
0.241580
0.244024
0.246440
0.249335
0.252213
0.254893
0.257533
0.260231
0.262476
0.264565
0.267216
0.269677
0.272370
0.275394
0.278376
0.280983
0.283112
0.285346
0.287628
0.289958
0.292290
0.293932
0.295732
0.297559
0.299513
0.301123
0.302510
0.304063
0.305605
0.306808
0.308013
