-0.046417
-0.046367
-0.046247
-0.046099
-0.046149
-0.046105
-0.045684
-0.045505
-0.045620
-0.045805
-0.045598
-0.045373
-0.045444
-0.045430
-0.045189
-0.044958
-0.044900
-0.044705
-0.044600
-0.044414
-0.044261
-0.044146
-0.044092
-0.044084
-0.043938
-0.043736
-0.043741
-0.043682
-0.043517
-0.043270
-0.043068
-0.042866
-0.042613
-0.042315
-0.042184
-0.042131
-0.041989
-0.041908
-0.041811
-0.041727
-0.041605
-0.041431
-0.041337
-0.041314
-0.041371
-0.041533
-0.041715
-0.041938
-0.042235
-0.042617
-0.043037
-0.043485
-0.043909
-0.044416
-0.045016
-0.045603
-0.046138
-0.046911
-0.047577
-0.048226
-0.048827
-0.049564
-0.050189
-0.050716
-0.051360
-0.052166
-0.053034
-0.053677
-0.054320
-0.055002
-0.055715
-0.056241
-0.056691
-0.057203
-0.057670
-0.058290
-0.058709
-0.059406
-0.059770
-0.060123
-0.060621
-0.061099
-0.061634
-0.062020
-0.062408
-0.062847
-0.063348
-0.063723
-0.064221
-0.064632
-0.064960
-0.065375
-0.065874
-0.066311
-0.066765
-0.067229
-0.067766
-0.068158
-0.068572
-0.068738
-0.070148
