0.077028
0.077005
0.077022
0.076988
0.076928
0.076885
0.076845
0.076829
0.076761
0.076732
0.076690
0.076690
0.076677
0.076647
0.076630
0.076619
0.076566
0.076517
0.076448
0.076374
0.076285
0.076165
0.076040
0.075932
0.075750
0.075557
0.075386
0.075218
0.075124
0.074976
0.074792
0.074635
0.074470
0.074264
0.074022
0.073832
0.073644
0.073464
0.073270
0.073080
0.072898
0.072715
0.072547
0.072415
0.072272
0.072167
0.072029
0.071896
0.071755
0.071604
0.071460
0.071324
0.071099
0.070896
0.070742
0.070609
0.070458
0.070276
0.070114
0.069928
0.069734
0.069480
0.069238
0.069056
0.068914
0.068741
0.068607
0.068456
0.068282
0.068080
0.067897
0.067724
0.067613
0.067428
0.067236
0.067000
0.066808
0.066633
0.066537
0.066439
0.066367
0.066278
0.066172
0.066088
0.066011
0.065922
0.065846
0.065748
0.065646
0.065579
0.065541
0.065528
0.065528
0.065530
0.065479
0.065448
0.065450
0.065445
0.065428
0.065440
0.065433
