4.638672
1.281738
-9.155273
-16.662598
-1.342773
14.404297
4.394531
-62.072754
-9.765625
63.354492
13.244629
2.807617
-13.732910
-7.690430
-1.831055
-30.456543
-12.329102
9.826660
11.230469
-38.635254
-36.010742
55.969238
31.005859
-42.419434
-22.277832
40.466309
81.970215
18.188477
22.521973
83.496094
-17.944336
-97.167969
-21.423340
41.931152
63.964844
-79.345703
-8.666992
5.615234
34.057617
25.085449
-34.545898
21.301270
33.569336
27.893066
7.202148
-12.084961
7.202148
102.661133
25.573730
-4.760742
-59.936523
67.749023
-2.990723
-82.885742
-25.451660
67.932129
42.236328
-54.687500
-52.917480
69.091797
21.057129
-13.977051
-5.249023
-8.483887
37.963867
15.441895
-33.325195
-4.333496
20.568848
-11.657715
15.502930
-22.155762
-71.960449
51.086426
17.761230
-3.417969
0.061035
-18.676758
48.461914
4.882812
-29.968262
26.794434
23.193359
37.414551
-9.704590
-41.198730
-13.183594
0.122070
9.460449
15.747070
-40.710449
-15.930176
23.193359
14.892578
20.263672
-9.826660
-18.432617
55.053711
20.019531
-85.571289
-11.474609
