2.772052
2.921427
2.857506
2.886699
2.613364
2.394146
2.255156
2.170577
1.997747
1.820858
2.144579
1.534608
1.235194
1.116199
0.655812
0.785254
0.691369
0.739238
0.668305
0.545649
0.433281
0.773434
0.647477
0.699737
0.951597
1.076307
1.506906
1.333761
1.475032
1.596244
2.103169
2.012612
2.263782
2.157695
1.840581
2.593258
2.011992
2.095475
2.445566
2.858138
2.739452
3.222010
3.800291
4.433159
4.647599
4.306538
4.687214
4.750851
4.049743
3.358324
2.576111
2.187908
1.955117
1.720535
1.475475
1.244448
1.069356
1.155288
1.265211
1.491661
1.671354
1.970939
2.148924
2.334109
2.513070
2.663349
2.490897
2.285264
2.463844
2.312692
2.660729
2.639835
2.645129
2.456458
2.608816
2.589509
2.640558
2.255992
2.213764
2.183030
2.025734
1.993637
2.093816
1.952205
1.851642
1.716551
1.656630
1.624709
1.585513
1.608550
1.594371
1.847144
1.810258
1.848631
1.912891
1.781963
1.736278
1.583096
1.682249
1.519811
1.320556
