23.927830
25.585047
27.368813
29.195244
30.671757
31.252092
32.351227
30.450611
29.461861
29.336651
27.110878
29.811270
30.768036
31.757309
29.152485
27.291597
26.458569
26.056463
24.868101
24.601269
23.174099
21.629280
20.415007
19.163755
18.385473
17.348181
16.568888
16.992619
18.543896
18.551638
19.045265
18.208868
16.616013
14.547648
14.239487
14.121870
14.414088
15.218673
13.507959
12.662066
11.987881
10.848392
10.305511
9.311575
8.654795
8.265521
7.411654
4.791651
3.789741
4.668039
5.068943
5.193107
5.192627
4.129544
3.471296
3.663285
3.483301
3.036119
3.305596
3.341805
3.079546
3.296328
3.271825
2.236573
0.800805
0.735728
0.703070
0.873815
1.374887
1.963564
2.639538
3.159980
3.061348
3.279065
3.777740
3.731830
3.417437
3.598731
3.545352
3.773972
3.602508
4.138275
3.892745
3.770029
3.567141
3.520637
4.090203
3.558039
2.619128
1.867074
0.802786
0.559269
0.407530
0.195470
-0.154550
-0.469126
-0.963784
-1.269893
-1.620640
-1.786100
-1.978340
