-1.019695
-0.615743
-0.080580
0.539626
1.326497
2.281085
3.316021
4.399122
6.099951
8.253643
10.435081
12.282003
11.509632
9.594099
9.918349
10.282319
10.498578
9.860032
10.142860
9.481050
9.484675
8.834496
8.405453
7.119151
6.158421
5.433602
4.742432
4.810646
4.626986
4.753994
4.123099
4.003772
4.151289
3.986799
3.795001
3.609630
2.414642
1.609182
0.650426
0.026887
0.357026
0.799522
-0.499798
-1.048966
-2.078518
-3.474523
-2.934649
-2.763244
-2.043498
-0.086408
0.815098
1.963848
2.738235
3.414411
3.862215
4.016746
4.222233
4.338102
5.423537
6.141240
6.527066
5.677344
4.113627
3.614025
4.049512
3.944932
3.206939
3.768016
2.822476
3.160821
3.416907
3.441355
3.507545
3.488516
3.619701
3.511097
3.398665
3.399788
3.467896
3.342621
3.488317
3.621010
3.662562
3.627458
3.741626
3.682624
3.601001
3.524615
3.491745
3.448771
3.022424
2.826021
2.891814
2.815471
2.810052
2.787924
2.774474
2.718467
2.804883
2.698022
2.615217
