0.235752
0.235770
0.235777
0.235788
0.235807
0.235850
0.235894
0.235942
0.236016
0.236101
0.236196
0.236307
0.236444
0.236585
0.236742
0.236906
0.237083
0.237302
0.237520
0.237757
0.238003
0.238249
0.238498
0.238775
0.239063
0.239352
0.239654
0.239965
0.240293
0.240599
0.240908
0.241222
0.241543
0.241884
0.242230
0.242560
0.242899
0.243231
0.243549
0.243856
0.244101
0.244338
0.244537
0.244656
0.244733
0.244761
0.244755
0.244717
0.244626
0.244510
0.244392
0.244247
0.244009
0.243746
0.243493
0.243231
0.242947
0.242699
0.242493
0.242346
0.242259
0.242173
0.242116
0.242080
0.242044
0.242053
0.242195
0.242372
0.242574
0.242854
0.243183
0.243588
0.243979
0.244365
0.244745
0.245179
0.245588
0.246017
0.246439
0.246869
0.247314
0.247768
0.248226
0.248660
0.249111
0.249563
0.250034
0.250498
0.250949
0.251399
0.251849
0.252275
0.252710
0.253156
0.253597
0.254015
0.254428
0.254839
0.255260
0.255664
0.256068
