0.874550
0.874565
0.874565
0.874585
0.874674
0.875012
0.875254
0.875572
0.875766
0.875739
0.875584
0.875571
0.875609
0.875937
0.876244
0.876387
0.876571
0.876594
0.876691
0.876820
0.877078
0.877331
0.877880
0.878606
0.879152
0.879589
0.879801
0.879614
0.879222
0.878828
0.878678
0.878913
0.879617
0.880832
0.882301
0.883492
0.884963
0.886321
0.886976
0.886603
0.885466
0.884379
0.883034
0.881835
0.881989
0.882064
0.883107
0.884944
0.886232
0.887205
0.887376
0.886569
0.884698
0.882784
0.881177
0.879907
0.879239
0.878870
0.878702
0.878511
0.879059
0.880209
0.880738
0.880492
0.878753
0.876222
0.873416
0.870840
0.868780
0.867542
0.866987
0.867526
0.867734
0.866741
0.864468
0.861780
0.859572
0.859302
0.860775
0.861932
0.861597
0.860212
0.858116
0.856591
0.856356
0.857898
0.859490
0.861876
0.863018
0.862123
0.860600
0.860696
0.860648
0.860699
0.861922
0.862846
0.864667
0.864901
0.863165
0.861503
0.861405
