0.836124
0.836430
0.836738
0.837008
0.837237
0.837457
0.837686
0.837918
0.838106
0.838275
0.838406
0.838485
0.838636
0.838848
0.839186
0.839203
0.839671
0.839427
0.838234
0.837736
0.835317
0.830776
0.824561
0.817332
0.811748
0.808977
0.803611
0.800431
0.795355
0.792203
0.787413
0.786672
0.783072
0.775405
0.767491
0.766019
0.763678
0.759541
0.746819
0.740956
0.738459
0.734726
0.731526
0.727140
0.722062
0.718296
0.709958
0.699843
0.694871
0.691997
0.689415
0.682576
0.676351
0.672642
0.672205
0.675679
0.675081
0.666054
0.662834
0.661296
0.661203
0.659039
0.653325
0.645941
0.643450
0.645088
0.638651
0.632703
0.630880
0.632405
0.631795
0.625682
0.617611
0.619662
0.620119
0.614563
0.609460
0.608921
0.609401
0.609252
0.609197
0.609878
0.610425
0.611117
0.612093
0.613317
0.614067
0.615282
0.616425
0.617754
0.619025
0.620258
0.621519
0.622818
0.623612
0.624993
0.625886
0.626792
0.627947
0.629029
0.630036
