0.291204
0.291187
0.291182
0.291185
0.291200
0.291232
0.291275
0.291356
0.291441
0.291558
0.291684
0.291832
0.292015
0.292209
0.292435
0.292690
0.292959
0.293237
0.293538
0.293874
0.294220
0.294588
0.294984
0.295398
0.295833
0.296287
0.296756
0.297234
0.297733
0.298243
0.298758
0.299293
0.299823
0.300355
0.300857
0.301358
0.301903
0.302366
0.302846
0.303280
0.303699
0.304101
0.304478
0.304796
0.305082
0.305352
0.305597
0.305829
0.306015
0.306147
0.306262
0.306342
0.306380
0.306385
0.306330
0.306216
0.306070
0.305910
0.305797
0.305813
0.305844
0.305897
0.306004
0.306155
0.306352
0.306558
0.306778
0.307104
0.307449
0.307844
0.308289
0.308749
0.309230
0.309749
0.310304
0.310866
0.311442
0.312079
0.312706
0.313310
0.313917
0.314538
0.315149
0.315750
0.316355
0.316974
0.317584
0.318153
0.318715
0.319258
0.319785
0.320293
0.320816
0.321297
0.321762
0.322217
0.322635
0.323016
0.323423
0.323808
0.324166
