-0.056253
-0.121860
-0.474121
-0.942351
-1.531051
-2.171925
-2.994744
-4.006532
-4.955678
-5.663344
-6.328673
-7.240748
-7.943932
-8.789518
-9.671391
-10.441748
-11.157426
-11.640759
-12.310225
-12.916818
-13.532487
-13.466969
-13.948051
-13.845628
-13.738760
-13.852983
-13.784342
-13.831027
-14.091202
-14.619486
-15.069907
-15.525034
-16.356897
-16.157299
-15.879372
-15.814200
-15.702894
-15.573272
-15.338185
-15.002927
-14.932530
-14.763391
-15.107985
-14.803257
-14.660715
-13.957307
-13.253892
-12.481337
-11.631279
-10.340117
-9.182446
-8.167436
-6.752729
-5.413105
-4.304290
-3.513008
-2.390310
-1.180507
-0.028120
1.264091
2.975327
9.464417
15.077473
21.587433
27.227274
32.764675
35.364273
36.484463
35.807594
32.227058
28.786713
25.793320
25.936501
26.395563
29.834517
27.651237
25.470770
22.961302
20.873707
18.500870
17.226780
15.873793
14.405542
12.905141
11.703616
11.737327
10.326629
9.264713
8.299750
7.574465
7.095068
6.470645
5.794286
5.246095
4.830418
4.303237
3.845574
3.476818
3.136211
2.903287
2.618554
