2.014160
2.014160
2.319336
2.746582
3.295898
3.540039
1.770020
1.708984
2.563477
4.516602
38.452148
22.277832
77.941895
-0.671387
15.197754
21.423340
-14.892578
15.136719
38.208008
5.737305
-27.709961
-49.560547
-26.794434
-30.944824
-9.643555
-22.216797
-17.028809
-6.408691
-3.601074
2.563477
3.601074
-0.549316
1.525879
2.807617
-0.122070
-1.159668
13.793945
44.189453
67.871094
10.803223
26.184082
-10.192871
-13.427734
-15.930176
15.136719
17.333984
9.094238
-29.907227
-17.089844
-32.165527
-21.179199
-2.685547
-30.944824
-16.052246
-18.859863
-25.390625
-14.221191
-1.464844
-0.610352
3.540039
3.906250
1.525879
4.028320
-7.385254
14.343262
59.631348
80.749512
37.170410
-11.596680
27.038574
-18.859863
22.399902
71.899414
19.348145
-135.559082
-69.519043
50.170898
31.738281
-6.225586
-9.521484
-8.789062
-17.822266
-18.981934
0.244141
-17.089844
-32.104492
-20.629883
-17.517090
-17.883301
-21.423340
-12.878418
-19.042969
-11.108398
-9.399414
-15.747070
45.776367
27.343750
14.831543
-1.708984
-33.142090
-7.629395
