0.139622
0.139638
0.139649
0.139658
0.139672
0.139685
0.139704
0.139729
0.139770
0.139809
0.139870
0.139937
0.140021
0.140113
0.140208
0.140317
0.140440
0.140572
0.140723
0.140894
0.141076
0.141266
0.141473
0.141698
0.141931
0.142162
0.142398
0.142624
0.142839
0.143055
0.143282
0.143454
0.143617
0.143736
0.143859
0.143984
0.144083
0.144181
0.144285
0.144398
0.144534
0.144683
0.144834
0.144981
0.145197
0.145415
0.145653
0.145906
0.146137
0.146405
0.146683
0.146974
0.147284
0.147581
0.147887
0.148178
0.148464
0.148747
0.149050
0.149351
0.149667
0.149992
0.150308
0.150623
0.150943
0.151255
0.151582
0.151900
0.152208
0.152515
0.152831
0.153140
0.153462
0.153738
0.154059
0.154390
0.154668
0.154976
0.155271
0.155542
0.155784
0.156002
0.156234
0.156422
0.156597
0.156774
0.156923
0.157062
0.157196
0.157311
0.157411
0.157495
0.157572
0.157628
0.157682
0.157724
0.157756
0.157781
0.157777
0.157783
0.157781
