0.937299
0.937319
0.937330
0.937354
0.937373
0.937393
0.937416
0.937432
0.937455
0.937480
0.937498
0.937516
0.937559
0.937564
0.937572
0.937600
0.937600
0.937585
0.937578
0.937546
0.937479
0.937392
0.937252
0.937088
0.936895
0.936666
0.936407
0.936110
0.935788
0.935403
0.934971
0.934490
0.933947
0.933378
0.932743
0.932068
0.931340
0.930545
0.929685
0.928773
0.927799
0.926730
0.925599
0.924381
0.923111
0.921802
0.920447
0.919043
0.917612
0.916113
0.914549
0.912949
0.911286
0.909545
0.907744
0.905883
0.903934
0.901947
0.899833
0.897647
0.895428
0.893136
0.890722
0.888298
0.885810
0.883255
0.880649
0.877969
0.875291
0.872497
0.869702
0.866863
0.863968
0.861004
0.858057
0.855106
0.852138
0.849156
0.846219
0.843345
0.840581
0.837880
0.835289
0.832734
0.830277
0.827998
0.825808
0.823685
0.821636
0.819701
0.817884
0.816251
0.814731
0.813391
0.812182
0.811098
0.810120
0.809229
0.808455
0.807758
0.807110
