0.303449
0.303447
0.303440
0.303451
0.303471
0.303505
0.303552
0.303622
0.303719
0.303853
0.304015
0.304201
0.304420
0.304649
0.304904
0.305194
0.305508
0.305851
0.306178
0.306515
0.306864
0.307233
0.307631
0.308038
0.308455
0.308871
0.309278
0.309683
0.310103
0.310511
0.310908
0.311270
0.311610
0.311960
0.312319
0.312683
0.313050
0.313426
0.313761
0.314075
0.314366
0.314642
0.314908
0.315171
0.315393
0.315590
0.315779
0.315939
0.316041
0.316091
0.316159
0.316182
0.316195
0.316170
0.316144
0.316081
0.315981
0.315864
0.315739
0.315662
0.315621
0.315613
0.315617
0.315700
0.315820
0.315946
0.316107
0.316285
0.316511
0.316804
0.317133
0.317518
0.317943
0.318367
0.318832
0.319313
0.319804
0.320280
0.320727
0.321183
0.321675
0.322220
0.322731
0.323244
0.323720
0.324218
0.324685
0.325141
0.325582
0.326016
0.326412
0.326801
0.327141
0.327460
0.327772
0.328077
0.328330
0.328553
0.328781
0.328993
0.329162
