-0.288661
-0.297263
-0.303617
-0.315356
-0.328302
-0.358973
-0.425828
-0.524368
-0.657489
-0.830012
-1.080089
-1.379392
-1.791799
-2.215870
-2.765097
-3.276180
-3.899548
-4.689967
-5.610500
-6.930821
-8.216293
-9.396676
-10.177481
-10.695385
-11.342722
-12.055301
-12.928653
-14.386609
-15.768408
-16.802259
-17.935137
-19.090767
-20.115406
-20.346384
-19.819305
-19.151411
-18.361059
-17.638435
-17.119270
-17.027838
-17.094788
-17.228445
-17.231747
-17.302055
-17.236300
-17.519037
-17.665520
-17.791346
-18.092369
-18.316980
-18.449326
-18.187088
-18.007290
-17.813585
-17.619507
-17.004160
-16.675083
-16.287624
-15.622816
-14.680573
-12.769288
-10.237144
-7.239360
-3.908338
0.000561
3.178612
5.430038
8.170630
10.879999
13.853213
17.139030
20.359022
22.856754
23.983433
24.031775
23.892948
23.350483
22.724188
22.102299
21.772106
22.332644
23.487284
24.567959
25.135429
25.272913
25.058310
24.879431
24.563572
24.258659
23.829672
23.340782
22.819462
22.173950
21.708725
21.449520
21.375658
21.290005
20.896942
20.463900
20.181774
19.762506
