0.376656
0.385222
0.383962
0.369284
0.343937
0.330327
0.319045
0.295212
0.258089
0.204505
0.187768
0.138484
0.095701
0.003301
-0.047040
-0.108077
-0.207705
-0.283041
-0.361227
-0.405606
-0.424620
-0.461447
-0.497680
-0.536639
-0.579302
-0.504402
-0.409372
-0.408675
-0.443906
-0.485833
-0.532719
-0.568532
-0.556932
-0.508001
-0.482798
-0.469404
-0.477963
-0.493424
-0.474074
-0.422717
-0.383539
-0.333096
-0.321966
-0.206761
-0.109905
-0.009335
0.223377
0.371793
0.583063
0.800121
1.081422
1.483669
1.865112
2.173805
2.558743
2.911692
3.155889
3.240337
2.332757
1.183269
0.052758
-1.203018
-2.357522
-3.390326
-4.232546
-4.981153
-5.504632
-5.913623
-6.283748
-6.717237
-7.424763
-7.765959
-7.803985
-7.649596
-7.313639
-6.950731
-6.531598
-6.069191
-5.610123
-5.068985
-4.587739
-3.958022
-3.425605
-3.096972
-2.661420
-2.334605
-1.850124
-1.300619
-0.751430
-0.244626
0.159036
0.232598
0.449048
0.730383
1.052797
1.407333
1.734005
2.005687
2.162300
2.266324
2.215120
