-0.625250
-0.625202
-0.625158
-0.625146
-0.625170
-0.625229
-0.625352
-0.625516
-0.625722
-0.625958
-0.626200
-0.626514
-0.626890
-0.627535
-0.627881
-0.628213
-0.627984
-0.627034
-0.623768
-0.619794
-0.615064
-0.610739
-0.606585
-0.604396
-0.603854
-0.603708
-0.604048
-0.604571
-0.605206
-0.605420
-0.604773
-0.600909
-0.595714
-0.590459
-0.585667
-0.582143
-0.580426
-0.579946
-0.580074
-0.580684
-0.581337
-0.581930
-0.582060
-0.581764
-0.580167
-0.573792
-0.568238
-0.562599
-0.557807
-0.553121
-0.549253
-0.547064
-0.546552
-0.546551
-0.547271
-0.548189
-0.549096
-0.549660
-0.549562
-0.547945
-0.544463
-0.538745
-0.532478
-0.527410
-0.523787
-0.522211
-0.522182
-0.522943
-0.524067
-0.525247
-0.526539
-0.527828
-0.529115
-0.530235
-0.531313
-0.532451
-0.533485
-0.534612
-0.535676
-0.536784
-0.537830
-0.538890
-0.539944
-0.540958
-0.541959
-0.542930
-0.543986
-0.544947
-0.545906
-0.546822
-0.547731
-0.548676
-0.549610
-0.550564
-0.551496
-0.552411
-0.553357
-0.554255
-0.555211
-0.556123
-0.557044
