7.230789
7.265761
7.137940
6.868569
6.538709
6.042060
5.600792
5.228154
4.418625
-1.449006
1.111981
3.698048
5.199046
-0.920591
-59.098114
88.487877
-81.707924
-62.696232
-121.545349
-146.440613
-196.777603
-166.123749
-104.505844
-56.021751
-13.370272
-19.016634
-51.600250
-109.918900
-21.755381
-20.259825
-44.412689
-119.741936
-148.574600
-91.204735
-66.422562
-42.582657
-25.920284
-16.473993
-10.202811
-21.054499
-70.794174
-93.723030
-94.820419
-87.261765
-72.996819
-84.034859
-120.078835
-188.093887
-94.456970
-33.716911
-11.423214
5.691827
9.330764
13.021262
-2.768156
-39.813114
-167.500305
-74.034790
-84.353706
-82.217758
-122.696419
-116.021736
-103.368912
-66.002861
-25.724470
-23.511358
-6.150601
-1.506118
0.029365
1.942142
2.286750
2.644813
-2.697111
-1.215283
-1.236364
-0.913270
-0.306595
0.637805
0.662871
0.765254
0.866716
0.876380
1.052513
1.131037
1.322469
1.345050
1.376698
1.329578
1.433804
1.397699
1.519473
1.580578
1.688738
1.653642
1.612901
1.620079
1.621299
1.665944
1.757292
1.728339
1.832343
