0.294226
0.201543
0.201520
0.201516
0.201501
0.201527
0.201598
0.201701
0.201874
0.202094
0.202367
0.202702
0.203061
0.203499
0.204000
0.204545
0.205100
0.205671
0.206283
0.206934
0.207635
0.208334
0.209059
0.209768
0.210502
0.211265
0.212012
0.212731
0.213417
0.214147
0.214954
0.215732
0.216560
0.217310
0.218111
0.218947
0.219795
0.220582
0.221323
0.222145
0.223000
0.223920
0.224728
0.225520
0.226160
0.226773
0.227342
0.227852
0.228321
0.228607
0.228658
0.228751
0.229251
0.229738
0.230342
0.230965
0.231732
0.232474
0.233264
0.234066
0.234903
0.235745
0.236613
0.237446
0.238294
0.239145
0.239989
0.240852
0.241698
0.242555
0.243468
0.244346
0.245220
0.245904
0.246762
0.247593
0.248344
0.249069
0.249754
0.250378
0.250981
0.251589
0.252144
0.252662
0.253122
0.253494
0.253891
0.254289
0.254611
0.254871
0.255135
0.255339
0.255504
0.255619
0.255708
0.255761
0.255769
0.255751
0.255666
0.255584
