0.238903
0.238911
0.238936
0.238981
0.239012
0.238999
0.238947
0.238919
0.238916
0.238924
0.238865
0.238696
0.238560
0.238417
0.238235
0.238121
0.238069
0.238015
0.238238
0.238631
0.238948
0.239281
0.239664
0.240154
0.240455
0.240655
0.240861
0.241126
0.241280
0.241409
0.241488
0.241505
0.241302
0.241014
0.240895
0.240514
0.240299
0.240224
0.240096
0.239961
0.239839
0.239694
0.239595
0.239481
0.239365
0.239277
0.239298
0.239636
0.240107
0.240663
0.241537
0.242407
0.243382
0.244266
0.245176
0.245978
0.246494
0.246731
0.246659
0.246497
0.246231
0.245892
0.245684
0.245492
0.245228
0.245188
0.245420
0.245658
0.246271
0.246899
0.247758
0.248794
0.249828
0.250764
0.251541
0.252578
0.253475
0.254278
0.255138
0.256041
0.256672
0.257263
0.257681
0.258052
0.258088
0.258083
0.257897
0.257477
0.257048
0.256857
0.256668
0.256726
0.257027
0.257938
0.258492
0.258859
0.258972
0.258767
0.258394
0.258077
0.257582
