0.966662
0.966663
0.966664
0.966665
0.966666
0.966667
0.966667
0.966668
0.966668
0.966668
0.966670
0.966668
0.966668
0.966668
0.966666
0.966667
0.966666
0.966668
0.966668
0.966669
0.966670
0.966671
0.966672
0.966671
0.966671
0.966671
0.966671
0.966671
0.966671
0.966674
0.966674
0.966675
0.966675
0.966677
0.966678
0.966678
0.966678
0.966678
0.966678
0.966679
0.966679
0.966679
0.966680
0.966681
0.966681
0.966683
0.966683
0.966683
0.966683
0.966684
0.966684
0.966683
0.966685
0.966686
0.966687
0.966687
0.966688
0.966687
0.966688
0.966690
0.966691
0.966692
0.966693
0.966695
0.966696
0.966696
0.966695
0.966696
0.966696
0.966699
0.966701
0.966701
0.966722
0.966722
0.966722
0.966722
0.966722
0.966722
0.966723
0.966725
0.966726
0.966726
0.966726
0.966727
0.966727
0.966727
0.966724
0.966725
0.966727
0.966727
0.966729
0.966728
0.966729
0.966731
0.966732
0.966731
0.966732
0.966732
0.966733
0.966733
0.966734
