-0.290706
-0.260487
-0.261454
-0.408615
-0.644109
-0.954003
-1.404304
-1.996438
-2.729222
-3.723253
-4.756355
-5.760279
-6.885308
-8.113396
-9.446927
-11.142860
-12.716476
-14.410717
-15.833030
-17.216682
-18.423710
-19.913393
-20.446432
-21.009388
-21.509674
-22.225962
-22.680494
-23.101044
-23.644184
-23.936378
-23.977001
-24.150934
-24.284956
-24.155193
-23.618010
-23.351442
-23.311771
-23.319807
-23.132282
-22.766060
-22.194723
-21.477951
-20.704082
-19.914297
-19.282728
-18.854021
-18.494619
-18.336166
-18.032133
-17.865158
-17.703554
-17.255997
-16.922207
-16.647552
-15.730108
-14.630158
-13.076402
-10.821966
-7.202779
-3.382751
-0.991709
1.329330
3.570177
5.446251
7.137195
8.892490
10.119328
10.910810
12.089819
12.647712
12.938577
13.640974
14.502756
15.392592
16.079733
16.998642
17.766943
17.911434
18.166025
18.564270
18.957644
19.522066
19.781139
19.799740
19.718233
19.642653
19.722670
19.680597
19.650305
19.381258
19.147451
18.799246
18.592270
18.525461
18.576101
18.424286
18.220715
17.790661
17.365993
17.179525
17.088583
