0.769756
0.768694
0.767726
0.766986
0.766496
0.766227
0.766254
0.766951
0.766909
0.766937
0.766788
0.766285
0.765103
0.763672
0.761866
0.759426
0.757665
0.757195
0.757183
0.757117
0.758105
0.758858
0.758992
0.759034
0.758991
0.758368
0.757461
0.756579
0.755651
0.754702
0.753742
0.752754
0.751759
0.750740
0.749765
0.748774
0.747785
0.746800
0.745795
0.744844
0.743882
0.742875
0.741864
0.740817
0.739785
0.738753
0.737680
0.736627
0.735586
0.734531
0.733472
0.732418
0.731367
0.730297
0.729257
0.728231
0.727155
0.726105
0.725152
0.724028
0.722923
0.721845
0.720770
0.719674
0.718592
0.717500
0.716372
0.715280
0.714204
0.713132
0.712072
0.710974
0.709874
0.708782
0.707695
0.706558
0.705442
0.704312
0.703145
0.701990
0.700860
0.699739
0.698625
0.697496
0.696367
0.695248
0.694137
0.692996
0.691887
0.690762
0.689652
0.688535
0.687410
0.686318
0.685214
0.684099
0.682996
0.681885
0.680788
0.679697
0.678585
