-0.056336
-0.056124
-0.055892
-0.055664
-0.055446
-0.055435
-0.055446
-0.055657
-0.055748
-0.055581
-0.055287
-0.054951
-0.054617
-0.054678
-0.054761
-0.054720
-0.055074
-0.056291
-0.057616
-0.057910
-0.057832
-0.058056
-0.057906
-0.057962
-0.057613
-0.057918
-0.058450
-0.058679
-0.058839
-0.058923
-0.058934
-0.058981
-0.058980
-0.058979
-0.059035
-0.059039
-0.059053
-0.059047
-0.059035
-0.059032
-0.059030
-0.059008
-0.058969
-0.058875
-0.058793
-0.058709
-0.058586
-0.058484
-0.058384
-0.058251
-0.058116
-0.057997
-0.057874
-0.057754
-0.057658
-0.057469
-0.057331
-0.057250
-0.057128
-0.056959
-0.056821
-0.056629
-0.056502
-0.056363
-0.056217
-0.056060
-0.055897
-0.055796
-0.055685
-0.055582
-0.055456
-0.055339
-0.055141
-0.054922
-0.054705
-0.054509
-0.054341
-0.054185
-0.053758
-0.053594
-0.053246
-0.052993
-0.052841
-0.052706
-0.052572
-0.052437
-0.052312
-0.052184
-0.052042
-0.051930
-0.051830
-0.051705
-0.051595
-0.051474
-0.051350
-0.051236
-0.051112
-0.050989
-0.050893
-0.050793
-0.050681
