-0.682127
-0.649887
-0.634951
-0.645603
-0.887315
-1.878112
-4.500258
-12.570815
-29.338413
-60.107716
-87.589798
-98.510994
-96.493797
-99.697830
-87.947136
-71.244835
-48.470058
-6.747044
49.058472
94.048210
124.257042
149.123764
142.245575
128.668259
116.746719
96.315620
67.544884
42.556328
26.896912
19.530668
15.092592
11.844701
9.200618
7.257567
5.355753
4.501252
3.806811
3.077665
2.436558
1.896582
1.755861
1.757339
1.718132
1.706740
1.628796
1.703382
1.570397
1.378448
1.340331
1.321685
1.280267
1.175369
1.062999
0.895791
0.799266
0.698035
0.643042
0.575215
0.602018
0.580826
0.473053
0.389029
0.476324
0.548800
0.514711
0.539722
0.386235
0.202071
0.196602
0.161866
0.147068
0.169909
0.101083
0.058146
0.066406
0.090000
0.121981
0.112490
0.244007
0.185473
0.089846
0.088955
0.084457
0.055287
0.025685
0.019789
0.007481
-0.030538
-0.049267
-0.027178
-0.043801
-0.062807
-0.087130
-0.098516
-0.071048
-0.081033
-0.113544
-0.130839
-0.140470
-0.137294
-0.143717
