1.395822
1.619211
1.783378
1.893739
1.971292
2.054042
2.131006
2.098834
1.548261
0.448400
-2.010429
-3.929020
-3.744934
-4.705951
-4.414438
-1.494237
0.033844
-4.853076
-12.071538
-18.437252
-8.688980
9.691333
26.625690
38.576263
43.022499
43.024536
37.249329
40.847500
30.495268
22.161079
21.885519
18.939800
19.130087
18.052816
16.783436
15.574512
14.396294
12.693820
11.190921
10.222228
9.050893
8.289289
7.668490
7.013462
6.116725
5.491671
5.069927
4.692214
4.507608
4.234873
4.127560
3.738649
3.506250
3.366264
3.217160
3.169556
3.231318
2.587843
2.788274
2.679659
2.592678
2.465252
2.297773
1.686799
1.930932
1.995930
2.159650
2.141758
2.071865
2.221784
2.139196
2.086326
2.145278
1.922335
1.110708
1.264813
1.066110
1.033157
1.166107
1.450578
-0.158395
0.778374
-1.855985
-0.003164
3.234307
4.189099
4.415432
4.440228
4.301078
4.044306
4.037577
3.806134
3.691790
3.875857
3.690739
3.496059
3.510841
3.460267
3.319020
3.307335
3.178760
