0.924611
0.924648
0.924685
0.924719
0.924742
0.924757
0.924770
0.924787
0.924803
0.924817
0.924835
0.924863
0.924894
0.924917
0.924949
0.924987
0.925019
0.925034
0.925052
0.925064
0.925030
0.924976
0.924897
0.924807
0.924681
0.924540
0.924370
0.924188
0.923974
0.923733
0.923460
0.923129
0.922767
0.922340
0.921849
0.921279
0.920669
0.919972
0.919236
0.918418
0.917519
0.916535
0.915450
0.914300
0.913068
0.911759
0.910381
0.908907
0.907345
0.905698
0.903997
0.902221
0.900386
0.898458
0.896489
0.894412
0.892252
0.890033
0.887726
0.885345
0.882901
0.880426
0.877885
0.875323
0.872724
0.870095
0.867459
0.864787
0.862060
0.859352
0.856659
0.853959
0.851305
0.848676
0.846106
0.843595
0.841110
0.838706
0.836373
0.834064
0.831777
0.829608
0.827437
0.825317
0.823269
0.821265
0.819315
0.817443
0.815663
0.813962
0.812352
0.810913
0.809531
0.808245
0.807047
0.805966
0.804903
0.804041
0.803255
0.802535
0.801928
