0.445503
0.456118
0.508189
0.582259
0.673494
0.699510
0.751973
0.803483
0.833416
0.830404
0.845403
0.863472
0.891179
0.884056
0.869677
0.936067
0.985686
0.996177
1.002058
0.965057
0.903993
0.865529
0.837318
0.796157
0.747274
0.681444
0.591197
0.454508
0.347550
0.204874
0.103033
0.022236
-0.051803
-0.121322
-0.187424
-0.222888
-0.180901
-0.120131
-0.098776
-0.095085
-0.080510
-0.131779
-0.131561
-0.067105
-0.009984
0.038155
0.077144
0.167351
0.202910
0.251525
0.308999
0.371221
0.378251
0.369563
0.471358
0.581126
0.511365
0.503382
0.503022
0.469991
0.437918
0.330944
0.472492
0.609667
0.763172
0.964056
1.236401
1.045773
1.001939
0.599525
0.404063
0.270521
-0.014615
-0.197037
-0.442927
-0.577133
-0.635837
-0.659188
-0.756408
-0.739104
-0.779651
-0.766868
-0.795695
-0.720262
-0.608488
-0.525000
-0.409394
-0.303260
-0.299127
-0.520861
-0.526101
-0.421968
-0.393246
-0.376214
-0.348383
-0.387416
-0.354581
-0.347498
-0.326338
-0.299134
-0.294080
