0.987865
0.987904
0.987926
0.987933
0.987952
0.987955
0.987958
0.987974
0.988007
0.988025
0.988051
0.988086
0.988105
0.988114
0.988141
0.988193
0.988200
0.988226
0.988262
0.988379
0.988431
0.988469
0.988401
0.988218
0.987865
0.987428
0.986867
0.986162
0.985393
0.984157
0.982070
0.979971
0.977737
0.975436
0.973062
0.970606
0.967970
0.965114
0.962049
0.958785
0.955274
0.951570
0.947690
0.943619
0.939446
0.935016
0.930186
0.924979
0.919374
0.913509
0.907354
0.900782
0.893926
0.886493
0.878759
0.870765
0.862395
0.853526
0.844325
0.834687
0.824746
0.814603
0.804194
0.793751
0.782936
0.772027
0.761046
0.749863
0.738754
0.727477
0.716410
0.705127
0.694061
0.683012
0.672181
0.661533
0.651202
0.641058
0.631187
0.621865
0.613095
0.604535
0.597062
0.590158
0.585196
0.580947
0.577395
0.574469
0.572063
0.569640
0.567728
0.566007
0.564828
0.563820
0.563036
0.562757
0.562567
0.562728
0.563226
0.563870
0.564772
