0.665966
0.666038
0.666353
0.666587
0.667046
0.667207
0.667654
0.668206
0.668844
0.669609
0.670359
0.671143
0.671945
0.672760
0.673717
0.674758
0.675874
0.676881
0.677848
0.678845
0.680166
0.681345
0.682242
0.683516
0.684398
0.685344
0.686326
0.687403
0.688199
0.689068
0.690027
0.690942
0.691712
0.692286
0.692709
0.693138
0.693544
0.693976
0.694034
0.693557
0.692845
0.691862
0.690693
0.689214
0.687402
0.685360
0.683240
0.681027
0.678575
0.676010
0.673266
0.670485
0.667731
0.664960
0.662432
0.659887
0.657236
0.654702
0.651961
0.649145
0.646419
0.643761
0.641368
0.639171
0.637140
0.635234
0.633339
0.631535
0.630114
0.629027
0.628227
0.627722
0.627299
0.626935
0.626914
0.626957
0.626987
0.627182
0.627644
0.628739
0.629328
0.629804
0.630721
0.632098
0.633213
0.634136
0.635498
0.637278
0.638468
0.639406
0.640961
0.642263
0.643354
0.644459
0.645117
0.646180
0.647278
0.648197
0.648960
0.649607
0.650324
