0.554495
0.552887
0.536283
0.517459
0.541306
0.550160
0.554007
0.536959
0.547088
0.557170
0.578434
0.585601
0.625896
0.631716
0.614231
0.603337
0.615513
0.641626
0.669919
0.664840
0.640178
0.597873
0.650334
0.692033
0.748394
0.724661
0.714014
0.689736
0.684082
0.732367
0.801559
0.875894
0.971538
1.075802
1.169312
1.371564
1.568918
1.740529
1.700466
1.905424
2.265339
2.456908
2.485767
2.673469
3.061809
3.539176
4.051713
4.505469
4.671320
4.894053
5.097098
5.619706
5.921261
6.526270
6.865667
6.533862
5.690464
4.494771
2.964353
0.995234
-1.123251
-3.272839
-5.463134
-7.163352
-8.342246
-9.329699
-9.965531
-10.322439
-10.419541
-9.694520
-9.513133
-9.300152
-8.559592
-7.982105
-7.484477
-7.164547
-6.813258
-6.418085
-6.112310
-5.783444
-5.543796
-5.272814
-5.342711
-5.153365
-4.904248
-4.796412
-5.057312
-5.344088
-5.183020
-5.531988
-5.629592
-5.494766
-5.253822
-5.110105
-4.279281
-4.238592
-4.334543
-4.075790
-4.036203
-3.987595
-3.622460
