0.182352
0.182120
0.181894
0.181682
0.181573
0.181415
0.181354
0.181335
0.181301
0.181325
0.181372
0.181470
0.181546
0.181664
0.181741
0.181878
0.181965
0.182033
0.182111
0.182230
0.182366
0.182435
0.182526
0.182555
0.182647
0.182749
0.182903
0.183063
0.183226
0.183363
0.183518
0.183520
0.183565
0.183695
0.183886
0.184115
0.184371
0.184622
0.184896
0.185163
0.185340
0.185461
0.185475
0.185397
0.185259
0.185093
0.184728
0.184377
0.184019
0.183588
0.182929
0.182270
0.181539
0.180850
0.180328
0.179688
0.179207
0.178851
0.178448
0.178112
0.177995
0.177966
0.177985
0.178043
0.178183
0.178217
0.178390
0.178505
0.178664
0.178758
0.178839
0.178885
0.178915
0.178908
0.178886
0.178831
0.178861
0.178820
0.178763
0.178672
0.178574
0.178374
0.178151
0.177883
0.177578
0.177271
0.176974
0.176635
0.176340
0.176072
0.175736
0.175378
0.175017
0.174619
0.174232
0.173842
0.173464
0.173087
0.172727
0.172386
0.172000
