0.668577
0.669474
0.670366
0.671269
0.672170
0.672963
0.673606
0.673926
0.673759
0.673242
0.672374
0.671371
0.670234
0.668917
0.667468
0.665909
0.664215
0.662400
0.660476
0.658384
0.656068
0.653565
0.650952
0.648117
0.645100
0.641939
0.638612
0.635177
0.631586
0.627798
0.623737
0.619440
0.614887
0.609973
0.604894
0.599628
0.594116
0.588324
0.582262
0.575835
0.569241
0.562425
0.555475
0.548410
0.541131
0.533650
0.526003
0.518224
0.510248
0.502153
0.493966
0.485661
0.477249
0.468754
0.460290
0.451673
0.442972
0.434252
0.425364
0.416374
0.407434
0.398515
0.389556
0.380783
0.372366
0.364297
0.356717
0.349733
0.343041
0.336728
0.330763
0.325317
0.320290
0.315554
0.311124
0.307065
0.303346
0.300104
0.297468
0.295409
0.293954
0.293104
0.292762
0.292752
0.292975
0.293477
0.294375
0.295452
0.296789
0.298324
0.300017
0.302049
0.304235
0.306506
0.308937
0.311465
0.314076
0.316698
0.319447
0.322304
0.325138
