0.964466
0.964475
0.964482
0.964485
0.964485
0.964483
0.964480
0.964477
0.964477
0.964481
0.964483
0.964491
0.964469
0.964463
0.964433
0.964396
0.964327
0.964235
0.964042
0.963783
0.963480
0.963142
0.962747
0.962280
0.961741
0.961169
0.960560
0.959837
0.959071
0.958201
0.957329
0.956414
0.955464
0.954525
0.953542
0.952534
0.951500
0.950452
0.949380
0.948330
0.947302
0.946331
0.945399
0.944476
0.943561
0.942697
0.941848
0.941034
0.940256
0.939574
0.938989
0.938518
0.938100
0.937770
0.937527
0.937365
0.937241
0.937159
0.937078
0.937016
0.936958
0.936923
0.936892
0.936875
0.936830
0.936819
0.936836
0.936846
0.936851
0.936873
0.936887
0.936898
0.936915
0.936926
0.936946
0.936962
0.936988
0.937007
0.937034
0.937055
0.937076
0.937094
0.937112
0.937136
0.937160
0.937175
0.937193
0.937214
0.937241
0.937259
0.937280
0.937302
0.937318
0.937339
0.937355
0.937376
0.937393
0.937417
0.937435
0.937454
0.937472
