0.234509
0.234554
0.234612
0.234680
0.234788
0.234947
0.235114
0.235315
0.235564
0.235820
0.236167
0.236487
0.236760
0.237024
0.237301
0.237581
0.237859
0.238077
0.238282
0.238351
0.238417
0.238477
0.238524
0.238573
0.238636
0.238668
0.238687
0.238716
0.238729
0.238860
0.239016
0.239251
0.239510
0.239790
0.240083
0.240379
0.240697
0.241010
0.241328
0.241678
0.242030
0.242393
0.242724
0.243032
0.243288
0.243547
0.243776
0.243981
0.244162
0.244316
0.244463
0.244583
0.244697
0.244791
0.244875
0.244944
0.245002
0.245053
0.245097
0.245125
0.245149
0.245151
0.245163
0.245190
0.245194
0.245196
0.245199
0.245198
0.245197
0.245195
0.245200
0.245198
0.245196
0.245192
0.245191
0.245188
0.245183
0.245186
0.245188
0.245186
0.245187
0.245189
0.245191
0.245191
0.245190
0.245193
0.245196
0.245197
0.245201
0.245203
0.245206
0.245209
0.245208
0.245210
0.245216
0.245214
0.245213
0.245214
0.245210
0.245209
