0.290811
0.302408
0.298054
0.314633
0.322588
0.338690
0.373640
0.364315
0.351420
0.333590
0.366136
0.400614
0.417152
0.425562
0.417656
0.427094
0.446908
0.480562
0.498786
0.569630
0.652177
0.806613
0.963076
1.242560
1.562022
1.828640
2.234524
2.702505
3.224594
4.137743
5.282849
6.807190
8.368959
10.247718
12.597752
14.890326
16.114281
17.241312
16.509071
12.243967
5.453260
-4.006733
-12.791429
-18.907951
-20.264595
-17.673090
-20.287800
-23.625164
-22.776466
-23.894205
-27.058243
-28.021818
-27.662485
-24.941996
-22.710093
-20.201815
-17.491261
-15.143792
-13.115922
-11.328209
-9.643725
-7.820575
-6.675246
-5.260816
-4.262702
-3.773172
-3.364043
-3.684349
-3.756796
-4.505454
-5.603333
-4.367303
-3.398955
-1.693265
-1.234752
-0.584841
-0.624065
-0.689771
-0.657290
-0.414905
-0.411246
-0.369681
-0.353384
-0.323939
-0.272726
-0.277959
-0.240541
-0.172500
-0.173021
-0.113473
-0.047344
-0.031764
-0.035603
-0.041623
-0.155074
-0.261199
-0.279513
-0.239145
-0.257262
-0.235043
-0.212083
