0.528301
0.530763
0.533275
0.535850
0.538436
0.540925
0.543333
0.545689
0.547961
0.550061
0.552117
0.554208
0.556605
0.559142
0.561407
0.563606
0.565758
0.567772
0.569428
0.570502
0.571734
0.572744
0.573726
0.574475
0.575118
0.575366
0.575240
0.574683
0.573726
0.572320
0.570404
0.567639
0.564409
0.560858
0.556922
0.552453
0.547828
0.542805
0.537272
0.531069
0.524231
0.517098
0.509378
0.501545
0.493345
0.485191
0.476241
0.467520
0.458615
0.449555
0.440495
0.431662
0.423101
0.414394
0.406081
0.397823
0.390171
0.383145
0.376587
0.370368
0.364507
0.359299
0.354459
0.350065
0.345866
0.342104
0.338644
0.335339
0.332558
0.329934
0.327140
0.324244
0.321618
0.318968
0.316377
0.313945
0.311632
0.309726
0.308066
0.307094
0.306467
0.306445
0.306149
0.305583
0.304773
0.303453
0.301491
0.299195
0.296864
0.294759
0.292868
0.291738
0.291201
0.290915
0.290919
0.291641
0.292385
0.293469
0.294911
0.296781
0.298876
