0.258449
0.258443
0.258446
0.258466
0.258493
0.258542
0.258597
0.258678
0.258784
0.258905
0.259038
0.259193
0.259383
0.259592
0.259815
0.260050
0.260301
0.260573
0.260860
0.261166
0.261479
0.261800
0.262137
0.262489
0.262855
0.263208
0.263561
0.263947
0.264353
0.264723
0.265100
0.265467
0.265818
0.266166
0.266534
0.266879
0.267197
0.267489
0.267745
0.267994
0.268243
0.268445
0.268650
0.268814
0.268959
0.269081
0.269169
0.269241
0.269286
0.269298
0.269276
0.269249
0.269191
0.269143
0.269117
0.269114
0.269106
0.269138
0.269205
0.269309
0.269441
0.269545
0.269816
0.270071
0.270304
0.270612
0.270977
0.271328
0.271661
0.272085
0.272496
0.272915
0.273346
0.273778
0.274214
0.274640
0.275062
0.275519
0.275970
0.276428
0.276910
0.277346
0.277805
0.278301
0.278762
0.279227
0.279682
0.280146
0.280601
0.281037
0.281472
0.281911
0.282327
0.282716
0.283081
0.283481
0.283837
0.284156
0.284444
0.284723
0.284975
0.286615
