0.959728
0.959736
0.959742
0.959746
0.959747
0.959751
0.959763
0.959783
0.959799
0.959810
0.959823
0.959838
0.959858
0.959872
0.959881
0.959884
0.959887
0.959879
0.959871
0.959844
0.959804
0.959760
0.959696
0.959624
0.959527
0.959423
0.959301
0.959162
0.958998
0.958811
0.958601
0.958365
0.958115
0.957831
0.957536
0.957194
0.956825
0.956399
0.955956
0.955489
0.954994
0.954443
0.953849
0.953211
0.952538
0.951821
0.951082
0.950296
0.949463
0.948585
0.947661
0.946695
0.945684
0.944624
0.943543
0.942403
0.941211
0.939976
0.938694
0.937384
0.936037
0.934634
0.933191
0.931717
0.930209
0.928652
0.927091
0.925493
0.923873
0.922207
0.920543
0.918879
0.917211
0.915570
0.913905
0.912271
0.910684
0.909057
0.907506
0.905977
0.904523
0.903044
0.901616
0.900227
0.898851
0.897493
0.896154
0.894819
0.893531
0.892243
0.891012
0.889792
0.888623
0.887483
0.886389
0.885357
0.884345
0.883404
0.882491
0.881619
0.880814
