-0.381106
-0.409719
-0.447073
-0.493651
-0.595872
-0.773548
-0.990008
-1.297636
-1.683838
-2.106854
-2.645973
-3.319641
-4.042027
-4.778955
-5.619038
-6.697529
-7.840770
-8.719376
-9.728172
-10.748518
-11.915339
-12.860142
-13.688990
-14.251148
-14.648191
-15.436673
-16.415373
-16.910576
-17.097843
-17.190413
-17.936720
-18.701927
-19.406822
-19.952875
-20.437937
-19.740747
-20.049026
-20.580511
-20.994316
-21.272129
-21.237368
-21.120968
-21.096115
-20.822895
-20.730568
-20.581860
-20.470984
-20.280846
-19.894653
-19.666100
-19.473026
-19.181879
-18.564705
-17.787914
-16.530313
-14.841534
-12.510551
-9.823202
-6.716319
-2.749723
1.559557
5.778069
9.571495
15.600739
18.080214
19.211483
21.019207
23.013510
23.437592
23.634750
23.968801
23.649572
22.929138
22.308519
21.422611
20.503157
19.544176
18.786060
18.308374
18.064358
17.682076
17.646820
17.213223
17.332825
17.387129
17.027044
16.959867
16.789251
16.615683
16.712034
16.655302
16.638573
16.724535
16.718187
16.760464
16.816507
16.980114
16.990705
16.909466
16.783634
16.799274
