0.355306
0.355261
0.355223
0.355189
0.355158
0.355126
0.355113
0.355111
0.355116
0.355143
0.355182
0.355259
0.355379
0.355492
0.355640
0.355839
0.356081
0.356343
0.356630
0.356939
0.357267
0.357678
0.358114
0.358565
0.359001
0.359400
0.359813
0.360210
0.360606
0.360986
0.361379
0.361753
0.362134
0.362516
0.362882
0.363223
0.363526
0.363795
0.364043
0.364265
0.364422
0.364435
0.364472
0.364467
0.364452
0.364391
0.364267
0.363984
0.363743
0.363478
0.363251
0.363038
0.362858
0.362755
0.362702
0.362683
0.362658
0.362713
0.362822
0.362990
0.363206
0.363600
0.364022
0.364453
0.364860
0.365301
0.365767
0.366228
0.366656
0.367114
0.367615
0.368136
0.368615
0.369148
0.369630
0.370126
0.370646
0.371203
0.371714
0.372222
0.372734
0.373244
0.373760
0.374266
0.374788
0.375300
0.375798
0.376268
0.376738
0.377218
0.377682
0.378143
0.378605
0.379039
0.379453
0.379886
0.380287
0.380652
0.381020
0.381365
0.381706
