-0.228052
-0.228018
-0.227987
-0.227951
-0.227923
-0.227867
-0.227818
-0.227761
-0.227676
-0.227567
-0.227438
-0.227328
-0.227224
-0.227138
-0.227034
-0.226957
-0.226954
-0.226894
-0.226898
-0.226900
-0.226908
-0.226930
-0.226870
-0.226798
-0.226697
-0.226581
-0.226426
-0.226303
-0.226174
-0.226035
-0.225916
-0.225788
-0.225667
-0.225536
-0.225393
-0.225289
-0.225163
-0.225024
-0.224867
-0.224714
-0.224522
-0.224365
-0.224267
-0.224065
-0.223986
-0.223847
-0.223432
-0.223371
-0.223114
-0.222911
-0.222648
-0.222464
-0.222319
-0.222125
-0.221952
-0.221927
-0.221920
-0.221880
-0.221827
-0.221859
-0.221818
-0.221790
-0.221750
-0.221715
-0.221669
-0.221633
-0.221566
-0.221509
-0.221467
-0.221425
-0.221367
-0.221303
-0.221234
-0.221177
-0.221116
-0.221054
-0.220993
-0.220940
-0.220884
-0.220819
-0.220755
-0.220704
-0.220654
-0.220604
-0.220555
-0.220512
-0.220466
-0.220419
-0.220378
-0.220321
-0.220272
-0.220220
-0.220182
-0.220134
-0.220088
-0.220047
-0.220003
-0.219961
-0.219916
-0.219875
-0.219839
