-0.019643
-0.019580
-0.019488
-0.019380
-0.019153
-0.018829
-0.018437
-0.017950
-0.017287
-0.016483
-0.015520
-0.014535
-0.013410
-0.012204
-0.010932
-0.009756
-0.008542
-0.007425
-0.006348
-0.005367
-0.004605
-0.004008
-0.003594
-0.003319
-0.003145
-0.002998
-0.002859
-0.002804
-0.002871
-0.002819
-0.002802
-0.002891
-0.002843
-0.002605
-0.002369
-0.001871
-0.001406
-0.000903
-0.000264
0.000411
0.001121
0.002103
0.003335
0.004939
0.006229
0.007812
0.009334
0.010836
0.012134
0.013277
0.014405
0.015485
0.016403
0.017239
0.018050
0.018747
0.019371
0.019850
0.020273
0.020626
0.020979
0.021274
0.021621
0.021945
0.022196
0.022431
0.022654
0.022948
0.023207
0.023440
0.023682
0.023913
0.024132
0.024343
0.024545
0.024737
0.024947
0.025150
0.025339
0.025524
0.025709
0.025893
0.026075
0.026258
0.026446
0.026611
0.026803
0.026990
0.027167
0.027342
0.027509
0.027671
0.027836
0.028001
0.028163
0.028326
0.028480
0.028628
0.028789
0.028941
0.029090
