0.639250
0.636843
0.636032
0.634432
0.632579
0.632451
0.634100
0.635366
0.636445
0.637506
0.638428
0.638899
0.638854
0.638219
0.637536
0.636733
0.636101
0.635848
0.635860
0.636038
0.637382
0.638709
0.640028
0.640426
0.640595
0.640388
0.640062
0.639420
0.638691
0.637928
0.637234
0.636691
0.636167
0.636183
0.636644
0.636957
0.636644
0.636054
0.635221
0.634891
0.634329
0.634100
0.634057
0.633617
0.632794
0.631477
0.629760
0.627866
0.625661
0.623681
0.622211
0.621741
0.622000
0.621847
0.621029
0.621382
0.621548
0.621650
0.621939
0.622085
0.621987
0.621226
0.620130
0.619092
0.618106
0.617383
0.616582
0.615883
0.615319
0.614763
0.614163
0.613527
0.612868
0.612268
0.611696
0.611066
0.610508
0.610051
0.609609
0.609027
0.608436
0.608049
0.607765
0.607495
0.607169
0.606829
0.606476
0.606233
0.605680
0.605243
0.604902
0.604531
0.604204
0.603811
0.603443
0.602997
0.602524
0.602044
0.601563
0.601063
0.600659
