-0.608316
-0.604814
-0.601725
-0.599530
-0.597800
-0.596559
-0.595758
-0.595554
-0.595840
-0.596843
-0.598353
-0.599568
-0.600359
-0.600999
-0.600659
-0.598794
-0.595746
-0.591485
-0.586534
-0.581991
-0.578152
-0.575944
-0.575324
-0.575757
-0.576563
-0.577305
-0.578037
-0.578461
-0.578177
-0.576788
-0.572836
-0.567727
-0.562581
-0.559823
-0.558516
-0.558634
-0.559095
-0.559957
-0.560967
-0.562028
-0.563076
-0.563922
-0.564421
-0.564388
-0.563873
-0.562185
-0.558858
-0.551196
-0.544531
-0.539687
-0.537314
-0.536126
-0.535133
-0.534635
-0.534455
-0.534757
-0.535222
-0.535772
-0.536544
-0.537351
-0.538277
-0.539014
-0.539540
-0.539899
-0.538756
-0.533426
-0.524724
-0.516851
-0.511174
-0.507742
-0.506621
-0.506874
-0.507888
-0.509102
-0.510452
-0.511875
-0.513248
-0.514595
-0.515942
-0.517214
-0.518538
-0.519884
-0.521202
-0.522502
-0.523856
-0.525129
-0.526380
-0.527691
-0.528964
-0.530171
-0.531419
-0.532567
-0.533763
-0.534879
-0.536019
-0.537238
-0.538370
-0.539669
-0.540639
-0.541860
-0.543054
