74.870659
26.471760
-9.018632
-80.836815
-123.057388
-62.462666
28.008097
132.302200
176.680038
171.268112
145.025101
101.969879
29.125313
-26.079224
-59.365337
-72.460960
-74.974480
-73.521935
-72.880188
-64.914597
-16.298729
88.580910
129.961533
114.637375
114.348969
72.686035
10.942234
-32.066273
-50.020081
-56.757366
-61.756168
-65.094933
-65.795448
-64.130295
-61.336781
-50.131405
10.643946
98.595093
65.266533
0.626377
-28.271120
-22.355787
-26.273861
-28.786581
-31.456856
-32.824516
-31.856794
-32.072174
-34.518921
-38.918293
-42.365318
-43.403759
-44.816402
-49.351677
-54.048161
-20.132135
105.639877
163.274612
97.944611
-8.539947
-86.875946
-85.687416
-69.633934
-54.904636
-43.174168
-33.539623
-24.994059
-19.193169
-14.488620
-11.137142
-8.928616
-7.415481
-6.276375
-5.671631
-4.899069
-4.609765
-4.309770
-3.634086
-2.685285
-2.484598
-2.725488
-3.298341
-3.512285
-3.597441
-3.390218
-2.844002
-2.237743
-1.782383
-1.547883
-1.317121
-1.292920
-0.914077
-0.536165
-0.057587
0.388083
0.757177
0.850801
0.969324
0.973556
0.888165
0.639557
