127.185661
150.873734
146.632492
128.994812
112.634926
114.784088
131.590286
115.807335
114.853607
107.371124
91.338577
88.334938
90.085938
86.865578
74.948387
62.915783
58.441902
87.468727
100.749077
99.804184
99.751961
89.017052
81.745552
54.483818
29.388935
51.521652
101.461906
92.529724
48.020348
-72.758881
118.660507
117.182442
81.124863
56.340996
47.193550
52.075729
56.956585
60.553448
51.360332
52.871235
60.769142
85.985397
239.656647
110.860329
38.524666
60.010303
78.678848
64.597168
61.761940
64.601097
66.567459
67.478928
60.177025
53.626743
41.473362
28.973125
22.109816
18.133860
12.768598
10.004973
19.519270
149.636230
93.784874
80.614098
78.985466
101.947479
115.011940
98.787926
78.740906
53.974957
36.344368
22.329851
15.556803
10.229498
10.136451
9.074048
8.057989
7.178845
6.962574
6.573800
6.354842
5.589177
5.057724
4.946675
4.677996
3.682174
3.680337
3.356139
3.987877
4.055853
4.044469
4.108181
3.919240
3.689256
3.505885
3.808647
3.455164
3.411437
3.383203
3.677392
3.673116
