0.955215
0.955236
0.955264
0.955288
0.955312
0.955332
0.955346
0.955355
0.955362
0.955368
0.955381
0.955405
0.955439
0.955478
0.955532
0.955583
0.955644
0.955668
0.955681
0.955650
0.955595
0.955504
0.955391
0.955186
0.954875
0.954531
0.954117
0.953684
0.953195
0.952679
0.952112
0.951501
0.950828
0.950117
0.949388
0.948517
0.947633
0.946715
0.945785
0.944840
0.943873
0.942924
0.941998
0.941088
0.940203
0.939336
0.938453
0.937577
0.936667
0.935711
0.934725
0.933757
0.932782
0.931779
0.930750
0.929713
0.928654
0.927543
0.926436
0.925313
0.924154
0.923046
0.921952
0.920875
0.919821
0.918820
0.917888
0.917080
0.916369
0.915713
0.915101
0.914514
0.913972
0.913477
0.913029
0.912640
0.912291
0.911950
0.911703
0.911491
0.911294
0.911149
0.911026
0.910918
0.910839
0.910783
0.910755
0.910743
0.910750
0.910780
0.910804
0.910871
0.910948
0.911068
0.911197
0.911321
0.911395
0.911505
0.911628
0.911719
0.911832
