0.930975
0.930976
0.931003
0.931044
0.931081
0.931119
0.931189
0.931241
0.931288
0.931423
0.931649
0.931839
0.931795
0.931389
0.930476
0.929392
0.928274
0.927111
0.925898
0.924674
0.923428
0.922166
0.920903
0.919726
0.918706
0.918033
0.917763
0.917669
0.917684
0.917723
0.917785
0.917873
0.917896
0.917966
0.917980
0.918012
0.918052
0.918054
0.918061
0.918106
0.918108
0.918134
0.918165
0.918172
0.918191
0.918214
0.918239
0.918256
0.918280
0.918302
0.918325
0.918342
0.918368
0.918393
0.918417
0.918443
0.918464
0.918489
0.918510
0.918534
0.918564
0.918598
0.918623
0.918650
0.918672
0.918697
0.918721
0.918750
0.918777
0.918798
0.918827
0.918847
0.918873
0.918897
0.918922
0.918951
0.918977
0.919001
0.919028
0.919055
0.919080
0.919104
0.919127
0.919152
0.919178
0.919198
0.919220
0.919241
0.919264
0.919287
0.919311
0.919334
0.919357
0.919380
0.919399
0.919422
0.919444
0.919469
0.919489
0.919515
0.919538
