0.315426
0.315907
0.316297
0.316641
0.316914
0.316877
0.316768
0.316638
0.316546
0.316383
0.316207
0.315980
0.315778
0.315652
0.315531
0.315615
0.315887
0.316295
0.316829
0.317177
0.317467
0.317587
0.317685
0.317670
0.317680
0.317627
0.317565
0.317514
0.317490
0.317521
0.317509
0.317527
0.317512
0.317510
0.317493
0.317493
0.317485
0.317479
0.317471
0.317469
0.317465
0.317463
0.317455
0.317451
0.317445
0.317439
0.317433
0.317425
0.317417
0.317405
0.317394
0.317385
0.317390
0.317385
0.317388
0.317381
0.317379
0.317370
0.317366
0.317357
0.317347
0.317337
0.317329
0.317321
0.317314
0.317306
0.317299
0.317289
0.317281
0.317276
0.317270
0.317259
0.317252
0.317246
0.317238
0.317231
0.317228
0.317223
0.317216
0.317208
0.317202
0.317193
0.317189
0.317183
0.317176
0.317170
0.317165
0.317159
0.317153
0.317146
0.317139
0.317134
0.317130
0.317123
0.317116
0.317110
0.317105
0.317101
0.317097
0.317092
0.317086
