-2.301887
-2.724539
-2.771816
-1.132542
1.282621
5.236603
9.182901
9.959605
10.229253
10.015807
9.515093
5.841327
-0.446822
-6.585407
-12.300993
-16.883089
-19.173714
-16.513418
-12.635480
-8.237906
-4.304306
-4.141537
-2.114799
-1.735690
-1.575935
-1.177912
-1.189923
-1.224799
-0.538734
-0.072438
-0.049377
0.061126
0.317634
0.435655
0.482732
0.495337
0.471908
0.454776
0.422364
0.412818
0.425992
0.431988
0.437437
0.439697
0.426173
0.413708
0.428716
0.417004
0.399353
0.406910
0.392805
0.324099
0.254210
0.270045
0.279048
0.289430
0.275015
0.274096
0.273229
0.287858
0.286655
0.290423
0.286021
0.274043
0.274823
0.275565
0.271902
0.272679
0.252523
0.263348
0.269693
0.283762
0.297337
0.316911
0.303852
0.306408
0.307624
0.312442
0.318283
0.316852
0.316631
0.315283
0.312867
0.316020
0.317989
0.314577
0.316510
0.315288
0.314105
0.317955
0.321692
0.325320
0.326924
0.330373
0.329987
0.332376
0.333789
0.336955
0.333835
0.333424
0.333025
