-4.754009
-9.991805
-25.692129
-62.588417
-110.958656
-119.106491
-106.228828
-85.058067
-61.930016
-41.937508
-29.588863
-21.873884
-14.091888
3.078293
25.190485
51.164433
79.858536
118.747299
127.659843
120.890022
111.585808
95.369652
77.583702
52.949444
34.739719
21.889580
13.597406
10.022389
7.330427
2.753664
2.439503
2.608985
2.044490
1.591881
1.387969
1.269906
1.117682
0.951124
0.860393
0.793870
0.737049
0.794293
0.785901
0.747318
0.676160
0.622863
0.591773
0.547651
0.495196
0.453170
0.414662
0.401401
0.378623
0.413956
0.409531
0.379171
0.383319
0.373739
0.373472
0.364856
0.332443
0.307718
0.280455
0.266015
0.241246
0.221342
0.202437
0.191431
0.170776
0.161090
0.132283
0.111065
0.100254
0.113233
0.099739
0.086817
0.080315
0.075540
0.082257
0.074858
0.069117
0.060943
0.049151
0.036488
0.028082
0.028759
0.014657
0.000995
-0.003831
-0.007303
-0.015299
-0.024182
-0.023734
-0.034416
-0.040392
-0.042928
-0.047514
-0.046694
-0.051078
-0.051245
-0.058437
