0.950004
0.949984
0.949923
0.949868
0.949839
0.949838
0.949861
0.949907
0.949936
0.949955
0.950012
0.950078
0.950140
0.950152
0.950252
0.950237
0.950361
0.950748
0.952146
0.953936
0.954358
0.952757
0.950310
0.947625
0.944894
0.942072
0.939173
0.936261
0.933277
0.930223
0.927102
0.923937
0.920689
0.917409
0.914042
0.910595
0.907094
0.903512
0.899841
0.896125
0.892344
0.888478
0.884550
0.880556
0.876451
0.872268
0.868031
0.863643
0.859251
0.854760
0.850187
0.845546
0.840813
0.836040
0.831254
0.826454
0.821725
0.817266
0.813672
0.811849
0.813483
0.816781
0.817996
0.818886
0.819470
0.820077
0.820593
0.821164
0.821709
0.822160
0.822613
0.823113
0.823564
0.824040
0.824530
0.824969
0.825399
0.825859
0.826303
0.826772
0.827159
0.827684
0.828120
0.828567
0.829001
0.829464
0.829924
0.830434
0.830877
0.831301
0.831748
0.832148
0.832639
0.833081
0.833583
0.834047
0.834526
0.834974
0.835439
0.835905
0.836323
