-0.101255
-0.101253
-0.101254
-0.101255
-0.101246
-0.101225
-0.101195
-0.101175
-0.101177
-0.101162
-0.101161
-0.101136
-0.101126
-0.101087
-0.101074
-0.101067
-0.101037
-0.101045
-0.101048
-0.101048
-0.101070
-0.101052
-0.101004
-0.100978
-0.100943
-0.100923
-0.100908
-0.100924
-0.100915
-0.100918
-0.100910
-0.100893
-0.100881
-0.100836
-0.100766
-0.100713
-0.100645
-0.100545
-0.100466
-0.100392
-0.100383
-0.100296
-0.100250
-0.100151
-0.100080
-0.099927
-0.099819
-0.099671
-0.099523
-0.099428
-0.099314
-0.099210
-0.099166
-0.099089
-0.098978
-0.098927
-0.098920
-0.098928
-0.098903
-0.098868
-0.098839
-0.098818
-0.098804
-0.098789
-0.098775
-0.098771
-0.098766
-0.098763
-0.098764
-0.098768
-0.098780
-0.098790
-0.098800
-0.098808
-0.098827
-0.098842
-0.098859
-0.098870
-0.098889
-0.098909
-0.098931
-0.098956
-0.098978
-0.099003
-0.099028
-0.099053
-0.099083
-0.099109
-0.099141
-0.099173
-0.099211
-0.099283
-0.099350
-0.099393
-0.099439
-0.099482
-0.099515
-0.099550
-0.099597
-0.099647
-0.099702
