-0.145831
-0.214458
-0.276261
-0.322767
-0.463455
-0.712564
-0.961636
-1.284671
-1.908336
-2.730880
-3.714963
-4.442983
-4.945593
-6.041350
-6.772564
-7.902678
-9.593244
-11.142791
-11.790533
-12.676525
-13.458278
-15.132541
-17.198170
-19.145660
-20.665274
-21.735348
-21.956888
-22.349764
-22.607540
-23.117056
-23.886345
-24.891436
-26.217932
-27.723625
-28.564129
-28.583406
-28.302397
-27.930773
-27.516178
-26.441692
-26.278086
-25.320724
-24.377476
-23.097944
-20.175220
-16.849758
-11.500911
-5.674228
0.306663
5.542326
10.096139
14.387109
18.387514
24.427040
29.527380
30.408773
29.761679
28.341087
26.278673
24.403606
22.597736
20.793943
19.107937
17.795702
16.720810
15.931121
15.155957
14.394361
13.880037
13.293074
12.633823
12.178977
12.088802
11.793876
11.490993
11.239043
11.087587
10.972790
10.935533
10.862985
10.844080
10.748412
10.551234
10.367930
10.261231
10.166676
9.966552
9.715127
9.408877
9.148583
9.048933
9.082583
9.161229
9.300934
9.354548
9.384475
9.398567
9.323682
9.255951
9.328680
9.346094
