0.323207
0.323160
0.323220
0.323333
0.323486
0.323833
0.324297
0.324985
0.325834
0.326795
0.327806
0.328987
0.330279
0.331613
0.332956
0.334356
0.335834
0.337339
0.338854
0.340390
0.341812
0.343247
0.344603
0.346189
0.347787
0.349228
0.350819
0.352416
0.354033
0.355617
0.357120
0.358797
0.360436
0.361886
0.363603
0.365202
0.366802
0.368450
0.370113
0.371819
0.373468
0.374999
0.376793
0.378390
0.379919
0.381266
0.382843
0.384211
0.385448
0.386664
0.387885
0.388924
0.389725
0.390497
0.391336
0.392200
0.392993
0.393545
0.393904
0.394024
0.393895
0.393691
0.392938
0.392662
0.392313
0.392040
0.391841
0.391484
0.391044
0.390511
0.389993
0.389489
0.389087
0.388711
0.388288
0.388044
0.387889
0.387763
0.387710
0.388328
0.388997
0.389974
0.391173
0.392442
0.393504
0.394808
0.396177
0.397721
0.399475
0.401249
0.402867
0.404207
0.405873
0.407437
0.408814
0.410316
0.411730
0.413257
0.414704
0.416070
0.417314
