3.004385
3.074258
3.160648
3.257336
3.347797
3.445330
3.532811
3.606344
3.667453
3.555587
3.251173
3.172824
2.970918
2.829743
2.744462
2.847296
2.711950
3.150100
3.505523
3.554378
3.619504
3.499490
3.401078
3.352153
3.278492
3.208597
3.254430
3.102179
2.908725
2.806611
2.808925
2.808878
2.791875
2.613110
1.752417
1.801003
1.959646
2.124903
2.166939
2.344633
2.297761
2.211961
3.329016
3.052410
2.277628
1.650652
0.916012
0.269490
-0.086771
-0.649871
-2.650307
-3.179043
-5.916070
-7.000520
-7.160095
-7.001512
-7.857712
-6.568643
-6.103575
-4.723898
-4.158492
-1.779556
-2.601885
-2.637711
-1.906101
-0.988302
0.446261
0.641247
-0.701556
-2.564670
-5.620217
-7.664022
-8.545847
-10.747541
-10.289305
-8.991611
-7.190012
-6.044505
-4.811545
-3.854584
-1.752187
0.168381
2.312097
3.839079
6.444123
5.409805
3.199162
4.543361
6.489582
8.814956
7.991204
7.237581
5.552925
4.560013
3.740117
2.329575
2.937288
3.237725
7.042303
6.292621
4.935036
