0.955406
0.955459
0.955514
0.955577
0.955631
0.955674
0.955699
0.955712
0.955721
0.955729
0.955762
0.955803
0.955851
0.955890
0.955940
0.955991
0.955989
0.955995
0.955976
0.955943
0.955890
0.955835
0.955745
0.955629
0.955492
0.955337
0.955115
0.954877
0.954577
0.954260
0.953882
0.953218
0.952520
0.951722
0.950822
0.949842
0.948864
0.947902
0.946963
0.946022
0.945048
0.944084
0.943091
0.942133
0.941133
0.940153
0.939186
0.938205
0.937196
0.936211
0.935158
0.934143
0.933125
0.932119
0.930852
0.929368
0.927456
0.925240
0.922841
0.920321
0.917615
0.914839
0.911906
0.909051
0.906238
0.903489
0.900890
0.898382
0.896213
0.894286
0.892382
0.890563
0.889225
0.887952
0.886796
0.885798
0.884850
0.883975
0.883205
0.882414
0.881719
0.881150
0.880733
0.880334
0.880027
0.879703
0.879483
0.879284
0.879093
0.878912
0.878838
0.878776
0.878750
0.878737
0.878783
0.878822
0.878929
0.879034
0.879162
0.879320
0.879487
