0.327033
0.434675
0.518458
0.629268
0.433094
0.069119
-0.384264
-0.966117
-1.808549
-2.991846
-4.477889
-6.185977
-9.273252
-11.418897
-13.740350
-15.686207
-17.868788
-19.553682
-20.295483
-20.283516
-19.813868
-19.606771
-19.484505
-19.132000
-18.473600
-17.745678
-18.224485
-18.027586
-16.961277
-15.055098
-11.466671
-7.263769
-2.882703
0.395879
2.077044
2.526626
1.011076
-2.456055
-6.467821
-6.062166
-5.840396
-5.875145
-7.051555
-9.540921
-11.005462
-12.042397
-13.028188
-14.200539
-15.178528
-15.223057
-15.360089
-13.430387
-8.541622
-5.222903
-0.884494
2.645834
7.821858
10.547227
12.181762
13.308151
13.948772
13.935505
13.562085
12.843760
12.292621
11.939967
11.427595
11.570569
11.916173
12.626044
13.751765
14.500602
15.167437
15.472739
16.817217
17.712233
17.676504
17.705009
17.611773
17.279087
17.224831
17.198662
17.116396
16.654503
16.172039
15.958481
15.817736
15.832048
15.598311
15.390586
15.297145
14.939743
14.662240
14.470834
14.470531
14.406651
14.369729
14.191707
14.131521
13.931164
13.756386
