-0.145873
-0.149336
-0.144765
-0.154927
-0.153372
-0.161568
-0.178803
-0.208970
-0.326101
-0.617832
-1.129578
-1.793765
-1.723521
-1.071736
-0.223934
1.301877
2.158410
2.839773
1.228118
-3.665613
-10.823134
-16.672964
-13.024068
-5.766323
1.619427
13.975229
20.450201
9.801019
-7.765861
-29.128561
-48.494591
-53.238457
-36.807034
-18.938107
-1.850820
9.299074
19.290390
16.097631
0.976706
-19.985140
-37.247475
-44.007854
-38.690765
-28.019495
-9.765101
0.436135
10.657965
15.754789
10.484389
-2.397810
-21.186293
-30.033934
-27.089449
-18.517071
-8.904250
9.308544
19.117825
27.622330
24.429539
13.522667
-4.689398
-21.226143
-26.709604
-27.547825
-22.115860
-17.503931
-7.054229
9.101986
23.340107
36.487690
31.779949
21.250654
-7.776828
-26.483524
-12.715494
9.424616
24.824076
28.687908
43.904587
37.011639
25.708750
7.643878
-15.942528
-33.856277
-19.276960
-4.268427
7.890782
19.018621
35.871956
34.562523
36.496090
30.443432
14.402334
-8.665035
-23.658504
-17.608297
-5.721950
10.726560
27.632984
38.188065
39.274887
