0.766193
0.765983
0.765829
0.766008
0.766513
0.767142
0.767582
0.767907
0.768141
0.767430
0.766847
0.767239
0.768034
0.769331
0.770681
0.771924
0.772464
0.772470
0.771796
0.771392
0.771434
0.772437
0.774770
0.777589
0.778728
0.779423
0.778740
0.777861
0.776786
0.776829
0.777398
0.777870
0.779352
0.781717
0.783598
0.784503
0.783628
0.782129
0.780558
0.780515
0.781798
0.783200
0.784091
0.784756
0.785595
0.786658
0.787710
0.787680
0.786217
0.783786
0.781858
0.780805
0.781465
0.782672
0.783752
0.784819
0.785365
0.784988
0.784040
0.782683
0.781443
0.780097
0.778000
0.776813
0.777583
0.778239
0.778664
0.779770
0.781229
0.783181
0.782996
0.782005
0.781792
0.782083
0.783302
0.784865
0.786476
0.786284
0.784799
0.784022
0.784126
0.784988
0.785574
0.785080
0.783680
0.782597
0.782425
0.782176
0.782035
0.781537
0.780988
0.779340
0.777677
0.776524
0.775614
0.775032
0.774204
0.773327
0.772140
0.770724
0.769261
