4.592308
4.969427
5.199341
5.559290
5.816556
6.002303
6.186492
6.325335
6.387373
6.610680
6.650292
6.271668
6.125810
6.225703
6.301633
6.239673
6.111835
5.913625
5.747843
5.651763
5.893608
6.075953
6.258164
6.371398
6.435140
6.414780
6.498855
6.601036
6.924747
7.019873
6.967231
7.010339
6.993293
6.859872
6.947871
6.805776
6.606517
6.264771
5.888520
5.467758
5.197764
4.722047
4.382706
3.998001
3.548973
3.173528
3.329310
3.178984
3.215767
3.116995
3.010518
2.872437
2.812309
2.704842
2.627218
2.621557
2.459849
2.243941
2.080132
1.872311
1.788652
1.817196
1.944059
2.052030
2.283610
2.383764
2.314502
2.229511
2.220808
2.110555
2.092625
1.940831
1.844084
1.712581
1.620122
1.525012
1.452277
1.405619
1.335239
1.259523
1.135592
0.928592
0.740129
0.593136
0.376343
0.209212
-0.013570
-0.220974
-0.416351
-0.485976
-0.521175
-0.466332
-0.307817
-0.154034
-0.043922
0.046763
0.151909
0.304295
0.373399
0.347372
0.375350
