0.383135
0.382942
0.382787
0.382681
0.382645
0.382647
0.382695
0.382803
0.382958
0.383186
0.383463
0.383821
0.384259
0.384764
0.385341
0.385947
0.386577
0.387238
0.387911
0.388613
0.389309
0.389887
0.390465
0.390996
0.391370
0.391671
0.391835
0.391922
0.391844
0.391767
0.391673
0.391557
0.391432
0.391270
0.391131
0.390982
0.390843
0.390681
0.390529
0.390371
0.390208
0.390015
0.389809
0.389575
0.389341
0.389082
0.388844
0.388599
0.388364
0.388185
0.388091
0.388035
0.388027
0.388055
0.388106
0.388187
0.388355
0.388546
0.388818
0.389134
0.389496
0.389863
0.390278
0.390730
0.391200
0.391717
0.392267
0.392858
0.393452
0.394107
0.394806
0.395487
0.396187
0.396862
0.397551
0.398321
0.399006
0.399737
0.400460
0.401208
0.401898
0.402590
0.403282
0.403977
0.404603
0.405201
0.405796
0.406358
0.406898
0.407418
0.407913
0.408397
0.408860
0.409286
0.409642
0.410015
0.410288
0.410511
0.410692
0.410840
0.410929
