0.886269
0.886327
0.886391
0.886464
0.886537
0.886603
0.886658
0.886704
0.886745
0.886788
0.886846
0.886895
0.886961
0.887016
0.887046
0.887040
0.887059
0.887023
0.886975
0.886859
0.886710
0.886514
0.886207
0.885819
0.885370
0.884876
0.884350
0.883752
0.883082
0.882352
0.881564
0.880522
0.879475
0.878289
0.877026
0.875646
0.874231
0.872731
0.871154
0.869552
0.867894
0.866274
0.864561
0.862810
0.861012
0.859211
0.857346
0.855455
0.853514
0.851523
0.849508
0.847461
0.845367
0.843219
0.841022
0.838803
0.836528
0.834225
0.831856
0.829497
0.827098
0.824660
0.822194
0.819706
0.817189
0.814664
0.812147
0.809661
0.807171
0.804650
0.802171
0.799723
0.797303
0.794923
0.792541
0.790228
0.788019
0.785855
0.783749
0.781742
0.779773
0.777853
0.776011
0.774276
0.772707
0.771227
0.769920
0.768647
0.767460
0.766423
0.765454
0.764600
0.763841
0.763156
0.762525
0.761982
0.761509
0.761109
0.760790
0.760503
0.760240
