-0.044448
-0.041678
-0.029665
0.044677
0.229496
0.471713
0.772438
1.177082
1.779958
2.352063
3.363575
4.408468
7.082121
9.227185
11.157957
12.529771
12.055512
13.373656
13.630111
13.453097
12.866762
13.596954
14.032193
13.527141
13.747017
12.885623
12.905821
13.355551
13.028693
11.889896
10.581409
9.673262
10.029926
8.707202
5.324852
2.831542
7.198921
7.764752
6.618789
4.982788
3.332619
1.340535
0.763453
0.721053
-0.574369
-0.098589
-0.303668
-0.044535
0.106513
0.323862
0.487004
0.529574
0.434017
0.901122
0.859938
1.229052
-0.278841
0.045503
-4.868616
-5.480068
-6.693642
-6.695947
-4.067947
-0.537802
0.736668
1.833071
6.980583
7.551851
4.775885
2.049860
-1.848731
-4.064863
-5.271363
-8.078759
-11.312252
-11.824867
-9.791942
-9.671449
-10.030842
-9.941931
-9.630843
-9.104505
-8.717647
-11.240852
-9.034184
-7.437319
-6.678915
-6.196820
-5.410172
-4.422250
-3.951651
-3.318526
-2.657103
-2.454310
-2.409268
-2.356252
-2.000250
-1.494793
-1.294167
-1.045696
-0.693619
