0.275141
0.275147
0.275155
0.275173
0.275199
0.275244
0.275321
0.275413
0.275496
0.275621
0.275760
0.275911
0.276075
0.276247
0.276430
0.276631
0.276850
0.277082
0.277341
0.277606
0.277876
0.278169
0.278458
0.278754
0.279049
0.279366
0.279670
0.279969
0.280251
0.280524
0.280790
0.281040
0.281312
0.281549
0.281739
0.281853
0.281947
0.282009
0.282036
0.282032
0.281991
0.281944
0.281838
0.281728
0.281679
0.281632
0.281582
0.281601
0.281676
0.281767
0.281925
0.282119
0.282360
0.282599
0.282882
0.283172
0.283482
0.283802
0.284146
0.284503
0.284860
0.285232
0.285590
0.285961
0.286304
0.286618
0.286935
0.287257
0.287565
0.287844
0.288078
0.288313
0.288568
0.288776
0.288957
0.289104
0.289256
0.289402
0.289551
0.289703
0.289839
0.289985
0.290105
0.290241
0.290400
0.290597
0.290803
0.291013
0.291217
0.291429
0.291642
0.291861
0.292076
0.292297
0.292492
0.292661
0.292817
0.292948
0.293068
0.293170
0.293251
