0.120685
0.120619
0.120670
0.120794
0.121015
0.121338
0.121732
0.122107
0.122594
0.122691
0.122463
0.122295
0.122835
0.123499
0.124200
0.124668
0.125074
0.125379
0.125515
0.125523
0.125491
0.125341
0.125208
0.125024
0.124840
0.124652
0.124467
0.124268
0.124067
0.123871
0.123672
0.123483
0.123296
0.123109
0.122924
0.122731
0.122542
0.122347
0.122155
0.121971
0.121805
0.121626
0.121448
0.121261
0.121084
0.120902
0.120717
0.120540
0.120362
0.120168
0.119977
0.119782
0.119593
0.119398
0.119200
0.118996
0.118806
0.118606
0.118424
0.118236
0.118045
0.117850
0.117652
0.117436
0.117230
0.117036
0.116839
0.116636
0.116454
0.116254
0.116079
0.115890
0.115704
0.115513
0.115305
0.115118
0.114933
0.114754
0.114572
0.114383
0.114192
0.114000
0.113796
0.113589
0.113372
0.113172
0.112969
0.112768
0.112621
0.112418
0.112210
0.112014
0.111853
0.111733
0.111587
0.111450
0.111299
0.111140
0.110980
0.110818
0.110653
