-0.354933
-0.451860
-0.538949
-0.651817
-0.706642
-0.762251
-0.917722
-1.124803
-1.379231
-1.352987
-1.334004
-1.260990
-1.204868
-1.050624
-0.819861
-0.498180
-0.353710
-0.030391
0.307636
0.669817
0.995363
1.161176
1.179883
1.106425
1.106139
1.066934
1.027808
0.978365
0.933401
0.892670
0.844099
0.799687
0.747729
0.705543
0.682068
0.650631
0.629646
0.597350
0.571664
0.531767
0.501837
0.486474
0.471827
0.441844
0.424068
0.414821
0.390769
0.361607
0.346838
0.328278
0.303207
0.294688
0.276713
0.266296
0.250845
0.226551
0.220283
0.212955
0.202051
0.195328
0.186362
0.176481
0.160883
0.154132
0.141715
0.125009
0.112227
0.092951
0.083253
0.078347
0.069173
0.067933
0.058126
0.051789
0.023569
0.038973
0.020496
0.037885
0.024775
0.011984
-0.001521
-0.013693
-0.023555
-0.034166
-0.034602
-0.044784
-0.042137
-0.056756
-0.040656
-0.028645
-0.058368
-0.055559
-0.075337
-0.074179
-0.091554
-0.099407
-0.111656
-0.112723
-0.121850
-0.128101
-0.129783
