0.408222
0.408241
0.408255
0.408267
0.408273
0.408282
0.408289
0.408305
0.408332
0.408366
0.408413
0.408429
0.408463
0.408486
0.408464
0.408342
0.408185
0.407715
0.407134
0.406333
0.405420
0.404377
0.403223
0.401881
0.400414
0.398765
0.396840
0.394769
0.392485
0.389934
0.387219
0.383862
0.380194
0.376298
0.372190
0.367940
0.363515
0.358867
0.354078
0.349185
0.344169
0.338936
0.333599
0.328210
0.322710
0.317039
0.311490
0.306211
0.300729
0.295137
0.289975
0.284924
0.280000
0.275498
0.271701
0.268191
0.265070
0.262838
0.260847
0.260157
0.257922
0.254947
0.252284
0.249756
0.246707
0.243372
0.239625
0.235115
0.229965
0.224984
0.219488
0.213971
0.208390
0.202609
0.196848
0.191362
0.186251
0.181633
0.177571
0.173967
0.170899
0.167959
0.165342
0.163287
0.162563
0.159849
0.156774
0.154102
0.150619
0.146450
0.141847
0.136491
0.131187
0.125945
0.120331
0.115090
0.109650
0.104064
0.099197
0.095057
0.092252
