-0.058390
-0.050734
-0.048284
-0.044609
-0.046041
-0.219440
-0.400864
-0.648627
-0.948924
-1.303931
-1.619058
-2.000110
-2.436685
-2.918192
-3.748158
-4.483880
-5.356679
-6.211409
-6.990344
-8.028671
-9.161466
-10.390971
-11.360303
-12.068756
-12.425557
-12.735043
-12.474131
-12.531309
-12.286629
-12.289711
-12.069256
-12.291228
-12.227058
-12.218387
-12.474420
-12.927935
-13.094998
-11.650109
-9.180230
-5.632614
-1.784413
2.838501
8.160836
16.021868
22.281700
26.513117
28.740250
37.651104
32.902950
29.076061
24.693729
9.088394
-7.091011
-23.477341
-37.753967
-40.964520
-41.708561
-41.335880
-42.998260
-41.980412
-42.598190
-40.280815
-31.920567
-23.739950
-7.952734
14.851504
29.627098
35.383690
34.802906
35.889957
29.352079
30.852127
36.666393
43.559776
36.754475
14.128798
-4.287236
-29.246754
-42.760250
-49.767872
-51.450298
-51.572620
-47.949886
-39.247032
-25.957716
-4.484633
13.963612
25.259552
31.311914
36.600540
34.897404
39.006577
37.904778
34.442375
34.700726
32.719627
22.520781
2.808106
-18.215664
-37.543133
-51.010799
