-0.286694
-0.294907
-0.321013
-0.453199
-0.664567
-1.083771
-1.148320
-1.380923
-1.592810
-1.865088
-2.299006
-2.529778
-3.057074
-3.643817
-4.906281
-6.988032
-9.439514
-11.894162
-14.826012
-17.539543
-20.458363
-22.846382
-24.177607
-26.149164
-27.862188
-28.389044
-29.600792
-30.667690
-31.443707
-31.078287
-29.105673
-29.149624
-29.255331
-27.533064
-25.141369
-21.609808
-15.160632
-7.541485
-0.874350
8.056333
13.255030
18.016907
24.469000
27.377382
29.933475
29.323156
30.037781
29.460096
28.094015
26.554642
24.697363
24.271883
24.289377
25.046513
25.759218
27.773588
27.835907
26.101233
25.873672
25.824369
25.090584
23.849688
22.878912
21.508383
19.499313
18.721083
17.664976
17.474134
18.391169
18.302778
18.416716
17.572336
16.153133
15.308058
14.318233
13.466788
13.056806
12.424674
12.320469
11.311117
10.400277
9.857028
9.941615
10.418124
10.230295
9.555809
8.848036
7.950028
7.295148
6.785990
5.975324
5.239473
4.606308
4.477387
4.214166
3.901401
3.483220
3.373665
3.040762
3.470251
3.513399
