0.043747
0.043641
0.043532
0.043455
0.043400
0.043329
0.043269
0.043201
0.043129
0.043044
0.043047
0.042996
0.043019
0.043078
0.043012
0.042976
0.042923
0.042842
0.042771
0.042683
0.042553
0.042504
0.042435
0.042356
0.042302
0.042260
0.042186
0.042090
0.041975
0.041844
0.041734
0.041621
0.041462
0.041315
0.041202
0.041120
0.041042
0.040995
0.040952
0.040896
0.040852
0.040832
0.040822
0.040775
0.040843
0.040916
0.040909
0.040992
0.041053
0.041094
0.041115
0.041188
0.041206
0.041221
0.041264
0.041291
0.041302
0.041320
0.041312
0.041314
0.041317
0.041303
0.041287
0.041246
0.041219
0.041170
0.041115
0.041071
0.041021
0.040984
0.040935
0.040876
0.040813
0.040728
0.040662
0.040606
0.040518
0.040456
0.040385
0.040315
0.040255
0.040192
0.040098
0.040008
0.039932
0.039834
0.039707
0.039622
0.039562
0.039505
0.039438
0.039407
0.039390
0.039370
0.039355
0.039365
0.039378
0.039388
0.039408
0.039429
0.039466
