3.745918
3.794350
3.742582
3.957658
4.360766
4.671988
5.027147
5.025781
4.840965
5.058079
4.496737
4.584914
4.504423
4.079820
3.702774
3.251538
3.195836
3.330270
3.199803
3.083085
2.892282
2.573336
2.349324
2.128134
1.748719
1.156000
0.193987
-1.748453
-4.986558
-9.178270
-15.085089
-19.866436
-22.129126
-24.786283
-26.916279
-28.157829
-29.205681
-30.396624
-31.032478
-30.294561
-29.123623
-29.021297
-27.765692
-26.993217
-24.754875
-21.313129
-17.885784
-15.557208
-12.009545
-10.381129
-8.530287
-7.526108
-6.709897
-5.856766
-5.331460
-4.740712
-4.373890
-3.949566
-3.427529
-2.897469
-2.447460
-1.938440
-1.611437
-1.360348
-0.989996
-0.699912
-0.376680
0.040624
0.460193
0.900038
1.104195
1.605461
2.095124
2.224116
2.549639
3.021742
3.322872
3.300614
3.054043
3.080402
3.265012
3.361538
3.439121
3.483625
3.461514
3.459383
3.514449
3.615008
3.801503
4.176998
4.313570
4.493239
4.587915
4.662401
4.688420
4.670630
4.636607
4.687933
4.848023
5.017812
5.168227
