0.294633
0.294375
0.294152
0.293890
0.294027
0.294803
0.295824
0.297018
0.298365
0.299872
0.300724
0.300936
0.300959
0.301170
0.301705
0.301235
0.301050
0.301578
0.303590
0.304626
0.305038
0.305817
0.306765
0.308079
0.309201
0.309975
0.310628
0.311221
0.311827
0.313006
0.313139
0.312764
0.312471
0.312633
0.313148
0.314275
0.316355
0.317697
0.319126
0.320006
0.320773
0.321615
0.322577
0.323760
0.325060
0.326061
0.326664
0.326768
0.326552
0.326409
0.326857
0.327965
0.328837
0.329669
0.330952
0.331826
0.332690
0.334039
0.335168
0.336230
0.336980
0.337342
0.337618
0.337833
0.337943
0.338062
0.338149
0.338128
0.338115
0.338143
0.338040
0.337953
0.337810
0.337686
0.337560
0.337393
0.337195
0.337064
0.336911
0.336762
0.336627
0.336507
0.336391
0.336259
0.336191
0.336082
0.336041
0.335976
0.335899
0.335803
0.335688
0.335653
0.335541
0.335432
0.335356
0.335286
0.335188
0.335109
0.335035
0.334935
