23.977898
22.151394
21.154190
20.778183
20.558500
20.276272
17.924080
11.360085
-10.075146
-31.889606
-49.696484
-51.995281
-36.527237
8.793312
94.130981
124.559341
69.498299
-0.660421
-205.873886
-247.202377
-190.980988
-123.830986
-88.080666
-107.987915
-133.762009
-134.297882
-103.168747
-1.742915
174.776199
154.452042
93.822853
44.168076
-33.480209
-175.537598
-280.670624
-267.590057
-196.560516
-65.109589
16.093212
7.028387
-3.829249
34.119164
40.475807
34.053844
36.874458
27.019121
17.682968
-13.475328
-81.160698
-133.334747
-146.502014
-117.517830
-80.596809
-28.656267
56.131134
47.378979
18.403265
-14.337481
-0.532048
-8.759774
-12.161088
-22.668255
-69.608475
-113.904076
-110.692604
-91.279366
-63.362728
-37.764843
-21.193638
-14.166740
-8.915385
-4.105011
-6.251496
-2.691307
-1.570182
-1.051076
-0.477773
0.319230
0.591442
0.965080
1.208713
0.799814
1.200097
1.207626
1.322220
1.174093
1.355946
1.556223
1.608917
1.750673
1.598714
1.768461
1.801029
1.826720
1.895504
1.675117
1.708295
1.925212
1.980962
2.029215
1.935554
