0.319458
0.386963
0.520508
0.634155
0.645142
0.713623
0.801270
0.832397
0.872314
0.897095
0.924438
0.998779
0.983398
0.968384
0.976562
0.836304
0.728760
0.693359
0.613770
0.551514
0.599854
0.522339
0.543335
0.405518
0.368042
0.477051
0.306763
0.276367
0.307617
0.284668
0.256226
0.278320
0.238892
0.328369
0.284058
0.329834
0.406372
0.603027
0.646362
0.755127
0.919067
0.989990
0.899292
0.876709
0.928101
0.830078
0.879395
1.035156
0.757568
0.618530
0.367554
0.199463
0.240845
0.190430
0.059082
0.187988
0.210815
0.283936
0.501465
0.569336
0.629639
0.683838
0.791382
0.816772
0.797363
0.835571
0.862427
0.908081
0.880493
0.859131
0.817505
0.797241
0.756958
0.671509
0.622192
0.458130
0.454102
0.442017
0.349854
0.259277
0.170166
0.301147
0.197876
0.235962
0.368286
0.667847
0.743042
0.833618
0.939453
0.955078
0.943237
0.965210
0.800293
0.809937
0.793457
0.667969
0.534058
0.516968
0.372437
0.433228
0.285522
