-0.068184
0.071617
0.222217
0.411866
0.643789
0.840375
1.029957
1.227358
1.486313
1.732885
1.930833
2.060572
2.303672
2.437112
2.580141
2.641782
2.829397
3.028498
3.373172
3.727683
4.120406
4.539651
4.949325
5.327466
5.541747
5.753500
5.749470
5.427732
5.368899
5.252076
5.031524
4.669542
4.238181
3.708715
3.093798
2.327010
1.545177
1.098078
0.620340
0.443179
0.541412
0.352756
0.510575
0.542602
0.666129
1.590716
1.902815
1.967366
1.813070
1.981046
2.208518
2.493308
2.342046
2.384579
2.194310
2.338030
2.302633
2.267426
2.353575
2.360442
2.479956
2.512926
2.594954
2.492435
2.480337
2.307571
2.210373
2.195356
2.113709
1.996926
1.944558
1.940358
2.008418
2.148624
2.185243
2.172877
2.134413
2.081758
2.015543
1.948048
1.940333
1.890981
1.841854
1.678900
1.604562
1.538571
1.465479
1.377725
1.321172
1.234683
1.150659
1.114790
1.037591
0.930967
0.979666
1.063700
1.152863
1.326253
1.287775
1.120766
0.983526
