2.508509
2.574911
2.782609
2.952615
2.964928
2.989168
2.685216
2.124470
1.765067
1.161139
0.712319
-0.228733
-1.178009
-1.915182
-2.707304
-3.183585
-4.251771
-5.471221
-7.350010
-9.031760
-10.132189
-12.132027
-14.958660
-17.397306
-18.776125
-20.632063
-24.565834
-28.525280
-31.616844
-33.841011
-33.621582
-32.929955
-33.471985
-32.221817
-31.233511
-29.278719
-27.016754
-24.960346
-22.012411
-18.203852
-13.698038
-7.740685
-2.947361
1.186185
6.216468
10.826297
17.186832
22.198679
24.212191
25.275000
26.612175
27.035017
27.967451
27.777956
26.409975
25.236376
23.184755
21.126541
20.061840
19.220078
18.195892
16.986477
15.465561
13.345760
11.078735
9.063354
6.994004
5.501437
3.568910
2.043858
1.180706
1.499560
1.752545
2.880440
4.121000
6.980427
10.100677
11.897808
14.466372
17.375784
18.215054
18.437412
18.854908
19.076229
18.603827
18.228247
18.142616
17.898813
17.810686
17.735266
17.312136
16.699995
16.078659
15.352753
14.957650
14.797651
14.594687
14.314948
13.628261
13.039596
12.566513
