3.661859
3.545667
3.656480
3.768324
4.016338
4.371147
4.643803
5.144425
5.290635
5.448553
5.796523
6.246716
6.710354
7.049175
7.263268
7.659636
7.718383
7.620266
7.495639
7.288087
7.396924
7.650267
7.343912
7.395474
6.167918
4.589475
2.884030
1.617608
1.626135
1.195168
0.907618
0.693629
0.710558
0.625361
0.455992
0.565026
0.507161
0.451897
0.753737
0.846142
0.859975
1.107709
1.547804
1.813445
2.132117
2.064580
2.097709
2.133930
2.011537
2.266855
2.358680
2.049320
1.134639
-0.849903
-3.638996
-7.864362
-14.494004
-20.763699
-24.373745
-24.855577
-22.329216
-16.971804
-10.366105
-2.807952
4.795337
11.480030
16.775515
20.628223
22.935244
24.549746
25.344898
24.636318
22.887629
21.474060
19.431154
16.702850
14.279355
12.703001
11.485666
10.489958
10.434758
9.593053
8.998595
8.424894
8.142119
7.787551
7.449485
6.943063
6.630841
6.231497
5.497121
4.891101
4.288200
3.698718
3.213210
2.848076
2.830410
2.730150
2.748256
2.593022
2.479851
