0.450576
0.318603
0.214333
0.110358
0.005053
0.012364
-0.000380
0.008953
-0.018894
-0.009311
-0.008136
-0.020044
-0.047606
-0.047826
-0.064774
-0.068639
-0.059801
-0.068461
-0.085474
-0.053758
-0.119048
-0.105210
-0.134084
-0.131905
-0.179652
-0.173724
-0.187677
-0.151326
-0.177630
-0.100079
-0.056913
-0.009682
0.000101
-0.025269
-0.053389
-0.078972
-0.057437
-0.087148
-0.062251
-0.085613
-0.094742
-0.222320
-0.203570
-0.073276
0.100313
0.285329
0.578567
0.855855
1.140874
1.366240
1.485978
1.367534
1.034734
0.531045
0.137248
-0.350258
-0.661533
-0.957621
-0.976875
-0.956425
-0.976951
-1.135745
-1.109910
-1.003094
-1.032733
-0.973404
-0.801340
-0.629264
-0.375541
-0.134384
0.002758
0.128148
0.133080
0.172515
0.364331
0.603542
0.702797
0.734087
0.741308
0.712870
0.786400
0.865248
0.958164
1.029534
1.080031
1.157850
1.200436
1.215723
1.256427
1.326932
1.367013
1.455707
1.510553
1.511037
1.324621
1.321307
1.405086
1.548865
1.685766
1.684541
1.625925
