0.603974
0.604455
0.604930
0.605406
0.605881
0.606346
0.606834
0.607058
0.606945
0.606514
0.605639
0.604346
0.602809
0.601132
0.599372
0.597520
0.595636
0.593682
0.591683
0.589570
0.587336
0.584928
0.582387
0.579740
0.577027
0.574176
0.571152
0.568048
0.564793
0.561337
0.557632
0.553776
0.549754
0.545591
0.541255
0.536661
0.531914
0.526944
0.521782
0.516369
0.510789
0.505156
0.499234
0.493171
0.486962
0.480711
0.474373
0.467921
0.461271
0.454486
0.447632
0.440660
0.433565
0.426501
0.419399
0.412088
0.404830
0.397502
0.390120
0.382861
0.375539
0.368350
0.361422
0.354797
0.348741
0.342978
0.337458
0.332317
0.327573
0.323261
0.319505
0.316270
0.313508
0.311352
0.309751
0.308567
0.307706
0.307193
0.307021
0.307159
0.307618
0.308440
0.309473
0.310706
0.312213
0.313927
0.315788
0.317733
0.319742
0.321823
0.323949
0.326076
0.328268
0.330489
0.332704
0.334967
0.337190
0.339390
0.341610
0.343887
0.346167
