0.170603
0.170589
0.170569
0.170555
0.170531
0.170520
0.170530
0.170640
0.170825
0.171056
0.171317
0.171598
0.171866
0.172192
0.172589
0.173030
0.173447
0.173842
0.174247
0.174668
0.175088
0.175532
0.175972
0.176435
0.176920
0.177433
0.177948
0.178446
0.178936
0.179435
0.179975
0.180555
0.181123
0.181652
0.182234
0.182799
0.183394
0.184031
0.184693
0.185326
0.185960
0.186547
0.187088
0.187587
0.188067
0.188525
0.189007
0.189531
0.190128
0.190746
0.191337
0.191779
0.192156
0.192463
0.192759
0.193029
0.193126
0.193085
0.193103
0.193160
0.193215
0.193288
0.193376
0.193612
0.193865
0.194087
0.194398
0.194760
0.195187
0.195612
0.196082
0.196554
0.196996
0.197549
0.198088
0.198623
0.199248
0.199902
0.200556
0.201211
0.201862
0.202536
0.203221
0.203931
0.204634
0.205333
0.206020
0.206756
0.207486
0.208199
0.208890
0.209610
0.210317
0.211007
0.211690
0.212380
0.213046
0.213741
0.214417
0.215013
0.215624
