1.440446
1.844580
2.424049
3.569489
3.949531
3.250159
1.871089
-0.041200
-1.852927
-3.395159
-4.195340
-4.069871
-2.933730
-0.535655
2.717962
7.968426
14.100207
19.674658
23.867245
25.831112
26.645208
26.285616
26.492777
24.469690
20.286505
12.857857
1.535189
-11.776805
-22.787437
-31.165106
-36.594978
-38.272785
-40.932976
-39.240669
-37.129986
-32.888165
-27.891047
-19.950443
-10.790900
-0.616052
9.864163
18.765795
25.291430
29.519592
34.368362
37.739651
38.459995
37.248390
32.034451
24.947514
15.875741
5.247133
-3.018327
-12.272907
-16.694632
-14.429322
-11.967871
-10.212119
-7.806039
-5.260772
-2.815476
-1.011590
-0.664380
-0.303715
-0.078957
0.014321
0.666925
1.412426
2.314295
3.116709
3.821476
4.564675
5.058971
5.586627
6.163335
6.244895
6.157640
6.323071
6.378664
6.410224
6.469548
6.514678
6.479897
6.598277
6.479121
6.379036
6.130891
6.013309
6.082254
6.178268
6.151544
6.088098
6.010277
5.964036
5.933942
5.871234
5.768571
5.702207
5.585204
5.449398
5.287607
