0.804526
0.804523
0.804529
0.804535
0.804535
0.804535
0.804534
0.804527
0.804519
0.804505
0.804509
0.804521
0.804533
0.804466
0.804417
0.804367
0.804207
0.803975
0.803649
0.803226
0.802686
0.801997
0.801225
0.800388
0.799383
0.798232
0.797217
0.795881
0.794373
0.792616
0.790670
0.788555
0.786212
0.783665
0.780888
0.777862
0.774661
0.771275
0.767675
0.764005
0.759983
0.755918
0.751506
0.747148
0.742495
0.737852
0.732904
0.727888
0.722492
0.717131
0.711510
0.705729
0.699913
0.693953
0.688005
0.681661
0.675204
0.668682
0.662176
0.655660
0.648933
0.642165
0.635420
0.628671
0.621709
0.614635
0.607399
0.600164
0.592875
0.585789
0.578435
0.570951
0.563361
0.555605
0.547921
0.540259
0.532438
0.524684
0.516923
0.509205
0.501525
0.493917
0.486429
0.479113
0.471914
0.465185
0.458645
0.452415
0.446543
0.441170
0.436222
0.431969
0.428169
0.424653
0.421537
0.418616
0.416201
0.413842
0.412155
0.410518
0.409756
