0.279015
0.279006
0.278993
0.278988
0.279005
0.279197
0.279430
0.279737
0.280118
0.280531
0.281126
0.281828
0.282698
0.283735
0.284862
0.286242
0.287845
0.289642
0.291603
0.293278
0.294745
0.296410
0.298409
0.300414
0.302379
0.304544
0.306844
0.309275
0.311754
0.314310
0.316699
0.319077
0.321448
0.323639
0.325661
0.327392
0.328958
0.330402
0.331570
0.332327
0.333001
0.333283
0.333165
0.332687
0.332032
0.331351
0.330344
0.329465
0.328515
0.327505
0.326435
0.325274
0.324353
0.323289
0.322019
0.320685
0.319356
0.317947
0.316334
0.314959
0.314003
0.313295
0.313005
0.313264
0.313562
0.313807
0.314191
0.315117
0.316396
0.317916
0.319488
0.321292
0.323622
0.325498
0.327429
0.330098
0.332789
0.334896
0.337343
0.340427
0.343419
0.345880
0.348205
0.350529
0.352857
0.354830
0.356906
0.358900
0.360704
0.362410
0.363888
0.365405
0.366660
0.367649
0.368406
0.369092
0.369649
0.370137
0.370533
0.371008
0.371385
