0.291056
0.291020
0.290995
0.290973
0.290955
0.290959
0.290962
0.290959
0.290999
0.291059
0.291138
0.291258
0.291392
0.291588
0.291796
0.292036
0.292308
0.292603
0.292914
0.293252
0.293630
0.294056
0.294487
0.294933
0.295419
0.295884
0.296338
0.296783
0.297239
0.297695
0.298121
0.298513
0.298870
0.299198
0.299493
0.299762
0.300018
0.300247
0.300453
0.300639
0.300803
0.300955
0.301080
0.301135
0.301183
0.301221
0.301200
0.301163
0.301071
0.300918
0.300753
0.300526
0.300363
0.300223
0.300138
0.300089
0.300067
0.300062
0.300114
0.300212
0.300315
0.300474
0.300656
0.300872
0.301118
0.301353
0.301656
0.301978
0.302331
0.302677
0.303024
0.303419
0.303848
0.304287
0.304790
0.305331
0.305866
0.306378
0.306900
0.307434
0.308035
0.308613
0.309201
0.309772
0.310319
0.310811
0.311322
0.311836
0.312338
0.312832
0.313303
0.313736
0.314167
0.314579
0.314977
0.315345
0.315720
0.316056
0.316361
0.316656
0.316936
