2.417650
3.221094
4.057058
4.928378
5.702863
6.397395
7.226899
8.414407
9.489455
10.673806
11.901881
13.070972
15.324469
17.037895
17.712143
19.915916
20.241177
20.431879
20.286903
20.776854
19.977116
18.674122
17.097626
15.831228
15.080856
14.964520
14.515670
13.747350
12.743554
11.540717
11.000412
10.015264
9.281388
8.485529
7.498533
6.399446
5.971154
5.791085
4.517696
4.744019
4.413359
4.859894
3.691386
3.029733
2.424351
2.366813
2.382828
2.525445
2.431875
1.777400
1.466049
0.703065
0.392481
0.067378
-1.649619
-0.782424
0.830100
1.686653
3.834414
5.091937
6.214311
6.781517
6.709520
6.550532
7.524898
7.444160
5.668349
5.906652
5.429542
5.170481
4.971922
4.454527
3.844996
3.869410
3.903885
3.640964
3.704533
3.258672
3.165496
2.759193
2.157406
1.853972
2.624770
3.258116
2.865445
3.353743
3.665666
3.970847
3.856632
3.835758
3.442261
3.137954
2.637137
2.467611
2.663608
2.805921
4.045856
5.231989
7.197331
8.436145
9.084028
