0.630986
0.630974
0.630975
0.631074
0.631313
0.631624
0.632191
0.632769
0.633471
0.634494
0.635471
0.636765
0.638086
0.639135
0.640071
0.641005
0.642194
0.643509
0.644587
0.645632
0.646619
0.647801
0.648996
0.650230
0.651476
0.653027
0.654379
0.655827
0.656994
0.658019
0.658574
0.659193
0.660122
0.660975
0.661833
0.662840
0.663901
0.664733
0.665647
0.666713
0.667632
0.668477
0.669400
0.670325
0.671263
0.672146
0.673125
0.674133
0.675077
0.675873
0.676713
0.677612
0.678502
0.679312
0.679981
0.680879
0.682359
0.683795
0.684865
0.685713
0.687213
0.688225
0.689297
0.690104
0.691116
0.692311
0.693056
0.693758
0.694918
0.695846
0.696899
0.697733
0.698691
0.699547
0.699218
0.699516
0.700443
0.701286
0.702070
0.702728
0.703092
0.703587
0.703894
0.703981
0.703995
0.704038
0.703783
0.703490
0.703121
0.702697
0.702157
0.701673
0.701108
0.700483
0.699751
0.699124
0.698352
0.697518
0.696603
0.695753
0.694876
