0.341600
0.343317
0.347351
0.352533
0.350276
0.349988
0.360173
0.394009
0.401307
0.339109
0.264381
0.239997
0.217279
0.193144
0.176959
0.204557
0.295041
0.532540
0.873035
1.380598
2.069888
2.759042
3.353877
3.692146
3.732308
3.745287
3.744354
3.768190
3.611063
3.290014
2.827046
2.397288
2.019450
1.444900
0.861915
0.517640
0.014173
-0.582817
-0.310660
-0.460861
0.720430
3.253290
6.902304
11.485848
16.743252
22.059040
25.321411
25.944004
25.150663
23.108938
20.014458
15.795010
11.490833
6.727982
2.025622
-2.749400
-6.438179
-8.611775
-9.523956
-7.856006
-4.693789
-1.103762
2.888915
6.378826
8.442658
9.551824
9.518126
9.902284
7.555548
3.517737
-3.780224
-13.101372
-23.901173
-33.593605
-38.290718
-35.010235
-30.284637
-23.217159
-13.864016
-3.960679
6.327498
15.599333
15.202027
12.405330
9.578891
4.417129
-4.349632
-17.794867
-29.495468
-35.940571
-33.232430
-25.876980
-20.327011
-14.962115
-8.308201
-2.614455
3.127141
7.442566
8.322954
7.735681
6.495476
