0.960382
0.960437
0.960488
0.960535
0.960568
0.960597
0.960610
0.960606
0.960604
0.960594
0.960600
0.960650
0.960688
0.960734
0.960788
0.960826
0.960872
0.960909
0.960938
0.960935
0.960955
0.960962
0.960976
0.960879
0.960791
0.960608
0.960459
0.960255
0.960040
0.959818
0.959599
0.959378
0.959137
0.958860
0.958551
0.958194
0.957848
0.957508
0.957103
0.956640
0.956120
0.955475
0.954778
0.954042
0.953278
0.952440
0.951519
0.950561
0.949562
0.948559
0.947461
0.946376
0.945286
0.944084
0.942882
0.941690
0.940476
0.939345
0.938221
0.937022
0.935754
0.934412
0.933057
0.931570
0.930082
0.928722
0.927364
0.925943
0.924635
0.923287
0.922078
0.920938
0.919844
0.918667
0.917526
0.916396
0.915199
0.914025
0.912801
0.911638
0.910574
0.909550
0.908591
0.907617
0.906735
0.905907
0.905118
0.904361
0.903668
0.903014
0.902390
0.901850
0.901369
0.900908
0.900542
0.900143
0.899786
0.899504
0.899337
0.899092
0.898895
