0.075996
0.076024
0.076049
0.076073
0.076084
0.076086
0.076081
0.076047
0.075976
0.075851
0.075710
0.075529
0.075321
0.075080
0.074855
0.074613
0.074358
0.074143
0.073922
0.073698
0.073480
0.073237
0.072988
0.072760
0.072490
0.072199
0.071944
0.071703
0.071441
0.071199
0.071000
0.070820
0.070684
0.070566
0.070442
0.070328
0.070205
0.070079
0.069947
0.069815
0.069675
0.069534
0.069438
0.069244
0.069069
0.068899
0.068723
0.068547
0.068349
0.068132
0.067961
0.067757
0.067447
0.067195
0.066908
0.066593
0.066286
0.065944
0.065628
0.065270
0.064896
0.064534
0.064097
0.063702
0.063395
0.063052
0.062676
0.062269
0.061874
0.061510
0.061090
0.060674
0.060295
0.059938
0.059623
0.059274
0.058898
0.058483
0.058119
0.057641
0.057186
0.056716
0.056376
0.056018
0.055610
0.055318
0.055004
0.054765
0.054502
0.054269
0.054078
0.053853
0.053769
0.053662
0.053593
0.053534
0.053483
0.053516
0.053544
0.053615
0.053719
