0.344094
0.343982
0.343935
0.343943
0.344196
0.344589
0.345058
0.345604
0.346225
0.346975
0.347772
0.348680
0.349612
0.350647
0.351627
0.352701
0.353774
0.354855
0.355918
0.356950
0.357970
0.358957
0.359925
0.360928
0.361997
0.363033
0.364033
0.365071
0.366142
0.367283
0.368443
0.369560
0.370746
0.371935
0.373094
0.374276
0.375494
0.376637
0.377793
0.378853
0.380007
0.381192
0.382443
0.383699
0.384982
0.386276
0.387516
0.388748
0.389978
0.391122
0.392380
0.393567
0.394738
0.395905
0.397108
0.398242
0.399356
0.400486
0.401574
0.402776
0.403901
0.405016
0.406164
0.407252
0.408413
0.409521
0.410529
0.411620
0.412749
0.413825
0.414813
0.415606
0.416470
0.417300
0.418554
0.419189
0.419626
0.420129
0.420666
0.420987
0.421267
0.421452
0.421541
0.421578
0.421550
0.421440
0.421326
0.421165
0.420926
0.420738
0.420509
0.420307
0.420114
0.419904
0.419679
0.419481
0.419283
0.419084
0.418910
0.418753
0.418580
