1.931821
2.178647
2.396473
2.603660
2.764626
2.878577
2.841240
2.862813
3.023336
3.240524
3.720092
4.978984
5.050834
5.301428
5.099738
5.127872
4.667022
4.421901
4.170561
3.609888
3.538566
3.413034
3.291131
3.307462
3.303815
3.204083
3.142652
3.088613
2.839512
3.113099
2.672829
2.442247
2.729226
2.197803
2.019878
2.000089
2.146368
2.164152
2.049104
2.073229
2.183366
2.300486
2.303988
2.440635
2.543004
2.993715
3.174565
3.279047
3.406914
3.332381
3.262729
3.266680
3.378536
4.281584
4.492656
4.222056
4.127467
4.335493
4.311689
4.173411
4.771385
4.801868
4.802838
4.721475
4.496387
4.446854
4.300639
4.258873
4.358864
4.352635
4.327074
4.264934
4.102880
4.218967
4.296966
4.202475
4.096128
4.220589
4.932771
6.194077
7.588199
8.470796
8.889296
9.066387
8.973587
9.398362
10.640342
10.498619
10.534044
10.631351
11.220157
12.194732
11.795553
11.158063
8.637961
8.705276
9.101072
9.397461
9.327739
8.811331
8.622940
