-0.384868
-0.465102
-0.594853
-0.761963
-1.138405
-1.808490
-2.605509
-3.180132
-3.816269
-4.658952
-5.350811
-5.984178
-6.343560
-6.157711
-5.774950
-5.352818
-4.799407
-4.284157
-3.897675
-3.382059
-3.070716
-3.407140
-3.639920
-3.994094
-4.742846
-5.543512
-6.616663
-7.861000
-8.517970
-8.815190
-8.910261
-8.900761
-9.008149
-9.068855
-9.281513
-9.455850
-9.429775
-9.624039
-9.467674
-9.569761
-9.712569
-9.964333
-10.067286
-10.064318
-10.316446
-10.989398
-11.759837
-12.164298
-12.520478
-12.739375
-13.508346
-13.936553
-13.894665
-13.834752
-13.599181
-13.402023
-13.050429
-12.714893
-12.439679
-12.250009
-11.388494
-10.349971
-9.277748
-8.403275
-7.664956
-6.606673
-5.738449
-5.056115
-4.481431
-3.389034
-1.373594
1.485817
5.567188
8.896522
12.343969
15.256099
16.627974
17.240223
17.920736
18.674219
19.365032
19.682493
19.882488
19.908136
19.195936
18.890095
18.436047
18.051319
17.714085
17.452641
17.202389
17.050909
16.737640
16.929829
16.725456
16.410084
15.757113
14.925398
13.944937
13.182278
12.529931
