0.138232
0.138211
0.138214
0.138185
0.138141
0.138054
0.137990
0.137961
0.137944
0.137909
0.137852
0.137789
0.137737
0.137728
0.137721
0.137680
0.137649
0.137628
0.137597
0.137573
0.137526
0.137458
0.137363
0.137282
0.137179
0.137077
0.136945
0.136791
0.136575
0.136361
0.136152
0.135903
0.135645
0.135336
0.134999
0.134613
0.134236
0.133915
0.133586
0.133267
0.132941
0.132636
0.132311
0.131953
0.131595
0.131243
0.130921
0.130551
0.130210
0.129851
0.129540
0.129245
0.128977
0.128738
0.128500
0.128306
0.128112
0.127936
0.127783
0.127646
0.127535
0.127439
0.127308
0.127081
0.126645
0.126318
0.125909
0.125693
0.125393
0.125260
0.125314
0.125153
0.125169
0.125051
0.124973
0.124814
0.124663
0.124444
0.124222
0.123974
0.123749
0.123500
0.123297
0.123110
0.122928
0.122759
0.122595
0.122471
0.122306
0.122113
0.121983
0.121840
0.121672
0.121533
0.121397
0.121216
0.121041
0.120854
0.120660
0.120452
0.120237
