0.671030
0.671242
0.671436
0.671569
0.671724
0.671873
0.672053
0.672237
0.672417
0.672570
0.672738
0.672890
0.673070
0.673225
0.673299
0.673339
0.673181
0.672408
0.671349
0.669916
0.668061
0.666107
0.664071
0.661886
0.659399
0.656756
0.653916
0.650586
0.646940
0.643457
0.639804
0.636132
0.632353
0.628876
0.625467
0.622002
0.618335
0.614553
0.610753
0.606828
0.602757
0.598501
0.594016
0.589291
0.584324
0.579101
0.573721
0.568161
0.562579
0.557064
0.551311
0.545660
0.539639
0.533394
0.527054
0.520545
0.513971
0.507313
0.500670
0.493889
0.487110
0.480231
0.473103
0.465765
0.458090
0.450166
0.442034
0.433780
0.425438
0.416904
0.408540
0.400242
0.392038
0.383841
0.375939
0.368214
0.360666
0.353649
0.346852
0.340441
0.334331
0.328169
0.322448
0.317831
0.312951
0.308683
0.304899
0.302004
0.299075
0.296250
0.293757
0.292002
0.290982
0.290225
0.289212
0.287976
0.286661
0.284754
0.282695
0.280996
0.279272
