0.061607
0.061574
0.061529
0.061585
0.061740
0.061979
0.062279
0.062588
0.062648
0.062712
0.062790
0.062896
0.062965
0.063043
0.063138
0.063278
0.063441
0.063679
0.063894
0.064117
0.064323
0.064374
0.064264
0.063935
0.063773
0.063382
0.063201
0.062952
0.062782
0.062593
0.062392
0.062303
0.062121
0.061876
0.061618
0.061292
0.060904
0.060525
0.060017
0.059473
0.058912
0.058481
0.058045
0.057563
0.057168
0.056968
0.056824
0.056749
0.056682
0.056523
0.056398
0.056274
0.056118
0.055950
0.055735
0.055566
0.055482
0.055392
0.055293
0.055215
0.055151
0.055101
0.055032
0.054966
0.054907
0.054851
0.054823
0.054735
0.054644
0.054536
0.054472
0.054396
0.054310
0.054226
0.054143
0.054090
0.054016
0.053950
0.053899
0.053865
0.053747
0.053662
0.053591
0.053536
0.053494
0.053384
0.053286
0.053162
0.053124
0.053084
0.053075
0.053074
0.053085
0.053017
0.052947
0.052886
0.052836
0.052773
0.052719
0.052661
0.052593
