-0.469165
-0.469881
-0.510094
-0.500260
-0.543373
-0.626837
-0.762359
-0.943402
-1.163627
-1.496935
-2.076625
-3.200059
-3.995319
-3.365303
-1.912985
-2.936617
-4.595567
-5.694489
-4.007531
-4.296971
-5.488408
-7.497244
-10.252566
-12.576232
-15.526178
-18.724878
-21.398989
-26.155924
-28.917061
-29.910885
-31.511002
-34.658272
-34.463955
-32.449257
-32.036816
-31.826498
-32.818604
-29.599033
-26.166906
-22.988083
-21.601044
-21.253635
-19.683767
-19.135740
-18.075817
-16.927799
-15.886497
-15.438474
-14.419858
-13.217886
-11.956634
-10.753944
-9.574369
-8.199883
-5.959738
-3.550461
-1.515762
0.374616
2.765191
5.010741
6.770060
8.624946
12.350411
16.318392
19.824078
23.798771
28.944527
31.798103
31.972942
32.586411
30.005882
25.215855
26.169004
28.159603
27.359215
25.855139
24.079300
22.478077
21.569416
19.596067
18.135433
18.198502
18.788458
20.534323
22.020628
23.288143
23.334961
23.033033
22.538548
21.766502
21.379175
20.483541
18.907064
17.354149
16.813883
14.588892
12.477006
11.170641
9.464070
8.184445
6.891579
