-0.206507
-0.206508
-0.206516
-0.206518
-0.206511
-0.206496
-0.206483
-0.206453
-0.206419
-0.206376
-0.206354
-0.206330
-0.206284
-0.206235
-0.206178
-0.206142
-0.206086
-0.206014
-0.205936
-0.205857
-0.205776
-0.205692
-0.205607
-0.205517
-0.205419
-0.205311
-0.205180
-0.205115
-0.205062
-0.205022
-0.205012
-0.204995
-0.205013
-0.205057
-0.205073
-0.205079
-0.205073
-0.205087
-0.205071
-0.205050
-0.205004
-0.204910
-0.204817
-0.204747
-0.204608
-0.204432
-0.204276
-0.204076
-0.203864
-0.203667
-0.203425
-0.203195
-0.202962
-0.202754
-0.202542
-0.202377
-0.202194
-0.202169
-0.202092
-0.202039
-0.202034
-0.202031
-0.202044
-0.202039
-0.202102
-0.202158
-0.202251
-0.202315
-0.202382
-0.202452
-0.202517
-0.202600
-0.202672
-0.202728
-0.202765
-0.202805
-0.202853
-0.202901
-0.202946
-0.202993
-0.203046
-0.203121
-0.203177
-0.203231
-0.203285
-0.203335
-0.203396
-0.203447
-0.203503
-0.203540
-0.203577
-0.203601
-0.203639
-0.203671
-0.203704
-0.203729
-0.203781
-0.203820
-0.203841
-0.203864
-0.203898
