0.160492
0.160502
0.160516
0.160523
0.160511
0.160493
0.160471
0.160458
0.160501
0.160554
0.160585
0.160641
0.160669
0.160732
0.160796
0.160865
0.160914
0.160958
0.160997
0.161054
0.161103
0.161160
0.161222
0.161274
0.161305
0.161307
0.161293
0.161257
0.161259
0.161254
0.161256
0.161212
0.161150
0.161083
0.161018
0.160921
0.160838
0.160749
0.160657
0.160563
0.160434
0.160315
0.160205
0.160097
0.159963
0.159797
0.159626
0.159455
0.159270
0.159103
0.158938
0.158779
0.158617
0.158482
0.158322
0.158171
0.158033
0.157869
0.157725
0.157598
0.157477
0.157357
0.157238
0.157143
0.157030
0.156945
0.156793
0.156638
0.156540
0.156446
0.156283
0.156118
0.155941
0.155924
0.155814
0.155742
0.155835
0.155827
0.155841
0.155864
0.155837
0.155780
0.155757
0.155722
0.155686
0.155662
0.155605
0.155550
0.155503
0.155427
0.155359
0.155278
0.155192
0.155107
0.155012
0.154931
0.154838
0.154741
0.154646
0.154552
0.154454
