0.237334
0.237378
0.237431
0.237503
0.237642
0.237833
0.238064
0.238336
0.238644
0.239019
0.239420
0.239818
0.240209
0.240621
0.241050
0.241496
0.241930
0.242324
0.242679
0.243000
0.243306
0.243553
0.243743
0.243912
0.244044
0.244138
0.244189
0.244197
0.244166
0.244071
0.243917
0.243742
0.243550
0.243333
0.243134
0.243016
0.242919
0.242888
0.242875
0.242919
0.243043
0.243216
0.243405
0.243639
0.243962
0.244329
0.244722
0.245115
0.245541
0.245985
0.246404
0.246855
0.247326
0.247742
0.248215
0.248693
0.249140
0.249607
0.250059
0.250489
0.250903
0.251326
0.251723
0.252086
0.252422
0.252728
0.253054
0.253289
0.253501
0.253717
0.253905
0.254047
0.254169
0.254296
0.254384
0.254451
0.254506
0.254570
0.254621
0.254628
0.254668
0.254701
0.254714
0.254737
0.254754
0.254761
0.254774
0.254808
0.254811
0.254817
0.254829
0.254876
0.254860
0.254873
0.254887
0.254908
0.254913
0.254898
0.254914
0.254918
0.254925
