-0.072399
-0.072404
-0.072396
-0.072374
-0.072357
-0.072355
-0.072360
-0.072383
-0.072479
-0.072406
-0.072380
-0.072339
-0.072308
-0.072243
-0.072190
-0.072167
-0.072168
-0.072160
-0.072179
-0.072208
-0.072249
-0.072294
-0.072343
-0.072402
-0.072459
-0.072505
-0.072565
-0.072632
-0.072712
-0.072738
-0.072838
-0.072966
-0.073158
-0.073386
-0.073662
-0.073935
-0.074223
-0.074509
-0.074702
-0.074893
-0.075057
-0.075157
-0.075333
-0.075526
-0.075684
-0.075842
-0.075970
-0.076135
-0.076333
-0.076527
-0.076722
-0.076950
-0.077149
-0.077340
-0.077539
-0.077727
-0.077907
-0.078133
-0.078364
-0.078575
-0.078754
-0.078946
-0.079134
-0.079349
-0.079448
-0.079657
-0.079831
-0.079974
-0.080100
-0.080259
-0.080401
-0.080526
-0.080671
-0.080828
-0.080931
-0.081032
-0.081146
-0.081270
-0.081347
-0.081430
-0.081506
-0.081579
-0.081656
-0.081716
-0.081745
-0.081782
-0.081809
-0.081847
-0.081881
-0.081910
-0.081959
-0.081973
-0.081974
-0.081988
-0.082013
-0.082018
-0.082010
-0.081981
-0.081977
-0.081987
-0.081996
