0.954139
0.954173
0.954210
0.954243
0.954256
0.954263
0.954288
0.954325
0.954355
0.954383
0.954421
0.954457
0.954480
0.954481
0.954450
0.954360
0.954245
0.954066
0.953798
0.953462
0.953029
0.952477
0.951843
0.951094
0.950249
0.949318
0.948299
0.947183
0.945969
0.944661
0.943245
0.941730
0.940116
0.938453
0.936714
0.934912
0.933061
0.931154
0.929214
0.927243
0.925232
0.923202
0.921112
0.919003
0.916841
0.914611
0.912313
0.909987
0.907634
0.905265
0.902929
0.900622
0.898315
0.896079
0.893931
0.891826
0.889827
0.887841
0.885984
0.884192
0.882443
0.880791
0.879205
0.877701
0.876321
0.875014
0.873813
0.872719
0.871719
0.870822
0.870008
0.869333
0.868720
0.868234
0.867859
0.867574
0.867303
0.867133
0.867015
0.866972
0.866920
0.866945
0.866952
0.867041
0.867109
0.867199
0.867283
0.867424
0.867571
0.867693
0.867848
0.867993
0.868136
0.868284
0.868437
0.868584
0.868776
0.868910
0.869031
0.869148
0.869313
