-2.543602
-2.929897
-3.388217
-4.188745
-5.590225
-7.557524
-10.079668
-13.683609
-18.216042
-22.755608
-27.315014
-31.859844
-36.504913
-40.053020
-41.383034
-41.771843
-41.354847
-41.643433
-42.101040
-42.472698
-42.531971
-42.196220
-41.718510
-41.129112
-40.244766
-39.127201
-38.229877
-37.145119
-36.530079
-35.889950
-35.436501
-34.785892
-33.403511
-31.073881
-27.816963
-23.383760
-15.759833
-6.700367
3.848190
12.793945
20.200546
26.671555
29.523914
31.712208
33.753338
35.799515
36.700665
36.496677
35.624146
34.830109
33.445843
31.675547
30.774029
29.451544
28.171698
28.057350
27.827463
27.032330
26.929949
26.722399
26.429787
26.389528
26.574280
26.363281
26.179132
25.993631
25.770567
25.516426
24.914352
24.356085
24.190441
23.599457
22.794655
22.043612
21.343164
20.145737
18.929668
17.858374
16.904060
15.818893
14.146610
12.751185
11.509356
10.206411
9.018020
7.914170
6.817375
6.097451
5.436091
4.548856
4.102725
4.131456
3.968487
3.505729
3.281761
3.220460
2.884689
2.817461
2.584236
2.384715
2.235244
