0.892459
0.892603
0.892773
0.892937
0.893051
0.893150
0.893247
0.893347
0.893457
0.893603
0.893763
0.893952
0.894110
0.894231
0.894315
0.894385
0.894446
0.894455
0.894504
0.894515
0.894501
0.894454
0.894259
0.893898
0.893380
0.892746
0.891952
0.891074
0.889980
0.888666
0.887062
0.885091
0.883051
0.880850
0.878356
0.875681
0.872856
0.869842
0.866664
0.863250
0.859720
0.855987
0.852172
0.848204
0.844084
0.839903
0.835556
0.831124
0.826480
0.821805
0.816936
0.811980
0.806934
0.801771
0.796547
0.791070
0.785559
0.780042
0.774428
0.768815
0.763181
0.757500
0.751823
0.745876
0.740228
0.734575
0.729177
0.723904
0.718883
0.713957
0.709372
0.704853
0.700645
0.696556
0.692612
0.688892
0.685157
0.681513
0.677941
0.674537
0.671004
0.667396
0.663801
0.660115
0.656582
0.653172
0.650015
0.647176
0.644714
0.642798
0.641392
0.640134
0.639515
0.639378
0.639325
0.639401
0.639737
0.640272
0.640961
0.641666
0.642498
