0.913413
0.913502
0.913593
0.913664
0.913737
0.913809
0.913875
0.913978
0.914064
0.914159
0.914275
0.914373
0.914501
0.914659
0.914754
0.914873
0.915040
0.915280
0.916125
0.919934
0.922868
0.923407
0.920357
0.916762
0.914381
0.917280
0.920844
0.922517
0.922872
0.922996
0.923044
0.923123
0.923275
0.923362
0.923461
0.923537
0.923610
0.923717
0.923812
0.923866
0.923990
0.924092
0.924172
0.924300
0.924400
0.924557
0.924646
0.924774
0.924894
0.925001
0.925114
0.925242
0.925350
0.925441
0.925557
0.925656
0.925769
0.925867
0.925995
0.926111
0.926196
0.926315
0.926421
0.926529
0.926641
0.926742
0.926853
0.926964
0.927058
0.927168
0.927282
0.927379
0.927478
0.927594
0.927698
0.927791
0.927901
0.928016
0.928120
0.928227
0.928364
0.928473
0.928575
0.928684
0.928787
0.928924
0.929009
0.929122
0.929226
0.929327
0.929442
0.929545
0.929656
0.929770
0.929867
0.929984
0.930094
0.930188
0.930297
0.930393
0.930514
