-0.027874
-0.027969
-0.028066
-0.028091
-0.027895
-0.027428
-0.026213
-0.022504
-0.021980
-0.023628
-0.025753
-0.028137
-0.030753
-0.028770
-0.027100
-0.025238
-0.024560
-0.023897
-0.023763
-0.023581
-0.023413
-0.023199
-0.022884
-0.022595
-0.022311
-0.022052
-0.021759
-0.021514
-0.021246
-0.020922
-0.020634
-0.020382
-0.020095
-0.019809
-0.019523
-0.019195
-0.018898
-0.018626
-0.018345
-0.018076
-0.017812
-0.017567
-0.017306
-0.017034
-0.016785
-0.016520
-0.016258
-0.016002
-0.015736
-0.015497
-0.015241
-0.014999
-0.014736
-0.014449
-0.014185
-0.013937
-0.013677
-0.013443
-0.013160
-0.012884
-0.012626
-0.012383
-0.012136
-0.011879
-0.011624
-0.011380
-0.011123
-0.010901
-0.010671
-0.010448
-0.010216
-0.009990
-0.009752
-0.009520
-0.009292
-0.009067
-0.008843
-0.008625
-0.008408
-0.008181
-0.007967
-0.007727
-0.007515
-0.007279
-0.007063
-0.006834
-0.006590
-0.006361
-0.006128
-0.005903
-0.005676
-0.005446
-0.005225
-0.004985
-0.004770
-0.004543
-0.004322
-0.004099
-0.003886
-0.003674
-0.003451
