0.118480
0.264525
0.581050
1.006866
1.452741
1.870862
1.928327
2.035208
2.346934
2.491002
6.537929
13.597067
28.296757
10.505491
0.127023
16.670555
-8.522565
-74.973335
20.636023
-38.783722
-40.218792
-25.563852
-20.718880
-12.104774
-20.001078
-14.654083
-13.023666
-9.086473
-6.830167
-5.174591
-3.139024
-1.836387
-1.456558
-0.876855
-0.247312
0.260030
0.753330
1.199605
1.080194
1.171499
1.258696
1.308907
1.343024
1.397962
1.569920
1.675232
1.725405
1.738554
1.706868
1.687843
1.755864
1.800743
1.850466
1.866091
1.904210
1.957450
1.972236
2.000359
2.014897
2.019388
2.062835
2.078229
2.204759
2.145763
2.184772
2.262331
2.304619
2.330910
2.392681
2.530979
2.891851
3.085625
3.209034
3.285969
3.401280
3.490491
3.835616
3.840726
3.827191
3.796891
3.727477
3.699623
3.625582
3.496831
3.429419
3.400099
3.378473
3.350189
3.309890
3.284768
3.227458
3.152002
3.106516
3.088461
3.064191
3.070839
3.036163
3.053450
3.061669
3.054946
3.015402
