0.252890
0.252685
0.252481
0.252278
0.252072
0.251876
0.251692
0.251502
0.251305
0.251137
0.250995
0.250858
0.250730
0.250530
0.250464
0.250362
0.250234
0.250092
0.249937
0.249793
0.249621
0.249422
0.249227
0.248979
0.248787
0.248538
0.248250
0.247981
0.247690
0.247432
0.247140
0.246809
0.246463
0.246155
0.245843
0.245504
0.245153
0.244854
0.244522
0.244202
0.243930
0.243647
0.243399
0.243114
0.242766
0.242447
0.242194
0.241907
0.241629
0.241302
0.241150
0.240952
0.240715
0.240497
0.240250
0.239988
0.239723
0.239445
0.239171
0.238909
0.238627
0.238372
0.238154
0.237955
0.237673
0.237490
0.237329
0.237141
0.236954
0.236756
0.236571
0.236373
0.236166
0.235949
0.235730
0.235512
0.235318
0.235119
0.234916
0.234712
0.234513
0.234304
0.234094
0.233879
0.233673
0.233464
0.233269
0.233073
0.232859
0.232644
0.232391
0.232142
0.231903
0.231659
0.231419
0.231151
0.230886
0.230609
0.230343
0.230060
0.229790
