-0.244618
-0.110112
0.040304
0.289924
0.527837
0.692506
0.855076
1.006254
1.256331
1.672869
2.015918
2.555107
2.969054
3.321791
3.482573
3.523109
3.541987
3.397936
3.145263
2.906097
2.546552
2.309763
2.065030
1.568473
1.136509
0.742475
0.609045
0.571743
0.499182
0.326462
0.223199
0.028049
-0.072695
-0.357223
-0.720782
-0.867603
-1.001654
-1.138782
-1.196064
-1.096973
-0.833408
-0.860180
-0.848903
-0.399698
-0.457927
-0.572495
-0.549691
-0.654517
-0.683684
-0.678176
-0.689944
-0.582324
-0.518566
-0.426415
-0.356415
-0.330037
-0.285788
-0.243955
-0.108525
0.095804
0.129534
0.035360
-0.029752
-0.013999
-0.066699
-0.016105
-0.051364
-0.084831
-0.020921
0.012059
0.092007
0.160239
0.142305
0.088898
0.160332
0.126694
0.083881
0.144778
0.193218
0.225976
0.252207
0.292466
0.259404
0.229294
0.187357
0.138758
0.001492
-0.070255
-0.150405
-0.250912
-0.252437
-0.293947
-0.373693
-0.500329
-0.573775
-0.604080
-0.616131
-0.640865
-0.597581
-0.614141
-0.504188
