0.330485
0.330487
0.330522
0.330583
0.330741
0.330932
0.331135
0.331381
0.331733
0.332132
0.332562
0.333019
0.333503
0.334043
0.334581
0.335155
0.335695
0.336240
0.336816
0.337417
0.338008
0.338619
0.339265
0.339876
0.340509
0.341117
0.341718
0.342325
0.342923
0.343520
0.344068
0.344571
0.345013
0.345465
0.345943
0.346286
0.346594
0.346883
0.347191
0.347438
0.347588
0.347709
0.347775
0.347809
0.347834
0.347869
0.347863
0.347777
0.347672
0.347342
0.347074
0.346859
0.346747
0.346658
0.346567
0.346475
0.346500
0.346480
0.346739
0.347030
0.347360
0.347907
0.348541
0.349196
0.349954
0.350686
0.351393
0.352118
0.352853
0.353570
0.354305
0.355048
0.355780
0.356512
0.357229
0.358024
0.358846
0.359663
0.360454
0.361246
0.361990
0.362667
0.363386
0.364111
0.364872
0.365616
0.366343
0.367040
0.367673
0.368312
0.368997
0.369626
0.370209
0.370771
0.371305
0.371777
0.372224
0.372643
0.373035
0.373365
0.373679
