6.756804
8.118679
9.395557
10.375307
10.986497
10.864655
10.494013
10.015700
9.967946
9.946957
9.752767
9.710323
9.175937
9.625658
10.043544
10.686073
13.131947
13.792892
13.675473
13.935219
13.561627
13.435103
13.083522
12.741939
11.706185
11.176849
10.736873
9.770360
8.963894
8.418924
7.929767
8.065750
7.313220
7.192131
6.595310
6.296426
5.851697
5.108103
3.989251
5.094838
3.704639
3.297490
3.107318
2.352993
1.765858
0.324323
0.391655
0.697277
0.954180
0.693745
0.608012
0.221621
0.105692
0.115083
0.278639
0.378070
0.691459
1.034261
0.983356
1.049068
1.285305
1.953397
2.956364
3.954348
3.304802
3.723260
4.757766
4.487628
5.184520
5.267079
5.056959
4.856898
4.703113
4.513189
4.372540
4.385215
4.157861
4.027225
3.716414
3.575468
4.100866
3.742498
3.533106
3.487575
3.537666
3.663714
3.692009
3.207684
3.035816
2.780117
2.622225
2.383927
2.131928
2.128984
2.081142
1.738194
1.679573
1.724605
1.659310
1.833501
1.756830
