0.524101
0.524350
0.524591
0.524825
0.525070
0.525271
0.525357
0.525206
0.524831
0.524289
0.523585
0.522715
0.521568
0.520127
0.518431
0.516442
0.514175
0.511644
0.508857
0.505937
0.502964
0.499929
0.496778
0.493535
0.490141
0.486597
0.482945
0.479112
0.475055
0.470816
0.466496
0.462056
0.457615
0.453041
0.448228
0.443264
0.438206
0.433040
0.427840
0.422626
0.417357
0.412026
0.406601
0.401164
0.395734
0.390312
0.385035
0.379877
0.374931
0.370222
0.365662
0.361396
0.357463
0.353850
0.350494
0.347631
0.345017
0.342676
0.340636
0.339014
0.337720
0.336681
0.335956
0.335458
0.335331
0.335393
0.335798
0.336375
0.337076
0.337887
0.338826
0.339877
0.340994
0.342244
0.343418
0.344653
0.345977
0.347288
0.348692
0.350169
0.351741
0.353225
0.354664
0.356067
0.357464
0.358874
0.360306
0.361702
0.363113
0.364549
0.365959
0.367341
0.368736
0.370132
0.371515
0.372875
0.374230
0.375510
0.376811
0.378121
0.379433
