1.979937
1.983174
1.953937
1.970007
2.001132
2.025410
2.051799
2.063000
2.056023
2.052359
2.047476
2.068800
2.099266
2.132804
2.149177
2.192209
2.186589
2.174713
2.162255
2.166200
2.149694
2.140347
2.138888
2.119289
2.103257
2.066039
2.015844
1.971113
1.901303
1.854223
1.658916
1.489070
1.205109
0.968685
1.015927
0.966460
0.926623
1.077670
1.194044
1.360880
1.594221
2.028945
2.263143
2.345856
2.501267
2.781125
3.007602
3.124744
3.288857
2.829848
2.922965
2.691857
2.126351
2.272538
2.390066
2.457645
2.845478
2.826236
2.839324
2.853985
3.114471
3.241661
3.107242
3.097019
3.004611
2.991644
2.556124
2.337318
2.225035
2.250069
2.103543
2.142914
1.992532
2.008235
2.053805
1.768203
1.895390
2.463765
2.473737
2.632970
2.832924
2.863816
2.894939
2.786622
2.757805
2.759761
2.620831
2.444545
2.472754
2.432597
2.401583
2.385557
2.353617
2.335903
2.389731
2.391414
2.366021
2.309891
2.239139
2.208024
2.187552
