0.339540
0.340057
0.351596
0.347028
0.342645
0.323367
0.314454
0.307809
0.292620
0.272967
0.242528
0.208333
0.180106
0.128270
0.118829
0.133324
0.111831
0.136091
0.196305
0.241869
0.295517
0.352132
0.381706
0.306331
0.198536
-0.203048
-0.624770
-1.068767
-1.193401
-0.940270
0.066588
1.107452
1.903395
2.656310
3.136347
3.407562
4.154045
4.170263
3.465194
1.974738
0.142278
-0.679101
0.870071
2.042467
2.768477
2.883926
2.318678
0.548246
-1.446327
-3.247185
-4.138637
-4.055681
-1.918794
2.686480
6.353920
10.132718
9.741630
8.223528
5.928067
2.117589
-1.028488
-3.276397
-3.942374
-3.847098
-3.381052
-2.607767
-1.816040
-0.834917
0.562241
1.857417
2.688934
3.086783
3.392956
3.365781
3.532828
3.441985
2.604329
1.947504
1.422451
1.316654
1.901279
2.159770
3.239580
3.885583
4.585021
4.179599
3.895926
3.606937
3.500769
3.725149
4.082426
3.870156
3.694519
3.457710
3.263430
3.089650
2.883475
2.728836
2.600969
2.466980
2.327150
