-0.388635
-0.436124
-0.457546
-0.536724
-0.654703
-0.721275
-0.733257
-0.720741
-0.711100
-0.714212
-0.721197
-0.741375
-0.708223
-0.674502
-0.686960
-0.740463
-0.768350
-0.905525
-1.042475
-1.166247
-1.250601
-1.471153
-1.738547
-2.033712
-2.371287
-2.478792
-2.492920
-2.435450
-2.396072
-2.650345
-3.484943
-4.456271
-5.429425
-6.567932
-7.105877
-6.681668
-5.922404
-5.909064
-6.658176
-7.044908
-7.418587
-8.079451
-7.221772
-6.440403
-4.572075
-2.700353
-0.226232
0.930476
2.269054
3.580046
5.159681
7.000858
8.146515
8.534902
5.863105
5.165837
5.624435
6.047499
6.726501
7.322558
8.869519
8.513304
8.764336
8.953390
9.357802
9.191805
8.932110
8.609079
8.413627
8.048500
7.609836
7.003086
6.924516
6.625729
6.166953
5.900645
6.068865
6.691849
6.697438
6.644541
6.674314
6.450844
6.176875
5.701279
5.237867
5.086997
5.638208
6.129474
5.790852
4.769732
4.579028
4.454109
4.398502
4.077589
3.773003
3.518319
3.256250
3.016135
2.807818
2.611684
2.430301
