2.893920
3.023225
3.195885
3.473136
3.845590
4.267142
4.628220
4.996706
5.149842
5.226179
5.380911
5.213646
5.166715
5.227724
5.605790
6.148394
6.776421
7.468960
8.167989
8.830465
9.238103
9.759112
10.168514
10.090794
9.661546
9.135283
8.992687
8.497817
8.056580
7.631906
7.565967
7.573910
7.232543
6.651372
5.997224
5.482303
4.966463
4.209709
3.928402
2.865848
1.967021
1.026444
0.614595
0.360309
0.550060
0.933451
1.168530
1.352112
2.371194
3.354656
4.296640
3.860233
2.839169
1.219229
-0.242817
-0.880076
-0.186659
0.921984
2.673504
4.961524
7.118248
9.522435
11.004707
11.577982
10.139007
7.454584
3.578763
-0.819411
-5.782653
-9.379096
-10.933529
-9.446528
-4.198660
1.738072
4.182035
2.203795
-1.341617
-5.066079
-6.891568
-6.776626
-4.505502
-1.080636
1.788796
3.406980
5.621527
7.194754
7.350419
5.754380
1.578646
-3.973598
-8.178573
-10.356710
-10.261819
-8.536477
-7.487049
-6.030037
-4.721194
-5.145806
-5.541797
-5.665936
-4.915485
