0.933236
0.933320
0.933410
0.933502
0.933585
0.933654
0.933710
0.933757
0.933782
0.933812
0.933853
0.933939
0.933987
0.934061
0.934169
0.934270
0.934384
0.934446
0.934488
0.934461
0.934402
0.934246
0.933987
0.933581
0.933081
0.932547
0.931952
0.931250
0.930528
0.929711
0.928715
0.927651
0.926556
0.925374
0.924146
0.922933
0.921729
0.920549
0.919365
0.918143
0.916945
0.915775
0.914591
0.913430
0.912221
0.911021
0.909802
0.908573
0.907306
0.906029
0.904777
0.903427
0.902114
0.900822
0.899469
0.898034
0.896680
0.895257
0.893839
0.892366
0.890900
0.889443
0.887949
0.886453
0.884980
0.883466
0.881930
0.880496
0.879087
0.877820
0.876679
0.875591
0.874724
0.873891
0.873256
0.872703
0.872200
0.871733
0.871331
0.870971
0.870729
0.870493
0.870316
0.870174
0.870052
0.869966
0.869940
0.869940
0.869943
0.869997
0.870092
0.870222
0.870394
0.870526
0.870661
0.870717
0.870849
0.871007
0.871155
0.871409
0.871716
