2.681472
2.651423
2.440835
2.137145
1.624448
0.674276
-0.331521
-1.288993
-2.085192
-2.714019
-2.815537
-2.841619
-2.830984
-2.603252
-2.299028
-1.965950
-1.277165
-0.639126
-0.165132
0.054970
-0.080767
-0.427543
-0.790635
-1.308332
-1.403924
-1.330427
-0.955107
-0.404315
0.558041
1.584027
2.760964
4.750530
6.876178
8.900832
10.883870
13.634168
17.298664
22.280493
25.697598
29.140715
30.758030
32.162350
32.729290
33.459675
34.287479
36.001534
35.538906
34.430649
32.869648
30.801579
28.177340
24.941309
21.773153
17.837158
14.654600
12.221799
9.676233
7.737789
6.921574
6.756929
7.011998
6.819897
6.958397
7.006134
7.051049
7.477544
7.346595
6.963192
6.546351
5.924438
5.688198
5.411085
5.282516
4.978517
4.621777
4.233413
3.602091
3.005557
2.469285
1.879935
1.479760
0.724909
0.241656
0.399579
1.430367
1.433075
1.044136
0.625586
0.089971
-0.151970
-0.304667
0.271897
0.477809
0.437482
0.212280
0.073949
-0.066049
-0.158088
-0.080862
-0.135724
-0.296148
