2.548295
2.548501
2.547066
2.545666
2.541107
2.543773
2.548728
2.556690
2.647286
2.699344
2.768704
2.839336
2.987906
3.250343
3.557078
3.856914
4.188463
4.169404
4.813517
4.972084
5.169636
5.463076
5.550493
5.569571
5.637748
5.826517
5.890139
5.902620
5.782347
5.674764
5.407810
5.183813
5.325110
6.186669
6.124444
5.860899
5.849300
5.888393
5.972492
5.839519
5.585510
5.340985
4.777080
4.319473
3.916388
3.797086
3.484903
3.151555
2.440687
2.233301
2.799602
3.886768
3.960696
4.292313
4.459422
3.877975
3.250703
1.489394
-0.164627
-1.482532
-1.565893
-1.383612
-1.353958
-1.507856
-1.729167
-1.573424
-1.064415
-0.839975
-0.666719
-0.635023
-0.667476
-0.116768
0.381913
0.976952
2.143973
3.867203
5.848177
7.164674
6.127910
6.222116
9.552669
8.704030
8.429204
7.545259
7.044293
6.795846
6.122170
2.761667
-5.456084
-6.204723
-5.631114
-5.331284
-6.745519
-6.244011
-7.004442
-7.392273
-6.400717
-5.372346
-4.236310
-3.553829
-3.261407
