0.054760
0.054768
0.054775
0.054783
0.054794
0.054830
0.054858
0.054903
0.054957
0.055000
0.055037
0.055054
0.055096
0.055103
0.055127
0.055138
0.055130
0.055099
0.055069
0.055028
0.054952
0.054872
0.054758
0.054644
0.054516
0.054362
0.054216
0.054070
0.053917
0.053765
0.053628
0.053501
0.053404
0.053297
0.053208
0.053133
0.053095
0.053069
0.053015
0.052970
0.052957
0.052888
0.052866
0.052835
0.052831
0.052773
0.052735
0.052732
0.052682
0.052627
0.052578
0.052542
0.052550
0.052554
0.052549
0.052546
0.052552
0.052575
0.052619
0.052634
0.052637
0.052663
0.052690
0.052696
0.052707
0.052708
0.052726
0.052746
0.052771
0.052793
0.052796
0.052811
0.052830
0.052821
0.052828
0.052835
0.052844
0.052854
0.052852
0.052838
0.052849
0.052863
0.052874
0.052895
0.052898
0.052909
0.052913
0.052952
0.052960
0.052982
0.053001
0.053023
0.053046
0.053067
0.053102
0.053139
0.053179
0.053224
0.053264
0.053321
0.053394
