7.010465
7.768006
8.423277
8.957503
9.423118
9.801675
10.529818
11.158957
11.459423
11.566579
12.574978
12.097281
10.869479
9.155694
8.050305
7.092071
6.171695
5.254507
4.702607
3.567050
2.868773
2.294309
1.262380
0.156757
-1.198496
-3.127445
-6.068382
-9.756472
-13.554020
-15.732855
-17.065586
-17.622940
-18.183605
-20.038588
-21.355848
-21.830832
-22.156195
-22.076693
-22.373577
-22.342010
-21.519024
-21.121889
-20.729906
-20.646622
-20.341120
-19.603235
-18.918650
-18.455744
-17.504271
-16.789116
-15.969468
-15.052337
-14.138018
-12.704966
-11.689812
-10.735210
-9.618400
-8.560758
-6.871486
-5.530939
-4.606023
-3.938396
-3.283771
-3.046040
-2.748230
-2.316973
-1.964517
-1.680875
-1.520651
-1.357920
-1.188207
-0.914300
-0.748211
-0.547154
-0.310053
-0.233436
-0.285075
-0.265382
-0.148761
0.032403
0.243382
0.414184
0.452341
0.547053
0.874589
1.123966
1.415185
1.693851
1.936758
2.022859
2.068346
2.174761
2.311414
2.539749
2.705088
2.836005
2.846003
3.039428
3.220151
3.168769
3.211506
