0.934488
0.934493
0.934493
0.934491
0.934493
0.934495
0.934497
0.934500
0.934509
0.934524
0.934537
0.934543
0.934556
0.934564
0.934572
0.934574
0.934564
0.934558
0.934545
0.934530
0.934509
0.934483
0.934453
0.934406
0.934337
0.934263
0.934175
0.934064
0.933936
0.933764
0.933573
0.933379
0.933164
0.932932
0.932675
0.932428
0.932159
0.931875
0.931573
0.931246
0.930901
0.930502
0.930093
0.929663
0.929229
0.928764
0.928230
0.927673
0.927081
0.926430
0.925732
0.924946
0.924092
0.923147
0.922145
0.921067
0.919964
0.918806
0.917610
0.916379
0.915109
0.913819
0.912505
0.911153
0.909788
0.908381
0.906949
0.905491
0.903994
0.902463
0.900892
0.899281
0.897636
0.895965
0.894266
0.892537
0.890810
0.889124
0.887417
0.885780
0.884220
0.882707
0.881240
0.879823
0.878443
0.877133
0.875803
0.874543
0.873291
0.872147
0.871038
0.869945
0.868899
0.867909
0.866889
0.865993
0.865125
0.864263
0.863485
0.862724
0.861978
