-0.034088
-0.005847
0.066578
0.049807
0.070586
0.144823
0.210472
0.241950
0.318316
0.390042
0.479740
0.603010
0.705050
0.749354
0.769083
0.745267
0.755497
0.845083
0.935791
1.035212
1.343330
1.704812
2.003665
2.105653
2.216892
2.199193
2.064717
2.081845
1.814573
1.378232
0.950024
0.755549
0.939166
0.483863
0.131917
-0.267711
-1.073546
-2.094593
-3.309111
-4.628665
-6.034565
-6.894141
-7.769930
-8.182507
-8.783872
-8.620967
-8.053156
-7.819916
-7.649993
-7.570346
-7.297741
-6.864968
-6.740168
-6.875871
-6.776273
-6.538287
-6.068753
-5.289649
-4.699879
-4.029811
-3.534102
-2.845149
-2.247694
-1.467801
-0.685523
0.147549
1.246164
1.979368
2.420012
2.686923
2.903929
3.141371
3.452629
3.894588
4.861695
4.805740
4.533163
4.274722
4.380585
4.377471
4.162636
3.954062
4.296971
3.932482
3.715976
3.665446
3.630564
3.592595
3.425416
3.150309
2.813481
2.589941
2.362739
2.296053
2.169961
1.994940
1.769569
1.524066
1.349893
1.225240
1.091171
