0.031428
0.031453
0.031489
0.031554
0.031637
0.031699
0.031780
0.031836
0.031899
0.032029
0.032088
0.032136
0.032201
0.032239
0.032302
0.032326
0.032371
0.032412
0.032458
0.032491
0.032523
0.032505
0.032415
0.032293
0.032006
0.031816
0.031641
0.031429
0.031264
0.031104
0.030967
0.030847
0.030791
0.030708
0.030563
0.030355
0.030143
0.029791
0.029438
0.029097
0.028795
0.028484
0.028044
0.027647
0.027303
0.026921
0.026504
0.026068
0.025525
0.025121
0.024725
0.024348
0.024018
0.023803
0.023574
0.023365
0.023153
0.022751
0.022515
0.022241
0.021828
0.021616
0.021336
0.021045
0.020720
0.020499
0.020130
0.019794
0.019531
0.019200
0.018905
0.018643
0.018340
0.018116
0.017902
0.017725
0.017560
0.017414
0.017312
0.017166
0.017011
0.016882
0.016749
0.016633
0.016538
0.016422
0.016322
0.016194
0.016093
0.015948
0.015856
0.015771
0.015685
0.015610
0.015534
0.015467
0.015387
0.015329
0.015285
0.015232
0.015212
