1.254217
1.457479
1.757968
2.124888
2.302900
2.706304
3.245384
3.517901
3.638299
3.680559
3.736649
3.838134
3.660909
3.698499
3.916612
4.133135
4.419723
4.849113
4.500978
4.424572
4.131061
3.424283
1.782680
-1.121199
-4.310463
-7.694401
-9.377493
-8.699866
-8.111979
-5.312996
-1.236045
5.309916
11.540141
17.425970
23.907696
26.483635
25.768816
24.016064
20.658310
15.738342
10.043860
5.852065
4.092835
1.530670
-1.274805
-4.437559
-6.530984
-8.059058
-7.768566
-8.200311
-8.236193
-8.436028
-7.810616
-6.364460
-5.847076
-4.612048
-3.343940
-1.135615
-0.312397
0.623013
1.898449
3.523239
4.287904
4.141274
3.777466
3.766261
3.486492
3.197479
2.879670
3.136570
3.185328
3.072570
2.903200
2.679627
2.641380
2.581840
2.479532
2.234609
2.232552
2.122283
1.958349
1.875222
1.887963
1.842561
1.773186
1.848191
1.800238
1.717419
1.669484
1.656425
1.592511
1.691748
1.998102
2.455843
2.598825
2.629072
2.570013
2.339936
1.988177
1.846002
1.571082
