-0.634574
-0.743442
-1.177915
-1.306588
-1.626302
-1.862866
-2.151273
-2.269422
-2.352303
-2.443853
-2.519573
-2.752404
-2.936972
-2.895559
-3.022056
-2.907315
-2.896150
-2.806612
-2.576651
-2.478397
-2.446529
-2.290462
-2.275057
-2.051479
-1.998004
-2.054088
-1.993891
-1.900199
-1.807444
-1.800172
-1.828512
-1.885993
-1.889976
-1.853197
-1.798101
-1.730605
-1.627442
-1.600733
-1.539543
-1.464344
-1.264486
-1.007802
-0.830318
-0.531267
-0.476597
-0.118243
0.025166
0.097576
0.182393
0.048768
0.104794
-0.164702
-0.086907
0.197814
0.398847
1.076368
1.647533
1.867659
2.154819
2.411872
2.634503
2.755472
2.833049
2.895271
2.893996
2.878884
2.685538
2.728763
2.719058
2.471065
2.531985
2.457448
2.397279
2.272911
2.144052
2.061501
1.964257
1.942551
1.878799
1.933369
1.965050
1.647561
1.509072
1.428434
1.296742
1.213224
1.279609
1.259487
1.236311
1.110660
1.020414
0.931533
0.854589
0.757740
0.706368
0.711393
0.671959
0.616764
0.575642
0.555639
0.519847
