0.318702
0.318727
0.318744
0.318766
0.318803
0.318841
0.318897
0.318949
0.319005
0.319091
0.319137
0.319119
0.318871
0.318484
0.317534
0.316082
0.314427
0.312440
0.310227
0.307683
0.305011
0.301855
0.298458
0.295084
0.291868
0.289010
0.286654
0.284794
0.284206
0.284147
0.282645
0.281886
0.281171
0.280299
0.278950
0.277199
0.274425
0.271296
0.267797
0.264345
0.261328
0.259336
0.258820
0.258005
0.257034
0.255362
0.253223
0.251669
0.250745
0.249624
0.248258
0.246588
0.244535
0.241713
0.238623
0.234927
0.231238
0.228302
0.225657
0.223638
0.223797
0.223969
0.220877
0.218612
0.217243
0.216106
0.215487
0.214453
0.212300
0.209974
0.207092
0.203900
0.200398
0.197764
0.195077
0.193318
0.192153
0.191486
0.192224
0.191179
0.188936
0.188356
0.187685
0.186846
0.185189
0.182209
0.178941
0.175038
0.171370
0.168780
0.165771
0.164137
0.163386
0.164105
0.165345
0.163145
0.162521
0.162455
0.162227
0.161975
0.160046
