0.763565
0.763472
0.763388
0.763310
0.763237
0.763199
0.763154
0.763099
0.763042
0.762955
0.762835
0.762710
0.762642
0.762624
0.762515
0.762487
0.762405
0.762278
0.762060
0.761789
0.761425
0.760949
0.760329
0.759488
0.758386
0.757020
0.755260
0.753359
0.751197
0.749029
0.746686
0.744158
0.741616
0.738810
0.735862
0.732781
0.729674
0.726426
0.723101
0.719577
0.715844
0.711907
0.707850
0.703620
0.699225
0.694673
0.690047
0.685321
0.680448
0.675395
0.670168
0.664710
0.659139
0.653355
0.647453
0.641423
0.635139
0.628711
0.622053
0.615246
0.608152
0.600870
0.593440
0.585684
0.577853
0.569874
0.561616
0.553181
0.544647
0.535999
0.527213
0.518323
0.509187
0.500018
0.490790
0.481512
0.472100
0.462759
0.453204
0.443632
0.433974
0.424392
0.414903
0.405432
0.396120
0.387086
0.378041
0.369356
0.361165
0.353177
0.345801
0.339149
0.332914
0.327497
0.322673
0.318756
0.315483
0.312878
0.311089
0.309572
0.308781
