0.958000
0.958023
0.958030
0.958045
0.958072
0.958131
0.958174
0.958195
0.958225
0.958284
0.958320
0.958331
0.958316
0.958362
0.958394
0.958842
0.959089
0.957596
0.956091
0.954526
0.952915
0.951230
0.949491
0.947712
0.945959
0.944133
0.942304
0.940413
0.938497
0.936525
0.934519
0.932475
0.930375
0.928230
0.926036
0.923788
0.921541
0.919576
0.918809
0.919492
0.920275
0.920446
0.920503
0.920549
0.920617
0.920652
0.920721
0.920784
0.920844
0.920901
0.920957
0.921015
0.921077
0.921142
0.921204
0.921266
0.921335
0.921393
0.921456
0.921521
0.921605
0.921665
0.921724
0.921779
0.921839
0.921915
0.921967
0.922036
0.922089
0.922146
0.922199
0.922258
0.922312
0.922365
0.922415
0.922466
0.922525
0.922579
0.922633
0.922686
0.922734
0.922787
0.922849
0.922902
0.922967
0.923027
0.923074
0.923128
0.923187
0.923241
0.923290
0.923342
0.923396
0.923452
0.923502
0.923554
0.923609
0.923660
0.923722
0.923771
0.923827
