-0.103754
-0.103760
-0.103761
-0.103720
-0.103637
-0.103469
-0.102757
-0.103056
-0.102989
-0.102951
-0.102903
-0.102832
-0.102856
-0.102722
-0.102639
-0.102533
-0.102459
-0.102364
-0.102311
-0.102252
-0.102198
-0.102131
-0.102053
-0.101997
-0.101943
-0.101901
-0.101830
-0.101768
-0.101839
-0.101745
-0.102065
-0.101770
-0.101388
-0.101386
-0.101445
-0.101556
-0.101574
-0.101618
-0.101679
-0.101732
-0.101696
-0.101635
-0.101578
-0.101534
-0.101487
-0.101414
-0.101329
-0.101252
-0.101184
-0.101104
-0.101034
-0.100944
-0.100858
-0.100789
-0.100709
-0.100611
-0.100491
-0.100412
-0.100307
-0.100188
-0.100063
-0.099915
-0.099782
-0.099654
-0.099520
-0.099389
-0.099258
-0.099122
-0.098989
-0.098853
-0.098719
-0.098582
-0.098450
-0.098312
-0.098182
-0.098047
-0.097915
-0.097780
-0.097648
-0.097509
-0.097371
-0.097236
-0.097102
-0.096968
-0.096832
-0.096700
-0.096563
-0.096431
-0.096297
-0.096164
-0.096034
-0.095896
-0.095760
-0.095627
-0.095496
-0.095361
-0.095225
-0.095092
-0.094956
-0.094823
-0.094690
