1.979260
2.149352
2.357991
2.981593
9.453592
4.047766
2.560317
1.503361
1.273780
1.244956
0.290514
0.397491
1.031675
0.903083
0.773697
0.866702
0.913216
0.997638
0.992001
0.998858
1.041815
1.125828
1.104061
1.094131
1.308612
1.938168
-0.324648
-2.333184
-6.287590
-14.151938
-17.308968
-12.343963
-8.290718
-5.034678
-3.677719
-1.687708
-0.308834
0.181692
0.207213
1.088563
2.155634
2.294348
2.008831
1.907812
1.812819
1.783685
1.669006
1.578092
1.515343
1.524017
1.475341
1.471159
1.426943
1.435403
1.903759
1.990793
2.161682
2.228722
2.269202
2.222457
2.171063
2.107305
2.100649
2.031273
1.948790
1.878210
1.826049
1.793452
1.733334
1.698853
1.620577
1.589079
1.555200
1.512882
1.474767
1.452545
1.419893
1.398412
1.383658
1.355138
1.324381
1.293247
1.272132
1.246904
1.221108
1.201346
1.187305
1.178660
1.154904
1.144311
1.120679
1.105326
1.077468
1.059196
1.048724
1.037276
1.020769
1.007565
0.996182
0.993123
0.982437
