0.279266
0.279270
0.279286
0.279315
0.279340
0.279393
0.279467
0.279580
0.279712
0.279878
0.280057
0.280267
0.280521
0.280791
0.281072
0.281345
0.281667
0.282047
0.282389
0.282778
0.283186
0.283595
0.283999
0.284429
0.284843
0.285261
0.285843
0.286265
0.286573
0.286879
0.287185
0.287511
0.287778
0.288022
0.288267
0.288467
0.288617
0.288749
0.288850
0.288936
0.288988
0.288933
0.288809
0.288638
0.288470
0.288249
0.288033
0.287905
0.287784
0.287858
0.288068
0.288242
0.288310
0.288250
0.288168
0.288031
0.287840
0.287701
0.287623
0.287619
0.287711
0.287941
0.288210
0.288505
0.288759
0.289035
0.289334
0.289625
0.289973
0.290387
0.290814
0.291295
0.291802
0.292325
0.292833
0.293321
0.293838
0.294325
0.294814
0.295297
0.295758
0.296174
0.296585
0.296994
0.297361
0.297647
0.297950
0.298203
0.298443
0.298617
0.298771
0.298932
0.299075
0.299202
0.299333
0.299448
0.299549
0.299635
0.299689
0.299761
0.299820
