-0.385766
-0.386355
-0.399747
-0.438505
-0.534017
-0.667923
-0.879768
-1.212442
-1.644345
-2.329242
-3.253181
-4.308219
-5.594310
-6.944656
-8.600965
-10.358888
-11.949205
-12.860889
-13.165325
-13.966871
-14.296550
-14.899878
-15.365839
-16.261694
-17.026976
-18.148489
-19.051014
-20.064648
-23.274725
-27.044420
-28.892262
-30.078890
-28.896763
-29.117851
-28.272318
-27.727219
-28.087700
-28.154398
-27.876204
-27.380655
-26.901388
-26.774475
-27.103283
-26.925341
-26.563473
-25.481443
-23.868124
-21.004461
-16.289396
-9.659821
-1.057162
5.653033
3.936072
-2.315562
-9.018897
-12.985345
-15.359125
-14.666923
-9.401429
-1.323576
8.189147
18.852585
28.689505
32.532761
31.596916
28.944725
27.304216
25.831827
25.360785
26.292986
28.383673
29.757509
31.929260
33.086685
33.330334
32.955803
32.434696
32.412815
32.261208
31.479223
30.890045
29.967073
29.046803
28.565691
28.461252
28.332058
28.513327
28.649504
28.153469
27.198206
25.560482
23.937956
22.451904
20.930487
19.370880
18.184254
16.699986
15.532590
14.189189
13.387490
13.281352
