2.407028
2.255995
2.081310
1.835605
1.587518
1.410507
1.301154
1.081112
1.186131
1.848469
1.575822
1.054975
0.343352
-0.419732
-1.346051
-0.794978
-0.924593
-0.898440
-0.883583
-0.645000
-0.794665
-0.870011
-0.490411
0.339830
0.912835
0.036832
0.859966
0.291417
-0.748149
-0.396066
-1.108042
-1.310776
0.542532
0.392612
-0.083268
-1.071261
3.115590
4.755561
3.112285
2.094834
0.660976
-0.670374
-1.779818
-2.930836
-3.915614
-4.472880
-5.358578
-5.760053
-5.708380
-5.615217
-5.348989
-4.872642
-4.224825
-3.001618
-2.683183
-3.574229
-4.135277
-5.082329
-4.237099
-5.258976
-6.213885
-7.463755
-6.533389
-4.318809
-2.760201
-2.012979
0.006246
2.873136
3.576235
4.195595
4.543529
4.194296
4.363985
1.980088
1.276699
2.589696
4.824129
7.005618
7.873066
7.603643
6.889331
6.455858
7.425722
6.317481
6.783937
6.879674
6.981258
7.097917
7.135155
7.459686
8.322305
8.465617
9.647345
9.372097
9.208889
8.926486
8.479673
8.418752
7.174431
6.727124
6.805012
