0.858925
0.859056
0.859192
0.859329
0.859466
0.859595
0.859572
0.859299
0.858607
0.857573
0.856358
0.854958
0.853393
0.851628
0.849436
0.846850
0.843996
0.840793
0.837310
0.833652
0.829825
0.825849
0.821723
0.817461
0.813063
0.808481
0.803727
0.798774
0.793699
0.788513
0.783299
0.777944
0.772605
0.767270
0.761773
0.756193
0.750425
0.744576
0.738737
0.732954
0.727317
0.721870
0.716575
0.711481
0.706632
0.701988
0.697689
0.693678
0.690065
0.686802
0.683816
0.681067
0.678704
0.676785
0.675080
0.673595
0.672337
0.671280
0.670386
0.669681
0.669128
0.668761
0.668603
0.668504
0.668493
0.668713
0.669132
0.669647
0.670238
0.670906
0.671592
0.672374
0.673145
0.673979
0.674792
0.675615
0.676377
0.677241
0.678005
0.678825
0.679625
0.680430
0.681230
0.682024
0.682843
0.683658
0.684467
0.685279
0.686095
0.686900
0.687702
0.688505
0.689292
0.690111
0.690889
0.691673
0.692446
0.693215
0.693990
0.694764
0.695532
