0.919398
0.970299
1.037443
1.164188
1.279047
1.139477
0.707037
0.372809
0.130103
0.037122
-0.105614
-0.349876
-0.704242
-1.144512
-1.741200
-2.154666
-2.431352
-2.863091
-3.418498
-3.384348
-3.779965
-4.368327
-4.531228
-4.418469
-4.210670
-3.443810
-2.629174
-1.677295
-0.924762
-0.481367
0.081261
1.389442
1.617308
1.889143
2.011858
1.967486
2.054293
2.063594
2.056835
1.955713
1.911367
1.939600
1.921652
2.024095
2.009116
1.953743
1.878182
1.781241
1.791144
1.867660
2.062339
2.259902
2.637553
2.558725
2.764788
2.849555
2.900174
2.804561
2.847417
2.833602
2.806638
2.660045
2.552351
2.428369
2.228098
2.058981
1.973355
1.837703
1.794720
1.698865
1.618806
1.558559
1.481450
1.430050
1.364078
1.275568
1.241688
1.168059
1.134704
1.074840
1.005589
0.968880
0.902809
0.854778
0.812701
0.748042
0.695085
0.566273
0.488092
0.480526
0.510225
0.448070
0.373591
0.389604
0.413614
0.472856
0.597565
0.682818
0.718084
0.650054
0.643648
