0.295455
0.182410
-0.051520
-0.469411
-0.179859
-0.138160
0.233384
1.194024
2.337564
3.450026
4.183142
4.724631
5.206118
4.770590
4.261920
3.739199
3.047877
2.529543
2.354338
2.122049
1.800604
1.602450
1.296388
1.315073
1.357461
1.321435
1.265643
1.243988
1.236680
1.209572
1.148226
1.178775
1.217476
1.189527
1.109269
1.099123
1.080346
1.024244
0.991289
0.912486
0.817748
0.840536
0.803349
0.770222
0.760953
0.847767
0.881154
0.805643
0.767050
0.925806
1.097948
1.270085
1.317874
1.314646
1.376453
1.472756
1.482284
1.508372
1.482818
1.482280
1.448067
1.404835
1.404806
1.366064
1.340437
1.268326
1.210956
1.217809
1.184092
1.105432
0.991031
0.703508
-0.552721
-2.711259
-6.536752
-13.174190
-21.331928
-21.463367
-14.961818
-9.384106
-6.104139
-3.801201
-3.178143
-2.927527
-2.246870
-1.902983
-1.521958
-1.205004
-1.037178
-0.927102
-0.749108
-0.611534
-0.525967
-0.447358
-0.357560
-0.294154
-0.245504
-0.180520
-0.115139
-0.065879
-0.030729
