9.386318
9.197515
9.288651
9.767968
10.432027
10.931235
11.522470
12.235529
12.610218
13.404945
12.833021
12.436040
12.195560
11.927544
11.486147
11.257406
10.733408
10.589612
10.867520
10.887783
10.890151
11.091625
11.117514
10.697866
10.867864
11.147775
10.535766
9.131964
8.641945
10.345101
10.415718
8.190752
6.981347
5.366357
3.976447
3.173258
2.267965
2.834126
1.183885
1.027618
0.790058
1.304190
1.435273
2.021833
2.206331
2.054865
2.880309
3.877013
4.334473
4.484781
4.955539
5.499568
4.206464
4.363386
4.621068
4.504676
3.722520
3.536149
3.082296
2.261488
1.989487
1.701409
1.494841
1.726323
2.517041
2.568645
2.262840
3.117292
3.625403
4.964368
3.252615
3.113778
2.768240
2.674426
2.560647
2.331106
2.199867
2.137517
2.098205
1.614178
1.524472
1.348838
0.794719
0.670893
0.421375
0.471889
0.647182
0.379920
0.298405
0.347439
0.488566
0.537526
0.564633
0.495966
0.509388
0.529628
0.456539
0.510293
0.558163
0.417539
0.310473
