2.324098
2.327610
2.330577
2.334012
2.336906
2.336261
2.341589
2.344389
2.346661
2.355801
2.352532
2.334477
2.307658
2.255273
2.188203
2.131315
2.020625
1.865942
1.760597
1.719062
1.499065
1.647094
2.082244
2.206105
2.412741
2.492526
2.772982
2.952894
3.260288
3.251315
3.274457
3.298265
3.301963
3.221182
3.247304
3.126230
2.758434
2.334399
1.852443
1.734760
1.605164
1.486381
1.582827
1.358643
1.954417
2.133460
2.113703
2.357523
2.625584
2.736556
2.907634
3.213141
3.107473
2.949409
2.923194
2.988431
2.603539
2.844983
3.198461
3.425225
3.588799
4.103555
4.759755
4.853383
4.697859
4.357239
3.981593
3.384786
2.646092
1.446847
0.283324
-0.566058
-2.430705
-2.094615
-1.212957
0.545030
2.317518
3.460907
4.240327
5.784150
6.241638
5.331988
5.239748
4.324985
4.604497
5.416872
6.549698
7.563192
7.114433
6.531733
5.083398
3.344694
0.791860
-0.802136
-2.133688
-3.260691
-2.746932
-1.827842
-0.427340
1.058769
2.832658
