-0.852783
-0.851929
-0.848022
-0.848267
-0.853394
-0.854126
-0.847534
-0.848145
-0.848511
-0.844360
-0.848145
-0.854004
-0.844971
-0.802368
-0.768311
-0.737549
-0.670654
-0.637207
-0.590454
-0.577148
-0.523682
-0.504517
-0.464600
-0.423462
-0.398438
-0.340332
-0.284424
-0.251343
-0.203369
-0.134644
-0.083130
-0.024170
0.031738
0.086914
0.159790
0.211304
0.253662
0.292603
0.349854
0.423340
0.470337
0.510864
0.558472
0.595215
0.626099
0.666870
0.707642
0.764771
0.769287
0.809448
0.812622
0.829224
0.861572
0.875732
0.904053
0.900024
0.888672
0.930542
0.939941
0.942261
0.933105
0.938599
0.924927
0.939575
0.930176
0.933960
0.969116
0.942505
0.959839
0.952026
0.960083
0.947876
0.959961
0.968628
0.916382
0.914917
0.887329
0.864136
0.878540
0.824829
0.806030
0.759033
0.746582
0.742920
0.683838
0.667969
0.616089
0.571411
0.522705
0.492310
0.457031
0.410889
0.339722
0.276489
0.223755
0.167969
0.075073
0.018066
-0.060059
-0.133545
-0.209351
