-0.442484
-0.448089
-0.557157
-0.737548
-0.862093
-1.077777
-1.172266
-1.305066
-1.454312
-1.579989
-1.817449
-2.046437
-2.227036
-2.513783
-2.889023
-3.040873
-3.191691
-3.385532
-3.462193
-3.548186
-3.653779
-3.806113
-3.951810
-4.131213
-4.129698
-4.115492
-4.344472
-4.404728
-4.555922
-4.591412
-4.465816
-3.699777
-3.103795
-2.019710
-0.697050
0.410796
1.974670
3.054760
3.868238
4.595631
5.101270
5.465361
6.109814
6.498411
6.908445
7.617493
7.810388
7.733920
7.807070
7.735507
7.680483
7.366083
7.514888
7.371519
7.311899
7.220808
7.193548
7.247256
7.133383
6.894480
6.727553
6.543397
6.371674
6.264926
6.153912
5.948491
5.791042
5.526087
5.406387
5.121262
5.147696
4.881392
4.632971
4.441780
4.039065
3.727542
3.505894
3.298621
3.111836
2.948187
2.779359
2.638634
2.557525
2.392729
2.291370
2.208062
2.089175
2.009743
1.916933
1.855810
1.757990
1.647884
1.583104
1.507632
1.445977
1.383207
1.314721
1.233932
1.172728
1.119160
1.077144
