0.610352
1.770020
7.263184
1.953125
-1.159668
4.638672
-0.610352
-3.051758
-1.342773
-2.929688
-1.098633
-0.427246
-2.441406
-1.037598
-2.075195
-0.061035
2.807617
6.408691
11.474609
8.789062
10.986328
7.995605
15.014648
13.244629
8.850098
12.512207
17.456055
17.822266
20.019531
20.874023
21.118164
17.883301
15.136719
15.991211
20.263672
18.920898
19.653320
17.639160
11.413574
8.850098
19.958496
13.854980
10.986328
11.535645
19.592285
27.893066
15.808105
15.014648
16.235352
16.540527
19.165039
13.305664
7.751465
19.470215
4.699707
3.784180
-7.080078
-9.643555
-20.812988
-21.301270
-27.526855
-22.277832
-20.690918
-24.780273
-23.559570
-20.446777
-18.310547
-20.935059
-11.230469
-10.925293
-11.901855
-8.544922
-12.023926
-16.174316
-10.192871
-13.916016
-7.446289
-4.577637
-22.827148
-10.925293
-5.859375
-4.882812
-5.004883
-16.967773
-11.169434
-18.188477
-13.793945
-10.009766
-2.807617
-10.681152
-9.338379
-7.629395
0.366211
1.831055
-0.061035
-2.014160
-2.075195
-1.159668
0.244141
2.197266
-0.305176
