0.063043
0.143676
-0.054682
-0.073069
0.054468
1.514932
0.545693
-1.930218
-3.134501
5.022983
3.277730
6.548686
9.645354
8.866993
3.957982
-2.429990
5.844220
1.316485
-13.197789
-4.352730
10.362684
15.105532
7.149462
3.158578
-11.992755
40.324684
1.132803
-6.370960
-8.058071
-0.604481
7.942241
4.180326
-5.892124
2.432749
11.985399
-2.120261
-5.229840
0.941827
3.864474
1.752023
1.645525
-4.687034
-2.416321
-12.655191
-14.234809
-10.740383
0.322219
-0.513691
-1.600659
-7.401416
4.555194
5.164868
-9.406049
-1.131663
9.888242
6.659676
3.324961
-2.602180
16.121397
10.404362
0.177646
0.179228
10.352853
7.499766
5.745468
4.216649
3.019232
3.352941
3.432210
3.030295
2.594200
2.280436
1.970488
1.795290
1.625795
1.576972
1.459997
1.344673
1.251632
1.181397
1.199098
1.203972
1.211709
1.176677
1.098566
1.041664
1.024105
0.969208
0.934523
0.933713
0.880519
0.850238
0.843309
0.791256
0.766740
0.767692
0.753877
0.738878
0.750578
0.792481
0.771594
