-0.441376
-0.439708
-0.439235
-0.437594
-0.471423
-0.551167
-0.678936
-0.827246
-0.950421
-1.052316
-1.255229
-1.570037
-1.980648
-2.250328
-2.836879
-3.462455
-4.418387
-5.773706
-7.302998
-8.563696
-9.198640
-10.362428
-12.308545
-14.758676
-16.437353
-17.566929
-18.652254
-20.236036
-21.335148
-22.212372
-22.744024
-22.904699
-22.860699
-22.962797
-22.334684
-21.527315
-20.407669
-19.321335
-18.560387
-16.934525
-15.128445
-12.726643
-10.248071
-7.775574
-5.272794
-2.821062
2.883717
8.901798
12.125549
14.675024
18.338089
19.964123
19.404968
19.535675
18.615484
17.742960
16.904524
15.934317
15.947716
15.684029
14.962203
14.453559
13.665832
12.946459
12.301096
11.599474
10.924666
10.171306
9.212015
8.332851
7.657339
6.802696
6.289481
5.949485
5.899064
6.043658
5.750434
5.054026
5.152829
5.168549
3.657019
5.886677
5.688903
4.253631
3.116186
2.906923
2.766199
2.520018
2.478185
2.254971
2.259717
2.171524
2.037744
1.806477
1.751599
1.691845
1.545706
1.411054
1.358537
1.307662
1.176883
