0.696617
1.307262
1.412641
1.224068
0.931426
1.342667
2.492847
1.687077
-0.537408
-3.966246
-5.777003
-10.345355
-15.558581
-19.471857
-10.531538
-2.633004
5.388196
8.294014
1.277599
-14.290179
-45.197258
-79.346176
-105.505333
-64.429832
-18.563402
60.405415
159.308319
212.574478
227.861618
195.096451
98.473061
-17.416443
-153.322433
-222.458084
-265.471527
-246.305847
-130.447784
11.201370
206.700195
271.587189
266.080322
209.580963
-11.437440
47.320557
151.679779
-72.251625
-196.467941
-7.069045
147.484116
35.430492
-132.293045
-149.368622
42.264130
96.800980
-21.454828
-186.513245
1.141063
113.193802
-123.475662
-245.102753
243.641663
-161.808395
-275.271179
164.948654
-146.361313
-61.497131
-13.881476
5.452860
3.061494
2.371991
1.450449
0.648362
0.175198
-0.079237
-0.035038
0.064939
0.197172
0.292809
0.522589
0.467067
0.171340
-0.067856
0.181669
-0.208000
-0.831751
-1.767027
-3.591418
-8.325332
-6.889280
-5.852826
-5.274338
-5.022087
-5.791057
-5.600557
-5.006951
-4.466553
-3.189981
-2.577588
1.824594
28.678621
66.729118
