0.391430
0.382492
0.363740
0.335458
0.295213
0.235526
0.158187
0.108221
0.093454
0.008439
0.013949
-0.236378
-0.526128
-0.676345
-0.693857
-0.796786
-0.896510
-1.237783
-1.334149
-1.334374
-1.185606
-1.030907
-0.902577
-0.880352
-0.859159
-0.865730
-0.674156
-0.523526
-0.103341
0.702303
1.622340
2.434468
3.684592
5.228379
6.727631
7.896700
8.969847
10.351884
12.347733
15.177841
17.481394
18.988094
19.471964
18.816996
17.715479
17.278433
15.932350
14.183646
12.588839
11.102302
9.322836
6.700514
2.610769
-1.892279
-6.574016
-10.053139
-12.845277
-13.466798
-13.421360
-12.211825
-11.088425
-10.918550
-10.503513
-9.589491
-9.426367
-9.011661
-10.324912
-9.387774
-8.233426
-7.565383
-7.206651
-6.687922
-6.751799
-6.232329
-6.476322
-6.300818
-6.004280
-5.670574
-4.637061
-3.771695
-2.843377
-2.151665
-0.575153
1.061485
1.960428
3.221087
3.384936
3.125378
3.359590
3.148071
2.625406
2.436921
2.460809
2.858625
2.014333
1.917273
2.360188
2.078093
1.745767
1.465969
1.898150
