-1.536001
-1.237019
-1.622863
-3.334539
-8.290689
-23.078051
-53.941738
-69.724548
52.429119
184.246643
134.730499
32.748840
-74.063629
-104.193741
-97.495842
-90.733147
-82.890686
-57.913746
57.420952
203.795975
136.678085
-11.444214
-111.225571
-124.060715
-112.420547
-99.694260
-95.124489
-83.104553
16.257097
196.921188
107.634590
-32.714161
-76.640465
-77.364853
-67.672180
-55.501076
-43.953896
-34.636745
-28.521477
-22.033966
-25.448763
-44.153263
-64.471115
-44.284473
99.718224
210.127991
90.213264
-39.195232
-92.038902
-94.430183
-79.138321
-63.420284
-46.700806
-34.897556
-25.239473
-17.595274
-12.107933
-8.843072
-6.547326
-4.767278
-3.612666
-2.853153
-2.276613
-1.899879
-1.627447
-1.450986
-1.062548
-0.994742
-0.512734
-0.005311
0.292579
0.433594
0.470806
0.472065
0.522408
0.555154
0.510767
0.492022
0.465295
0.460160
0.464558
0.491524
0.510711
0.533637
0.541978
0.542274
0.549653
0.531359
0.543089
0.545455
0.533135
0.525607
0.493104
0.494871
0.481637
0.463672
0.471495
0.489292
0.529996
0.535570
0.519543
