1.800742
1.795692
1.781066
1.764872
1.763425
1.772853
1.775809
1.710456
1.698568
1.685606
1.701184
1.692921
1.709772
1.766771
1.738513
1.734512
1.717063
1.705805
1.695868
1.707238
1.708509
1.707893
1.672838
1.663051
1.669890
1.647452
1.673894
1.669667
1.652432
1.622689
1.583142
1.684271
1.647115
1.648691
1.578244
1.459121
1.421645
1.185003
0.776672
1.012204
1.162198
1.832754
1.997519
1.740142
1.640966
0.634410
0.574354
0.363368
0.338691
0.331924
0.463327
0.999995
1.859433
2.317305
2.958247
3.652007
3.865287
4.259766
4.058825
3.875346
3.692905
3.755884
3.643892
3.554848
3.421922
3.431176
3.391471
3.343582
3.263186
3.180105
3.171825
3.084782
3.045613
2.972419
2.602744
2.217578
2.213927
2.116124
2.091132
2.127934
2.164633
2.130525
2.036673
2.001668
1.966594
1.955279
1.923687
1.912355
2.159073
2.175147
2.036562
2.006661
1.966233
1.937844
1.946150
1.965362
1.964990
1.975449
2.036313
2.168829
2.212831
