0.901149
0.901090
0.901044
0.901041
0.901131
0.901253
0.901407
0.901541
0.901614
0.901567
0.901664
0.901637
0.901638
0.902014
0.902472
0.902268
0.900340
0.895481
0.889145
0.884572
0.883663
0.883386
0.881709
0.881209
0.882483
0.880674
0.874843
0.872155
0.872253
0.871554
0.872503
0.871280
0.865521
0.863852
0.861046
0.857875
0.854094
0.850750
0.845966
0.839583
0.833176
0.827819
0.823852
0.819202
0.816340
0.814289
0.812503
0.809553
0.805874
0.800935
0.795019
0.790258
0.787213
0.787120
0.786116
0.777053
0.775768
0.774385
0.772631
0.769913
0.765346
0.759733
0.753743
0.748781
0.745840
0.742378
0.739763
0.736891
0.734613
0.733994
0.733769
0.733782
0.733837
0.733720
0.733837
0.733918
0.734085
0.734512
0.734932
0.735368
0.735840
0.736068
0.736438
0.736732
0.737125
0.737448
0.737791
0.738125
0.738513
0.738905
0.739239
0.739595
0.739966
0.740327
0.740669
0.740994
0.741331
0.741666
0.742024
0.742364
0.742710
