0.826521
0.826619
0.826714
0.826760
0.827151
0.827410
0.827651
0.827850
0.828102
0.828423
0.828673
0.828923
0.829003
0.829026
0.829041
0.828958
0.828840
0.828681
0.828491
0.828291
0.827985
0.827715
0.827384
0.827068
0.826732
0.826475
0.826344
0.826185
0.825939
0.825879
0.825757
0.825586
0.825533
0.825533
0.825447
0.825090
0.824718
0.824274
0.823860
0.823396
0.822888
0.822340
0.821615
0.820862
0.819969
0.819166
0.818247
0.817390
0.816467
0.815537
0.814493
0.813447
0.812298
0.811009
0.809704
0.808278
0.806751
0.805173
0.803436
0.801556
0.799623
0.797578
0.795670
0.793803
0.791964
0.790035
0.788233
0.786337
0.784559
0.782686
0.780681
0.778719
0.776746
0.774790
0.772999
0.771314
0.769756
0.768190
0.766617
0.765247
0.764125
0.763260
0.762508
0.761784
0.761072
0.760406
0.759953
0.759453
0.759032
0.758739
0.758448
0.758196
0.758036
0.757907
0.757842
0.757869
0.757942
0.758004
0.758052
0.758169
0.758389
