0.523439
0.523426
0.523473
0.523479
0.523406
0.523295
0.523239
0.523040
0.522825
0.522478
0.521996
0.521466
0.520842
0.520395
0.520098
0.519907
0.519827
0.519743
0.519764
0.519790
0.519849
0.519943
0.520079
0.520314
0.520442
0.520492
0.520445
0.520168
0.519807
0.519322
0.518649
0.517856
0.517105
0.516196
0.515122
0.513991
0.512911
0.511884
0.510837
0.509770
0.508596
0.507383
0.506247
0.505093
0.503960
0.502778
0.501589
0.500284
0.499103
0.497994
0.496876
0.495819
0.494798
0.493678
0.492605
0.491533
0.490375
0.489149
0.487822
0.486211
0.484482
0.482622
0.480603
0.478448
0.476274
0.474029
0.471570
0.468969
0.466229
0.463397
0.460603
0.457832
0.455191
0.452739
0.450732
0.449082
0.447565
0.445993
0.444352
0.443249
0.442257
0.441257
0.440159
0.439323
0.438864
0.438404
0.438023
0.437668
0.437265
0.437080
0.436843
0.436611
0.436448
0.436369
0.436275
0.436163
0.436038
0.435837
0.435675
0.435593
0.435545
