-0.043636
-0.043592
-0.043558
-0.043522
-0.043473
-0.043421
-0.043401
-0.043368
-0.043301
-0.043224
-0.043093
-0.042878
-0.042708
-0.042591
-0.042468
-0.042385
-0.042373
-0.042336
-0.042343
-0.042306
-0.042364
-0.042389
-0.042370
-0.042324
-0.042343
-0.042336
-0.042360
-0.042381
-0.042398
-0.042411
-0.042458
-0.042529
-0.042654
-0.042792
-0.042949
-0.043122
-0.043268
-0.043392
-0.043464
-0.043512
-0.043478
-0.043599
-0.043710
-0.043717
-0.043810
-0.043921
-0.044027
-0.044158
-0.044262
-0.044368
-0.044472
-0.044602
-0.044753
-0.044894
-0.045046
-0.045155
-0.045313
-0.045464
-0.045648
-0.045832
-0.046000
-0.046160
-0.046324
-0.046503
-0.046591
-0.046762
-0.046881
-0.046967
-0.047117
-0.047197
-0.047254
-0.047273
-0.047306
-0.047339
-0.047398
-0.047426
-0.047447
-0.047470
-0.047494
-0.047507
-0.047525
-0.047549
-0.047570
-0.047590
-0.047606
-0.047623
-0.047643
-0.047665
-0.047684
-0.047705
-0.047725
-0.047739
-0.047762
-0.047781
-0.047803
-0.047820
-0.047839
-0.047856
-0.047874
-0.047894
-0.047910
