0.247257
0.247252
0.247266
0.247319
0.247404
0.247485
0.247607
0.247774
0.247943
0.248136
0.248376
0.248614
0.248856
0.249116
0.249387
0.249643
0.249874
0.250135
0.250351
0.250541
0.250682
0.250810
0.250944
0.251024
0.251077
0.251106
0.251121
0.251119
0.251089
0.251066
0.251012
0.250926
0.250828
0.250751
0.250679
0.250629
0.250590
0.250609
0.250659
0.250760
0.250900
0.251097
0.251312
0.251540
0.251785
0.252051
0.252306
0.252576
0.252848
0.253124
0.253416
0.253694
0.253964
0.254274
0.254540
0.254819
0.255100
0.255360
0.255567
0.255743
0.255898
0.256032
0.256162
0.256259
0.256305
0.256328
0.256352
0.256362
0.256355
0.256358
0.256352
0.256340
0.256335
0.256331
0.256326
0.256320
0.256312
0.256307
0.256299
0.256291
0.256282
0.256275
0.256265
0.256257
0.256247
0.256238
0.256230
0.256218
0.256210
0.256200
0.256192
0.256183
0.256174
0.256167
0.256158
0.256151
0.256142
0.256133
0.256126
0.256117
0.256108
