0.961296
0.961312
0.961327
0.961345
0.961358
0.961361
0.961361
0.961366
0.961371
0.961369
0.961364
0.961366
0.961378
0.961375
0.961388
0.961398
0.961403
0.961323
0.961212
0.961059
0.960858
0.960600
0.960307
0.959977
0.959578
0.959140
0.958652
0.958110
0.957537
0.956899
0.956207
0.955450
0.954640
0.953792
0.952887
0.951948
0.950973
0.949974
0.948938
0.947870
0.946773
0.945670
0.944525
0.943366
0.942179
0.940976
0.939729
0.938459
0.937189
0.935907
0.934659
0.933450
0.932275
0.931136
0.930027
0.928956
0.927954
0.926939
0.925982
0.925056
0.924182
0.923353
0.922575
0.921850
0.921183
0.920568
0.920028
0.919535
0.919088
0.918790
0.918574
0.918423
0.918348
0.918306
0.918287
0.918298
0.918316
0.918353
0.918405
0.918445
0.918488
0.918534
0.918573
0.918614
0.918653
0.918699
0.918735
0.918773
0.918821
0.918872
0.918922
0.918972
0.919018
0.919071
0.919118
0.919159
0.919204
0.919253
0.919302
0.919347
0.919387
