1.980234
1.974582
1.836252
1.683298
1.495739
1.451263
1.645463
1.860166
2.122576
1.902010
1.816176
1.453192
1.484308
1.320769
1.158808
0.935137
0.684574
0.756785
0.782868
1.004946
1.692377
2.348413
2.887975
3.339545
4.122930
4.928747
6.089887
7.157830
8.578032
9.002475
8.533555
7.619732
6.038273
4.017698
1.733691
-0.156969
-1.272749
-1.574659
-2.064314
-1.579410
-1.247559
-0.693729
-0.392252
0.033688
-0.395814
-0.231083
-0.251263
0.034298
0.296568
0.795752
0.821289
1.281654
1.860782
2.338500
3.094415
3.512088
4.127668
4.716213
5.772927
7.429400
9.590061
11.535915
12.024833
12.144378
12.435812
11.730102
10.851406
9.911692
8.963799
7.916145
7.294225
6.636422
5.977530
5.481355
5.133778
4.709499
4.281559
3.984503
3.693150
3.448000
3.180409
2.939821
2.769769
2.637907
2.492531
2.338623
2.198632
2.081662
1.971619
1.814555
1.753558
1.701132
1.608001
1.489421
1.468054
1.451283
1.417266
1.354904
1.311660
1.273783
1.252693
