0.925937
0.925962
0.925988
0.926018
0.926046
0.926074
0.926104
0.926139
0.926174
0.926203
0.926236
0.926261
0.926311
0.926339
0.926368
0.926398
0.926429
0.926425
0.926416
0.926400
0.926361
0.926314
0.926229
0.926134
0.925993
0.925816
0.925577
0.925331
0.925043
0.924748
0.924420
0.924036
0.923620
0.923163
0.922637
0.921988
0.921253
0.920444
0.919501
0.918518
0.917440
0.916236
0.914965
0.913621
0.912084
0.910493
0.908825
0.907085
0.905255
0.903336
0.901330
0.899248
0.897063
0.894709
0.892318
0.889825
0.887279
0.884620
0.881897
0.879060
0.876202
0.873294
0.870343
0.867385
0.864394
0.861393
0.858396
0.855358
0.852295
0.849232
0.846196
0.843112
0.840091
0.837099
0.834179
0.831274
0.828393
0.825572
0.822885
0.820246
0.817702
0.815234
0.812833
0.810511
0.808268
0.806115
0.804100
0.802152
0.800241
0.798427
0.796727
0.795118
0.793543
0.792151
0.790735
0.789512
0.788399
0.787333
0.786339
0.785466
0.784642
