0.931512
0.931531
0.931555
0.931590
0.931613
0.931620
0.931619
0.931617
0.931622
0.931638
0.931655
0.931688
0.931717
0.931758
0.931793
0.931831
0.931848
0.931824
0.931771
0.931740
0.931610
0.931423
0.931243
0.931058
0.930788
0.930482
0.930133
0.929715
0.929256
0.928744
0.928128
0.927481
0.926779
0.926001
0.925138
0.924217
0.923210
0.922075
0.920845
0.919541
0.918139
0.916682
0.915124
0.913454
0.911747
0.909925
0.908007
0.906011
0.903946
0.901811
0.899601
0.897340
0.895012
0.892627
0.890190
0.887661
0.885086
0.882413
0.879702
0.876946
0.874021
0.871064
0.868031
0.864915
0.861755
0.858534
0.855260
0.852010
0.848731
0.845389
0.842044
0.838661
0.835240
0.831877
0.828497
0.825149
0.821849
0.818580
0.815351
0.812134
0.808986
0.805933
0.802951
0.800073
0.797299
0.794687
0.792164
0.789778
0.787529
0.785420
0.783412
0.781564
0.779783
0.778162
0.776598
0.775146
0.773853
0.772651
0.771531
0.770496
0.769592
