4.126696
4.439568
4.918198
5.510657
6.184761
6.928722
7.722339
8.641262
10.308955
11.619104
13.737058
15.093170
16.059105
15.714684
14.803835
14.114911
14.336781
12.911766
11.969909
10.463229
9.858037
9.742679
9.664667
9.631131
9.490455
9.848158
9.443793
9.095634
8.840180
8.605724
8.207209
7.491073
6.781096
6.984922
6.708331
5.586087
5.451632
4.816274
5.773457
5.628945
5.383260
4.393806
4.657778
4.392918
4.044367
4.135507
4.477660
4.154602
4.027926
4.180314
3.570813
2.538196
2.041859
1.986576
1.412354
1.021483
1.184728
1.191239
0.470629
0.430837
0.330077
0.550815
2.098370
5.233992
6.308745
6.789271
7.123069
7.311577
7.217253
7.295046
7.320352
7.380981
6.681729
7.193075
6.734046
6.201598
5.563221
5.662369
4.977147
4.247743
4.244985
3.578864
3.129450
2.851872
2.666556
2.868139
2.710612
2.413013
2.395504
2.522110
2.679547
2.666131
2.706342
2.636498
2.629860
2.805542
2.851656
3.013591
2.946062
2.775411
2.768730
