-0.405186
-0.405648
-0.402729
-0.402188
-0.398289
-0.401487
-0.419551
-0.465783
-0.543242
-0.610843
-0.731941
-0.859793
-1.064774
-1.303091
-1.623547
-2.077182
-2.675635
-3.348315
-3.989192
-4.597978
-5.163212
-6.206166
-5.582057
-5.245306
-5.872531
-7.206265
-8.686236
-11.015436
-14.102834
-17.953285
-21.580744
-24.876385
-27.261288
-28.367414
-30.023335
-30.753080
-31.489544
-31.436161
-31.091982
-30.808123
-30.720112
-30.465933
-29.841404
-29.872961
-29.366323
-28.552280
-27.371395
-26.239630
-23.994904
-22.366381
-20.612366
-19.275959
-17.597881
-15.029724
-13.345035
-12.748214
-11.473717
-10.039274
-8.859101
-7.367307
-4.435853
-0.112973
4.518748
9.469534
12.754910
14.698025
15.542152
17.616987
19.866201
22.916401
25.736820
26.574171
27.871210
28.151258
28.405003
28.985233
30.203333
30.399912
31.650723
33.182899
34.531773
33.844715
31.369816
29.177355
28.589260
27.782150
26.975172
27.207455
26.147457
24.855511
23.491583
22.722736
23.251404
22.758566
22.490614
21.618660
20.639097
19.363209
18.083746
16.239649
14.490520
