0.453670
0.744591
1.504877
1.429521
1.271084
1.511398
2.556606
3.725384
4.437118
5.441343
6.898814
7.840608
8.384122
8.998219
9.449271
9.444984
9.233473
9.167519
8.984501
9.083753
9.366313
9.129497
9.096559
9.496258
10.001115
10.009317
9.489626
8.920227
8.484102
8.269220
7.879384
7.499788
7.103464
6.627122
6.072032
5.459275
4.688232
3.757330
2.940048
2.449414
2.221640
2.149011
2.165787
2.105856
2.052994
1.965193
1.786439
1.757612
1.662078
1.715938
1.638375
1.716670
1.530219
1.466110
1.035012
0.843655
0.656163
0.472449
0.449507
0.354664
0.360754
0.289036
0.188178
0.570584
0.397536
0.483664
0.623132
0.574639
0.837307
0.446380
0.386158
-0.728187
-2.591149
-4.177705
-5.706533
-6.728451
-7.465096
-7.656245
-7.642931
-7.421038
-7.064461
-7.009658
-7.202658
-7.467658
-7.774621
-7.777139
-7.764120
-7.540702
-7.287173
-6.965345
-6.709468
-6.480476
-6.239058
-6.019967
-5.805231
-5.580928
-5.370685
-5.177283
-4.986781
-4.818419
-4.655043
