0.103227
0.171074
0.277378
0.007060
-0.272270
-0.274986
-0.239775
-0.107638
0.153709
0.371326
0.563589
0.005218
-1.002489
-1.829511
-2.443219
-3.098692
-3.571105
-3.612855
-3.676119
-3.811648
-4.147747
-4.507128
-4.882929
-5.071725
-5.249137
-5.503167
-6.226823
-7.202971
-8.127597
-9.099096
-10.183226
-10.392254
-10.450113
-10.628539
-11.322402
-12.081123
-13.242056
-15.389270
-18.081930
-21.233397
-23.615858
-23.946280
-23.195831
-22.224701
-21.215958
-19.985306
-19.011864
-17.815496
-17.276276
-17.131872
-16.683523
-16.428663
-16.438587
-16.566423
-16.231621
-16.062714
-16.040138
-16.433481
-16.207273
-15.858138
-15.492933
-15.000238
-14.253326
-13.734180
-12.987353
-13.308044
-12.612067
-10.362137
-2.975959
7.047760
17.980312
29.046440
35.690472
44.701214
52.275532
52.598087
50.877602
48.847321
45.687637
42.985291
41.954948
39.882080
37.208729
35.028889
34.090622
32.957962
32.039402
30.944136
29.639635
28.002747
26.234390
24.148325
22.388857
20.393850
18.699621
17.246437
15.820883
14.543970
13.360032
12.186347
11.174176
