0.924980
0.925003
0.925020
0.925037
0.925060
0.925077
0.925095
0.925117
0.925147
0.925181
0.925217
0.925261
0.925308
0.925342
0.925371
0.925402
0.925410
0.925408
0.925393
0.925363
0.925321
0.925267
0.925206
0.925139
0.925056
0.924970
0.924862
0.924722
0.924570
0.924354
0.924078
0.923763
0.923434
0.923065
0.922640
0.922159
0.921632
0.921042
0.920390
0.919689
0.918947
0.918106
0.917246
0.916230
0.915153
0.913975
0.912687
0.911270
0.909757
0.908131
0.906425
0.904667
0.902798
0.900863
0.898863
0.896735
0.894522
0.892229
0.889867
0.887405
0.884882
0.882264
0.879591
0.876838
0.874053
0.871228
0.868408
0.865554
0.862704
0.859883
0.857034
0.854209
0.851451
0.848719
0.846090
0.843487
0.840983
0.838555
0.836230
0.834072
0.831989
0.829991
0.828091
0.826363
0.824638
0.823016
0.821441
0.819941
0.818513
0.817168
0.815883
0.814662
0.813514
0.812441
0.811427
0.810495
0.809632
0.808874
0.808226
0.807594
0.807075
