0.091274
0.091308
0.091339
0.091357
0.091378
0.091385
0.091397
0.091386
0.091390
0.091391
0.091392
0.091372
0.091325
0.091373
0.091386
0.091377
0.091377
0.091375
0.091371
0.091355
0.091382
0.091373
0.091344
0.091303
0.091330
0.091317
0.091238
0.091127
0.091062
0.091040
0.090957
0.090863
0.090821
0.090764
0.090723
0.090679
0.090608
0.090534
0.090466
0.090343
0.090219
0.090140
0.089950
0.089780
0.089715
0.089657
0.089591
0.089474
0.089331
0.089179
0.088928
0.088743
0.088562
0.088372
0.088109
0.087897
0.087720
0.087578
0.087412
0.087243
0.087081
0.086841
0.086708
0.086526
0.086357
0.086180
0.086012
0.085829
0.085642
0.085448
0.085270
0.085089
0.084940
0.084796
0.084644
0.084473
0.084307
0.084136
0.083952
0.083777
0.083621
0.083467
0.083305
0.083138
0.082999
0.082868
0.082751
0.082612
0.082486
0.082386
0.082286
0.082207
0.082098
0.081985
0.081883
0.081776
0.081671
0.081555
0.081444
0.081327
0.081204
