0.299456
0.299441
0.299431
0.299433
0.299466
0.299524
0.299634
0.299782
0.299955
0.300180
0.300433
0.300725
0.301029
0.301357
0.301725
0.302109
0.302524
0.302954
0.303416
0.303873
0.304366
0.304854
0.305381
0.305891
0.306461
0.306989
0.307488
0.307980
0.308535
0.309055
0.309573
0.310149
0.310676
0.311197
0.311749
0.312331
0.312914
0.313465
0.314054
0.314619
0.315180
0.315756
0.316364
0.316965
0.317579
0.318185
0.318787
0.319363
0.319952
0.320551
0.321143
0.321752
0.322323
0.322925
0.323541
0.324160
0.324796
0.325406
0.326024
0.326632
0.327271
0.327884
0.328517
0.329145
0.329779
0.330426
0.331131
0.331830
0.332497
0.333169
0.333846
0.334514
0.335168
0.335838
0.336517
0.337130
0.337701
0.338263
0.338811
0.339301
0.339788
0.340243
0.340655
0.341002
0.341325
0.341573
0.341755
0.341904
0.341967
0.342025
0.341939
0.341832
0.341662
0.341473
0.341263
0.341013
0.340750
0.340475
0.340183
0.339898
0.339599
