0.015142
0.015048
0.015107
0.015248
0.015512
0.017262
0.018742
0.019220
0.018684
0.017946
0.017525
0.017274
0.017155
0.017260
0.017327
0.017402
0.017446
0.017549
0.017673
0.017782
0.017930
0.018072
0.018251
0.018379
0.018519
0.018658
0.018826
0.019002
0.019313
0.019586
0.019852
0.020106
0.020388
0.020722
0.021069
0.021423
0.021730
0.022012
0.022342
0.022743
0.023053
0.023353
0.023690
0.024058
0.024380
0.024681
0.025051
0.025419
0.025776
0.026119
0.026405
0.026702
0.026896
0.026889
0.026697
0.026262
0.026235
0.028066
0.030206
0.031365
0.032035
0.032588
0.032780
0.032927
0.033124
0.033268
0.033472
0.033684
0.033903
0.034165
0.034377
0.034596
0.034824
0.035044
0.035273
0.035527
0.035755
0.035998
0.036217
0.036458
0.036733
0.036980
0.037213
0.037485
0.037720
0.037952
0.038199
0.038415
0.038695
0.038917
0.039172
0.039416
0.039649
0.039888
0.040119
0.040349
0.040606
0.040857
0.041072
0.041286
0.041495
