2.783570
2.689359
2.975305
3.659289
6.412106
9.126594
1.752687
-4.028276
-5.964456
-7.327587
-5.622846
-5.997207
-6.312365
-5.736844
-4.813422
-5.000122
-4.836871
-4.643675
-4.160106
-3.508051
-2.865454
-2.501402
-2.063403
-1.939745
-1.762591
-1.740781
-1.517058
-1.440481
-1.276075
-0.913598
-0.484057
-0.587975
-0.651918
-0.631944
-0.574019
-0.569517
-0.528887
-0.304185
-0.200902
-0.301130
-0.349374
-0.341923
-0.261647
-0.381764
-0.391321
-0.247862
-0.183700
-0.164383
-0.130094
-0.009379
0.214012
0.217525
0.286533
0.888430
-0.155449
-1.423983
-5.725658
-9.788572
-9.472342
-9.031532
-7.547611
-4.944228
-2.729646
-1.039921
-0.584047
-0.700728
-0.779040
-0.490726
0.070219
-0.077146
-0.038988
-0.269232
-0.155645
-0.104845
-0.159784
-0.356803
-0.315507
-0.087352
0.153025
0.175953
0.166284
0.294592
0.320060
0.346173
0.435816
0.684231
0.823083
0.658406
0.552371
0.486074
0.478120
0.509465
0.501117
0.546249
0.611966
0.526705
0.456890
0.467033
0.483009
0.390319
0.587468
