0.088370
0.088380
0.088384
0.088333
0.088276
0.088209
0.088140
0.088076
0.087981
0.087897
0.087755
0.087742
0.087577
0.087409
0.087255
0.087128
0.086968
0.086757
0.086515
0.086236
0.086001
0.085760
0.085493
0.085211
0.084891
0.084548
0.084228
0.083929
0.083634
0.083310
0.082950
0.082593
0.082205
0.081920
0.081563
0.081301
0.081144
0.080889
0.080686
0.080304
0.079833
0.079472
0.079078
0.078514
0.077983
0.077340
0.076921
0.076354
0.075780
0.075452
0.075027
0.074632
0.074182
0.073622
0.073279
0.072663
0.071617
0.071217
0.070732
0.070343
0.070128
0.069910
0.069710
0.069604
0.069565
0.069677
0.069831
0.070066
0.070293
0.070555
0.070852
0.071220
0.071569
0.071896
0.072275
0.072290
0.072188
0.072152
0.072093
0.072046
0.071998
0.071968
0.071951
0.071906
0.071875
0.071874
0.071875
0.071893
0.071957
0.071944
0.071980
0.071993
0.071877
0.071754
0.071946
0.072070
0.072130
0.072238
0.072351
0.072403
0.072446
