0.492480
0.535644
0.674938
0.922676
1.206104
1.355244
1.095417
0.812951
0.621764
0.879648
0.783939
1.053428
0.046392
0.277085
0.414878
0.286078
0.122014
0.230356
0.764761
1.523213
1.688267
1.496772
1.550967
1.650048
1.970922
2.230551
2.473483
2.475050
2.404352
2.612273
2.703806
2.894724
2.990714
3.100070
3.586419
3.465696
3.076507
3.746193
6.633814
6.203290
6.988632
9.693650
7.173125
11.814939
12.882742
5.019022
5.677534
0.872794
-2.177894
-3.040681
-1.418808
-0.031898
-0.501159
1.348677
4.236689
5.237957
18.355124
19.684870
4.518709
4.859431
5.606818
4.991126
4.316168
4.908728
4.050638
1.718804
2.094443
0.781501
1.243060
2.081733
1.926755
2.224066
2.665391
3.471484
4.009451
4.574431
17.233486
16.493240
13.979381
12.146638
8.820065
7.674655
7.168152
3.825669
3.521024
3.333587
3.668834
2.710362
1.749828
1.063089
1.809082
1.611205
1.400218
1.959605
2.375728
3.784915
4.488319
1.458567
-1.705184
-1.885653
-0.334564
