-0.059614
-0.065219
-0.075223
-0.112092
-0.176418
-0.277504
-0.376523
-0.576632
-0.861669
-1.258327
-1.728742
-2.474536
-3.558671
-4.837759
-6.425059
-8.235013
-9.167939
-9.221274
-9.059756
-8.872205
-9.024754
-9.435946
-9.644484
-9.606954
-9.444574
-9.320342
-9.244639
-8.738866
-8.080462
-7.576939
-7.324645
-6.203699
-5.000839
-4.091832
-2.458126
0.681366
3.369020
7.403289
13.090206
16.237028
16.637547
17.007589
15.782186
15.031775
14.431685
13.768878
13.233071
12.529986
11.950569
11.297996
10.096324
8.950735
8.587818
7.960652
9.838102
14.778419
17.030333
19.526527
18.568993
16.497595
14.609462
12.660244
10.921032
9.196098
8.822701
9.119458
8.884576
8.145938
8.281374
8.260070
8.025171
7.650769
7.179915
5.708249
5.651161
5.392263
5.356959
5.304263
5.115366
5.018667
4.719599
4.284130
3.818380
3.600977
3.313403
3.073795
3.087550
2.817787
2.564797
2.278703
2.281054
1.164008
0.598755
0.916573
1.411362
1.550417
1.477929
1.848282
1.900159
1.874510
1.660439
