2.051453
2.051728
2.015542
1.974480
1.953436
1.929463
1.880500
1.867305
1.807981
1.785361
1.748860
1.734855
1.717701
1.712533
1.729158
1.753925
1.714578
1.714500
1.685600
1.642193
1.637886
1.653664
1.667473
1.649006
1.642916
1.624925
1.650234
1.655411
1.703463
1.683220
1.726123
1.712292
1.675255
1.690424
1.635855
1.632278
1.626940
1.790906
1.754613
1.757985
1.670307
1.608944
1.480267
1.428417
1.155965
1.050995
0.829155
0.658811
0.649391
0.942614
0.915405
1.104197
1.065809
1.021899
0.729429
0.592133
0.618382
0.670260
0.754282
1.554352
1.906757
2.400876
2.974679
3.265984
3.440338
3.603939
2.817754
2.858724
2.789872
2.857615
2.830533
2.702905
2.762888
2.599384
2.399183
2.173248
2.077587
1.534169
1.506384
1.638544
1.630362
1.545865
1.501919
1.487291
1.853114
1.854819
1.881965
1.835359
1.786970
1.590979
1.583605
1.442304
1.426831
1.489218
1.570551
1.621783
1.670264
1.665244
1.771489
1.790009
1.823504
