0.602461
0.715741
0.833328
0.965955
1.145477
1.271600
1.483053
1.762391
1.996187
2.208746
2.561610
2.643785
2.493670
2.316939
1.841724
1.656024
1.540706
1.631852
1.698785
1.668185
1.602293
1.346856
1.115983
0.647962
0.384263
0.118839
-0.015809
-0.145093
-0.349131
-0.679234
-1.007863
-1.271989
-1.649535
-1.783911
-2.218863
-2.735920
-2.927139
-3.070494
-3.116056
-3.064900
-3.306273
-3.543198
-3.629803
-3.625378
-3.810820
-4.093734
-4.108212
-3.941386
-3.704152
-3.357739
-2.987684
-2.809261
-2.741988
-2.612185
-2.243381
-1.746951
-1.396122
-0.731645
-0.246978
0.180872
0.689394
1.075698
1.281900
1.427693
1.619073
1.834684
1.998613
2.121391
2.162753
2.164579
2.233727
2.285402
2.269792
2.192285
2.211300
2.068512
1.895910
1.817847
1.736943
1.740799
1.655381
1.662214
1.615883
1.652897
1.663653
1.654633
1.633867
1.480170
1.362908
1.310593
1.207879
1.081661
0.985108
0.912448
0.859205
0.786219
0.683934
0.612846
0.570652
0.534473
0.482674
