2.274152
2.544345
2.911018
3.367443
3.722259
3.975399
4.064697
4.243756
4.335444
4.296678
4.357031
4.379433
4.317306
4.246778
4.067096
4.055766
4.092437
4.220922
4.430234
4.376749
4.407552
4.118490
3.860464
3.590487
3.003620
1.817399
-0.244160
-3.409255
-7.932794
-12.240815
-17.098722
-12.878159
-7.460829
-0.627960
7.589048
16.532984
24.155624
29.853867
31.293337
27.115314
22.096968
16.252691
11.161569
6.365230
3.348559
1.922956
-0.653047
-3.060246
-3.341088
-2.771279
-1.804683
-1.299696
-0.212512
0.666957
2.298416
3.689370
4.653282
6.378774
6.522611
6.450120
6.730767
7.445909
7.609972
7.669745
7.475440
7.170193
6.705836
6.615961
6.533125
6.500596
6.540650
6.464059
6.495600
6.150615
6.040175
6.207028
6.404271
6.260870
5.974064
5.869631
5.665102
5.452933
5.149931
4.730888
4.352505
3.900178
3.533033
3.198839
2.946055
2.784799
2.556720
2.422802
2.222761
2.012629
1.789215
1.716206
1.681122
1.634109
1.553169
1.486633
1.336719
