0.891332
0.891114
0.890814
0.890296
0.889503
0.888716
0.888022
0.887390
0.887041
0.886686
0.886597
0.886351
0.886170
0.885695
0.884714
0.883827
0.883061
0.882463
0.881802
0.881274
0.881541
0.881799
0.881385
0.880275
0.879457
0.878592
0.877956
0.877448
0.876688
0.876182
0.876372
0.876778
0.876338
0.875487
0.874538
0.873681
0.872924
0.872292
0.871649
0.870960
0.870289
0.869627
0.868730
0.868043
0.867175
0.866644
0.867254
0.867111
0.866720
0.865985
0.865206
0.864267
0.863525
0.862924
0.862291
0.861676
0.861073
0.860474
0.859873
0.859253
0.858648
0.858038
0.857447
0.856853
0.856251
0.855660
0.855078
0.854478
0.853893
0.853333
0.852730
0.852149
0.851570
0.850978
0.850381
0.849789
0.849212
0.848653
0.848095
0.847533
0.846967
0.846420
0.845865
0.845306
0.844748
0.844185
0.843625
0.843064
0.842496
0.841935
0.841368
0.840809
0.840241
0.839677
0.839115
0.838544
0.837977
0.837411
0.836851
0.836282
0.835700
