-0.317032
-0.317369
-0.317709
-0.318060
-0.318427
-0.318807
-0.319203
-0.319603
-0.320004
-0.320414
-0.320828
-0.321350
-0.321932
-0.322683
-0.323325
-0.323715
-0.323592
-0.322828
-0.320893
-0.318233
-0.315528
-0.313873
-0.313743
-0.314548
-0.315354
-0.316157
-0.316750
-0.316458
-0.314404
-0.310963
-0.307509
-0.305532
-0.305530
-0.306000
-0.306768
-0.307591
-0.308183
-0.308165
-0.306260
-0.302572
-0.298163
-0.296594
-0.297008
-0.297819
-0.298848
-0.300086
-0.301325
-0.302492
-0.303637
-0.304776
-0.306027
-0.306986
-0.307495
-0.307043
-0.304041
-0.299213
-0.295635
-0.295049
-0.295287
-0.295960
-0.297178
-0.298556
-0.299853
-0.301123
-0.302369
-0.303626
-0.304886
-0.306149
-0.307432
-0.308695
-0.309961
-0.311224
-0.312492
-0.313763
-0.315027
-0.316305
-0.317566
-0.318855
-0.320090
-0.321372
-0.322658
-0.323934
-0.325224
-0.326515
-0.327801
-0.329076
-0.330351
-0.331622
-0.332887
-0.334176
-0.335436
-0.336720
-0.337967
-0.339256
-0.340555
-0.341842
-0.343128
-0.344402
-0.345688
-0.346983
-0.348253
