-0.696960
-0.956549
-1.232340
-1.590499
-1.990368
-2.340756
-2.707834
-3.069055
-3.593743
-4.491841
-4.968621
-5.753754
-6.167787
-6.798783
-6.709484
-7.232097
-7.978594
-8.691668
-9.271345
-9.864977
-10.509577
-11.114415
-11.618364
-12.021636
-12.731514
-13.524628
-14.268262
-15.240495
-16.160664
-16.959135
-18.009224
-18.969793
-19.809473
-20.458645
-21.017279
-21.341616
-21.155916
-20.602919
-20.590084
-20.876429
-21.353689
-21.796171
-21.414057
-20.909264
-21.040676
-21.169285
-20.816908
-20.598471
-20.541460
-20.744862
-20.686764
-20.208832
-19.515915
-17.560326
-14.248147
-9.338564
-3.436698
3.660849
8.934349
13.134207
16.490812
19.001694
20.017235
21.178913
22.773838
23.117374
23.135548
23.085064
22.774616
22.472961
22.199850
22.104874
21.944439
21.772152
21.270531
20.780928
20.344477
19.807642
19.114679
18.416132
17.960947
17.422760
17.016050
16.726816
16.526945
16.419039
16.344540
16.286510
16.246128
15.983625
15.818467
15.700806
15.556383
15.494745
15.388339
15.127737
14.868214
14.469536
14.456327
14.496971
14.251856
