3.252201
2.950935
2.721539
2.649398
2.686697
2.723706
2.765978
3.800044
4.370546
5.310358
6.608735
8.316484
10.357624
14.043801
16.226683
16.104319
15.277237
13.993550
15.792309
15.415233
15.219505
15.669514
15.157202
15.956655
16.317810
17.388897
16.696522
16.012531
15.470610
14.649350
14.432305
14.147096
13.417109
11.209992
10.638194
9.897961
9.025024
8.937477
7.855282
7.221812
6.783937
6.513111
6.011329
5.543269
5.121194
5.267902
4.731695
4.112426
4.063488
4.254965
3.878895
3.252953
3.125328
3.302961
3.014131
2.585814
2.288473
2.065227
1.849630
1.704970
1.606545
1.246926
1.138368
0.905356
0.707612
0.746084
0.813035
0.370852
0.615128
0.503950
0.287354
0.161664
0.088451
0.401784
0.415358
0.260367
0.131646
0.294502
-0.129604
-0.274021
-0.486712
-0.859691
-1.178904
-1.529934
-2.245992
-2.762111
-2.630608
-2.478870
-2.476718
-2.670519
-2.992667
-4.518767
-4.732212
-4.876260
-6.797683
-7.077198
-6.393608
-6.297780
-5.955186
-5.640046
-5.585840
