0.879816
0.879770
0.879748
0.879742
0.879758
0.879765
0.879773
0.879778
0.879788
0.879800
0.879772
0.879378
0.878613
0.877335
0.875507
0.873345
0.870735
0.867485
0.864193
0.860748
0.857233
0.853639
0.849982
0.846097
0.841974
0.837715
0.833364
0.828916
0.824273
0.819480
0.814537
0.809444
0.804220
0.798836
0.793303
0.787642
0.781818
0.775863
0.769762
0.763559
0.757272
0.750873
0.744384
0.737834
0.731324
0.724749
0.718144
0.711511
0.704856
0.698216
0.691545
0.684839
0.678032
0.671124
0.664128
0.657133
0.650053
0.642816
0.635436
0.628088
0.620489
0.612803
0.605096
0.597210
0.589147
0.581054
0.573065
0.565150
0.557282
0.549493
0.541864
0.534184
0.526810
0.519524
0.512375
0.505401
0.498540
0.492212
0.486080
0.480111
0.474327
0.468924
0.463743
0.458718
0.453881
0.449171
0.445080
0.441212
0.437610
0.434329
0.431625
0.429123
0.426923
0.425523
0.425122
0.425034
0.425120
0.425339
0.426823
0.428538
0.430281
