0.835612
0.835626
0.835659
0.835696
0.835725
0.835746
0.835769
0.835801
0.835844
0.835889
0.835925
0.835938
0.835946
0.835958
0.835968
0.835968
0.835973
0.835925
0.835802
0.835612
0.835352
0.834960
0.834444
0.833827
0.833138
0.832309
0.831390
0.830440
0.829222
0.827864
0.826445
0.824972
0.823430
0.821749
0.819930
0.817992
0.815911
0.813709
0.811341
0.808849
0.806219
0.803476
0.800523
0.797406
0.794163
0.790787
0.787273
0.783648
0.779804
0.776062
0.772206
0.768237
0.764112
0.759918
0.755786
0.751822
0.747952
0.744205
0.740581
0.737052
0.733791
0.730549
0.727584
0.724976
0.722849
0.720903
0.719099
0.717192
0.715068
0.712721
0.709695
0.706394
0.702850
0.699119
0.695195
0.691179
0.687214
0.683279
0.679290
0.675417
0.671642
0.668042
0.664459
0.660960
0.657596
0.654439
0.651413
0.648652
0.646337
0.644382
0.642804
0.641739
0.640667
0.639826
0.639219
0.638804
0.638400
0.638185
0.637795
0.637378
0.637235
