-0.464629
-0.470185
-0.468114
-0.493248
-0.521666
-0.578816
-0.675582
-0.802640
-0.879868
-1.018966
-1.142631
-1.334820
-1.598587
-1.834695
-1.960115
-2.291445
-2.537066
-2.836723
-3.147436
-3.646918
-4.281768
-5.476613
-5.957318
-6.647460
-7.205734
-7.828959
-7.786396
-8.308035
-9.261138
-10.302510
-11.132775
-12.202317
-12.335140
-12.513185
-13.006880
-13.672230
-14.768862
-15.371647
-15.639617
-15.215943
-15.156638
-15.321964
-15.377806
-15.625692
-15.013822
-16.615541
-16.850950
-17.364271
-17.828295
-16.714785
-16.472284
-15.699059
-14.950523
-14.182047
-14.003584
-13.795562
-13.842172
-13.690082
-13.538343
-14.088958
-14.436852
-14.405942
-13.427901
-12.647548
-11.502689
-10.642916
-9.602734
-8.546423
-7.818781
-7.323298
-6.459979
-5.648386
-5.010818
-3.967426
-1.226582
1.684161
3.894876
5.922307
9.154430
12.195756
14.677114
16.228548
16.527143
16.825603
17.073452
17.902256
18.594095
18.934990
18.825676
18.480457
18.693207
19.973223
19.993700
20.131220
20.939728
21.400949
22.221493
23.802649
25.221046
25.510767
24.696114
