0.931083
0.931104
0.931136
0.931170
0.931199
0.931226
0.931250
0.931293
0.931321
0.931346
0.931371
0.931402
0.931423
0.931430
0.931417
0.931414
0.931387
0.931332
0.931256
0.931146
0.930950
0.930710
0.930414
0.930085
0.929725
0.929307
0.928849
0.928349
0.927823
0.927240
0.926619
0.925945
0.925203
0.924425
0.923580
0.922630
0.921632
0.920578
0.919471
0.918291
0.917022
0.915739
0.914382
0.912949
0.911450
0.909866
0.908211
0.906464
0.904639
0.902732
0.900775
0.898704
0.896583
0.894402
0.892119
0.889763
0.887313
0.884824
0.882284
0.879649
0.876976
0.874238
0.871473
0.868637
0.865741
0.862783
0.859785
0.856769
0.853678
0.850586
0.847407
0.844229
0.840998
0.837755
0.834508
0.831220
0.827969
0.824710
0.821481
0.818305
0.815169
0.812103
0.809073
0.806052
0.803117
0.800259
0.797455
0.794727
0.792076
0.789482
0.786943
0.784532
0.782392
0.780325
0.778410
0.776597
0.774927
0.773402
0.772029
0.770836
0.769685
