1.533344
1.444352
1.354314
1.211818
1.010712
0.782309
0.553780
0.315264
0.098661
-0.069695
-0.011124
0.029655
0.169003
0.266364
0.103945
0.060449
0.397602
0.570667
0.741499
1.172140
1.346942
1.167056
1.419189
2.947903
2.911361
3.088043
2.873472
2.929264
2.891288
2.966075
2.628664
2.616288
2.375456
1.796285
1.807727
2.163077
2.278340
2.360416
1.749212
2.011743
2.179232
1.721672
1.606052
1.070113
0.549721
-0.737189
-0.801373
-1.162261
-1.781516
-2.315293
-3.015147
-3.630519
-3.591741
-3.523938
-4.212390
-3.987045
-3.717672
-3.552294
-3.317384
-3.013821
-2.685215
-2.111082
-1.458505
-0.768591
-0.013275
0.630574
1.547939
2.601395
2.965092
4.394676
4.601462
4.662441
4.650791
5.622248
4.967504
4.941024
5.448054
5.043727
4.642482
4.091362
5.097954
4.895357
4.866501
4.594251
4.326468
3.814094
3.651887
3.300203
3.344282
3.592898
3.653498
3.546623
3.421917
3.676593
3.675797
3.751383
3.900577
3.916005
3.805463
3.503183
3.712672
