-0.368682
-0.400352
-0.433999
-0.543413
-0.661673
-0.776749
-0.974585
-1.234638
-1.612388
-2.289004
-3.086352
-4.038372
-5.011980
-5.859131
-6.697024
-7.714779
-8.641479
-9.337946
-9.987707
-10.730956
-11.234981
-11.972100
-12.574547
-12.722500
-12.955922
-13.484718
-13.948233
-14.236179
-14.543845
-14.560082
-14.467827
-14.385861
-14.877631
-15.361792
-15.996315
-16.568575
-17.016022
-17.242754
-17.654045
-17.653034
-17.621092
-17.780069
-17.532553
-17.577700
-17.777046
-17.802881
-17.717976
-17.307056
-16.996393
-16.713697
-15.959275
-15.192862
-14.537082
-13.872360
-12.975451
-11.921480
-11.091418
-9.470758
-7.446396
-5.000217
-2.702776
-0.617372
1.479571
3.801756
5.783351
7.317811
8.939437
10.490949
11.748688
12.647141
13.861443
14.777803
15.645963
16.308367
16.661196
16.898474
17.178148
17.323725
17.201611
17.043814
17.092838
17.417471
17.992693
18.546530
18.784744
18.666386
18.776772
19.158726
19.694435
19.804588
19.544451
19.201525
18.902128
18.607899
18.589560
19.025152
18.927477
18.832148
18.921827
19.144342
18.904285
