0.283809
0.283835
0.283861
0.283889
0.283944
0.284012
0.284111
0.284248
0.284389
0.284547
0.284781
0.284958
0.285158
0.285396
0.285644
0.285908
0.286190
0.286499
0.286812
0.287141
0.287497
0.287867
0.288246
0.288662
0.289092
0.289534
0.289990
0.290468
0.290979
0.291475
0.291971
0.292477
0.292983
0.293491
0.294003
0.294528
0.295048
0.295490
0.295962
0.296418
0.296773
0.297146
0.297487
0.297792
0.298047
0.298265
0.298456
0.298626
0.298750
0.298805
0.298836
0.298802
0.298708
0.298563
0.298363
0.298179
0.298034
0.297968
0.297897
0.297896
0.297975
0.298095
0.298211
0.298331
0.298547
0.298791
0.299076
0.299345
0.299673
0.300061
0.300484
0.300958
0.301424
0.301923
0.302403
0.302961
0.303539
0.304161
0.304745
0.305355
0.305951
0.306567
0.307159
0.307740
0.308337
0.308940
0.309542
0.310107
0.310689
0.311262
0.311827
0.312336
0.312877
0.313403
0.313911
0.314386
0.314847
0.315301
0.315738
0.316171
0.316576
