0.928023
0.928059
0.928086
0.928104
0.928119
0.928135
0.928158
0.928180
0.928203
0.928230
0.928258
0.928291
0.928305
0.928351
0.928375
0.928393
0.928384
0.928367
0.928323
0.928264
0.928165
0.928054
0.927923
0.927781
0.927633
0.927484
0.927292
0.927077
0.926831
0.926564
0.926256
0.925864
0.925501
0.925113
0.924679
0.924237
0.923750
0.923184
0.922585
0.921903
0.921158
0.920323
0.919371
0.918358
0.917257
0.916037
0.914765
0.913394
0.911836
0.910289
0.908644
0.906925
0.905092
0.903139
0.901086
0.898935
0.896714
0.894396
0.891978
0.889483
0.886880
0.884248
0.881490
0.878703
0.875809
0.872814
0.869794
0.866674
0.863556
0.860426
0.857289
0.854123
0.850874
0.847612
0.844365
0.841140
0.837911
0.834677
0.831458
0.828262
0.825227
0.822217
0.819325
0.816499
0.813790
0.811153
0.808797
0.806476
0.804317
0.802236
0.800231
0.798317
0.796533
0.794810
0.793192
0.791669
0.790277
0.788971
0.787745
0.786575
0.785534
