0.229091
0.228776
0.228461
0.228159
0.227997
0.227755
0.227452
0.227011
0.226597
0.226184
0.225812
0.225377
0.224520
0.224095
0.223534
0.222537
0.221937
0.220854
0.220514
0.220490
0.220405
0.220419
0.220251
0.219790
0.218681
0.217611
0.216422
0.215354
0.214479
0.213693
0.213205
0.213345
0.213596
0.213683
0.213409
0.212984
0.212034
0.210864
0.209865
0.209115
0.208608
0.208334
0.208530
0.208768
0.208927
0.208652
0.207516
0.206335
0.204810
0.203590
0.202530
0.201906
0.201585
0.201437
0.201073
0.200693
0.199981
0.198873
0.197760
0.196364
0.195231
0.194292
0.193503
0.192965
0.193004
0.192836
0.192403
0.191688
0.190708
0.189078
0.187545
0.186380
0.185484
0.185249
0.185100
0.185142
0.184348
0.182969
0.181640
0.180849
0.180078
0.179542
0.179685
0.179931
0.179983
0.179964
0.179547
0.179362
0.178878
0.178171
0.177322
0.176706
0.176268
0.175934
0.175562
0.175181
0.174950
0.174733
0.174382
0.174065
0.173660
