0.790576
0.789822
0.789144
0.788403
0.787698
0.786952
0.786282
0.785964
0.785927
0.785881
0.785216
0.784861
0.785058
0.785155
0.784795
0.784754
0.785099
0.785796
0.786047
0.785917
0.785920
0.786527
0.787066
0.787358
0.787407
0.787290
0.787359
0.787875
0.788619
0.789141
0.789372
0.789308
0.789297
0.789769
0.790055
0.790058
0.789743
0.789899
0.790286
0.790866
0.791202
0.790807
0.790257
0.790772
0.791054
0.790801
0.790380
0.789926
0.789817
0.789971
0.789630
0.789000
0.788323
0.787933
0.787285
0.786567
0.785569
0.784833
0.784446
0.783961
0.783418
0.783014
0.783105
0.783042
0.782804
0.782564
0.782230
0.781884
0.781592
0.781188
0.781130
0.781448
0.781760
0.781850
0.781892
0.782238
0.782671
0.782970
0.783005
0.783053
0.783451
0.783671
0.783772
0.783757
0.783700
0.783535
0.783377
0.783023
0.782548
0.781914
0.781256
0.780712
0.780194
0.779562
0.778803
0.777909
0.777112
0.776427
0.775654
0.774851
0.773904
