-0.147376
-0.143450
-0.139500
-0.135506
-0.131487
-0.127463
-0.123436
-0.119390
-0.115330
-0.111233
-0.107111
-0.102933
-0.098582
-0.094414
-0.090211
-0.086126
-0.082212
-0.078172
-0.074048
-0.070218
-0.066194
-0.062964
-0.059895
-0.056626
-0.053881
-0.051411
-0.048718
-0.046328
-0.044177
-0.042626
-0.041886
-0.041354
-0.040512
-0.039664
-0.039505
-0.039361
-0.039637
-0.039930
-0.040058
-0.040324
-0.040951
-0.041941
-0.043090
-0.044429
-0.045744
-0.047153
-0.048674
-0.050361
-0.052050
-0.053839
-0.055275
-0.057078
-0.059026
-0.061037
-0.062867
-0.064740
-0.066664
-0.068911
-0.071332
-0.073708
-0.076375
-0.079251
-0.082230
-0.085247
-0.088363
-0.091518
-0.094639
-0.097755
-0.100941
-0.103975
-0.106932
-0.109818
-0.112748
-0.115383
-0.117999
-0.120586
-0.123124
-0.125424
-0.127630
-0.129794
-0.131831
-0.133758
-0.135455
-0.136428
-0.137081
-0.137636
-0.137628
-0.137145
-0.136354
-0.135253
-0.133846
-0.131392
-0.128235
-0.124789
-0.121058
-0.117011
-0.112902
-0.108595
-0.103976
-0.099288
-0.094818
