2.301638
3.151293
3.894907
4.758789
3.245096
-1.247788
-8.234090
-14.974693
-15.672552
-11.481862
-1.726302
14.500198
19.764473
13.419697
-8.594939
-27.065416
-36.254589
-34.012886
-14.546744
15.720949
41.605740
41.614346
41.071362
30.981615
14.574169
-8.168519
-33.750435
-50.837929
-38.643700
-14.766117
12.032338
36.304287
48.004105
45.653557
32.203201
12.174951
-9.249562
-27.534737
-38.536518
-34.259415
-11.299972
25.331268
60.469231
60.821960
55.325600
38.061893
14.204887
-11.175270
-22.947012
-17.666119
-6.006355
9.090738
24.010197
29.793282
25.094347
20.426851
10.012156
-3.449918
-16.125010
-26.986805
-35.236603
-28.915510
-10.115089
8.894768
20.804932
26.481178
14.002406
-2.085172
-17.768366
-29.469572
-29.432636
-21.304276
0.600701
23.998285
15.964771
-6.832166
-25.667439
-41.288494
-52.102055
-47.587837
-29.847733
-2.824589
26.378759
38.110531
32.271523
23.356770
6.797266
-11.390874
-18.069513
-14.752047
-6.145122
5.885855
18.227301
29.415314
36.820686
33.450874
21.974613
10.681658
7.944882
7.547547
5.204805
