0.214460
0.214597
0.215628
0.216929
0.218412
0.220316
0.222534
0.225124
0.228424
0.231465
0.234193
0.237193
0.239385
0.241381
0.243189
0.244648
0.245858
0.246780
0.247033
0.246580
0.246179
0.245157
0.244050
0.242346
0.240695
0.238839
0.236630
0.235382
0.234246
0.233428
0.233697
0.234380
0.235470
0.237562
0.240342
0.242895
0.245873
0.248946
0.252373
0.255687
0.258791
0.261877
0.264648
0.267325
0.269415
0.271141
0.272500
0.274068
0.275383
0.276713
0.277989
0.279198
0.280452
0.281539
0.282808
0.283862
0.284896
0.285835
0.286765
0.287743
0.288769
0.289711
0.290744
0.291572
0.292443
0.293293
0.294150
0.294964
0.295746
0.296575
0.297373
0.298175
0.298959
0.299769
0.300563
0.301348
0.302071
0.302817
0.303549
0.304318
0.305074
0.305851
0.306644
0.307414
0.308137
0.308883
0.309610
0.310298
0.311005
0.311720
0.312400
0.313092
0.313763
0.314461
0.315165
0.315842
0.316515
0.317158
0.317833
0.318481
0.319118
