-0.092739
-0.092714
-0.092679
-0.092643
-0.092628
-0.092637
-0.092655
-0.092694
-0.092715
-0.092733
-0.092717
-0.092783
-0.092848
-0.092906
-0.092993
-0.093089
-0.093192
-0.093270
-0.093355
-0.093445
-0.093520
-0.093605
-0.093658
-0.093794
-0.093876
-0.093984
-0.094071
-0.094109
-0.094204
-0.094280
-0.094340
-0.094384
-0.094430
-0.094525
-0.094633
-0.094782
-0.094981
-0.095184
-0.095440
-0.095679
-0.095955
-0.096226
-0.096500
-0.096811
-0.097036
-0.097269
-0.097485
-0.097686
-0.097871
-0.098028
-0.098192
-0.098288
-0.098379
-0.098468
-0.098550
-0.098632
-0.098686
-0.098757
-0.098819
-0.098890
-0.098974
-0.099069
-0.099198
-0.099308
-0.099429
-0.099525
-0.099644
-0.099789
-0.099935
-0.100100
-0.100291
-0.100488
-0.100619
-0.100765
-0.100874
-0.100988
-0.101053
-0.101101
-0.101164
-0.101239
-0.101284
-0.101298
-0.101311
-0.101308
-0.101284
-0.101256
-0.101232
-0.101188
-0.101139
-0.101091
-0.101039
-0.100974
-0.100910
-0.100828
-0.100759
-0.100682
-0.100595
-0.100515
-0.100432
-0.100357
-0.100250
