0.225858
0.225891
0.225956
0.226055
0.226192
0.226371
0.226588
0.226899
0.227273
0.227654
0.228053
0.228531
0.229064
0.229601
0.230135
0.230670
0.231233
0.231800
0.232341
0.232796
0.233331
0.233910
0.234441
0.234899
0.235241
0.235584
0.235883
0.236156
0.236444
0.236688
0.236903
0.237064
0.237131
0.237170
0.237189
0.237146
0.237044
0.236947
0.236807
0.236616
0.236346
0.236235
0.236213
0.236265
0.236384
0.236543
0.236744
0.237006
0.237320
0.237664
0.238023
0.238420
0.238839
0.239311
0.239845
0.240415
0.240975
0.241561
0.242113
0.242715
0.243353
0.243986
0.244635
0.245281
0.245903
0.246514
0.247108
0.247735
0.248366
0.248915
0.249456
0.249920
0.250363
0.250737
0.251018
0.251306
0.251608
0.251860
0.252070
0.252263
0.252397
0.252519
0.252617
0.252722
0.252825
0.252918
0.252991
0.253062
0.253147
0.253189
0.253258
0.253311
0.253369
0.253457
0.253520
0.253571
0.253637
0.253699
0.253744
0.253788
0.253836
