-0.681790
-0.786946
-0.879699
-1.018189
-1.479831
-2.422406
-3.794786
-5.833750
-9.090318
-12.836987
-17.761301
-22.299816
-24.486147
-25.192806
-26.319229
-27.283382
-27.773756
-27.735926
-27.820185
-27.833548
-27.977604
-27.364819
-26.975582
-27.422007
-28.282124
-29.082769
-29.148212
-29.023935
-28.590624
-27.906429
-27.348316
-27.253706
-27.260252
-27.361155
-26.803762
-26.293343
-26.036106
-25.561792
-24.955381
-24.075930
-22.894106
-21.054962
-16.170944
-9.265312
-1.198942
5.861523
12.348125
17.012482
19.937334
21.535065
22.108643
22.285255
22.707842
23.200096
23.741154
24.202915
24.295347
23.839176
23.172527
22.388926
22.434753
22.875637
23.194382
23.534840
23.848780
24.203669
24.831888
25.832548
26.976748
27.576279
27.456179
27.299366
26.641140
26.029663
25.339083
24.739222
24.900438
24.863222
24.277035
23.698498
22.758308
21.336872
19.773781
18.292879
17.013554
15.610190
14.347181
12.892792
11.685958
10.646591
9.538749
8.576124
7.573848
6.739193
6.171414
5.592704
4.892341
4.445251
3.841774
3.327119
2.773393
