-0.620985
-0.651316
-0.693197
-0.776936
-0.866232
-0.932400
-1.029763
-1.408417
-1.729091
-2.075364
-2.534369
-3.196507
-4.030396
-4.976571
-5.862042
-6.781118
-7.811253
-8.910421
-9.447253
-10.745002
-12.556854
-14.386765
-16.297853
-17.994322
-19.202461
-19.049982
-17.911924
-17.074823
-16.800449
-16.939232
-17.302523
-17.580206
-17.554375
-17.551474
-17.354996
-17.048111
-17.030111
-17.315866
-17.905474
-18.646549
-19.333216
-19.766151
-19.602734
-19.521399
-19.658764
-19.283552
-19.396488
-19.725498
-19.814508
-19.976976
-20.143614
-20.146919
-19.974970
-19.852741
-19.596140
-19.750004
-19.395243
-17.934618
-15.586734
-15.245087
1.821548
10.208105
17.765007
25.336792
32.867092
36.927795
38.698933
40.046181
40.568363
41.202202
41.105682
41.448223
40.476440
38.577927
36.484566
34.029934
31.019991
27.999607
24.753300
21.736673
18.978474
15.940569
13.199285
11.156659
9.678041
9.107791
8.724232
8.525250
8.291714
8.572952
8.683151
8.763988
8.893211
8.913727
8.922427
8.988040
9.073446
9.097214
9.160898
9.401711
9.486121
