2.196127
2.178542
2.193465
2.264069
2.346530
2.459224
2.629189
2.680146
2.721390
3.093018
2.995327
2.897036
2.888597
2.998620
3.031901
3.061677
3.038903
3.048388
3.016095
3.041384
3.089075
3.127030
2.925098
2.915313
2.961452
2.977420
2.737682
2.713648
2.733912
2.681098
2.892719
2.887296
2.936765
2.980201
2.915349
2.786311
2.752987
2.730472
2.515538
2.272124
2.320792
2.225339
2.248127
2.259111
2.224317
2.173809
2.089215
2.197159
2.093892
2.068485
2.073909
1.988972
1.907374
1.950108
2.090413
2.174669
2.170000
1.985795
2.026540
2.054828
2.124057
2.083915
2.132390
2.135952
2.169597
2.175333
2.182401
2.152683
2.081799
2.283616
2.412601
2.383974
2.648130
2.640020
2.655764
2.630224
2.678474
2.683821
2.640368
2.621679
2.634790
2.664855
2.668545
2.702866
2.667300
3.002793
3.272804
3.325842
3.263835
3.266644
3.534152
3.296870
3.213155
3.189462
3.184981
3.124903
3.069113
3.043969
3.012691
3.103118
3.101575
