0.194384
0.194395
0.194433
0.194485
0.194566
0.194671
0.194787
0.194912
0.195055
0.195219
0.195389
0.195554
0.195750
0.195962
0.196184
0.196409
0.196631
0.196868
0.197107
0.197346
0.197550
0.197788
0.198075
0.198367
0.198644
0.198909
0.199164
0.199437
0.199701
0.199954
0.200241
0.200549
0.200845
0.201123
0.201391
0.201664
0.201906
0.202144
0.202398
0.202640
0.202882
0.203095
0.203204
0.203297
0.203396
0.203455
0.203502
0.203544
0.203584
0.203655
0.203753
0.203854
0.203972
0.204115
0.204288
0.204518
0.204740
0.204988
0.205239
0.205503
0.205815
0.206142
0.206470
0.206837
0.207202
0.207563
0.207926
0.208285
0.208659
0.209024
0.209405
0.209766
0.210123
0.210472
0.210832
0.211168
0.211489
0.211835
0.212176
0.212487
0.212784
0.213098
0.213389
0.213656
0.213911
0.214165
0.214408
0.214622
0.214811
0.214977
0.215147
0.215291
0.215412
0.215514
0.215594
0.215646
0.215660
0.215669
0.215654
0.215619
0.215575
