-12.512207
-3.845215
0.122070
5.065918
-1.708984
38.513184
48.339844
36.560059
10.437012
-19.165039
-31.127930
-40.832520
-37.475586
-31.311035
-27.648926
-16.174316
18.249512
39.916992
46.325684
43.334961
25.024414
1.831055
-28.747559
-47.790527
-59.875488
-57.067871
-33.569336
-1.281738
22.644043
46.020508
51.025391
36.560059
0.244141
-26.977539
-45.227051
-62.316895
-66.772461
-69.702148
-20.324707
23.193359
42.419434
83.129883
32.043457
3.295898
-36.499023
-59.997559
-58.715820
-41.076660
-16.662598
21.667480
38.452148
44.067383
10.192871
-13.427734
-27.954102
-49.926758
-47.790527
13.061523
59.204102
49.926758
31.250000
4.516602
-38.574219
-42.175293
-55.114746
-10.070801
48.400879
45.410156
19.531250
-20.141602
-46.325684
-52.001953
-47.546387
-15.686035
34.118652
52.246094
39.978027
21.606445
2.319336
-32.836914
-46.386719
-52.978516
-49.072266
15.380859
73.730469
73.486328
20.507812
-14.831543
2.685547
-5.859375
-39.245605
-23.620605
54.016113
21.728516
-11.779785
-33.508301
-44.189453
-59.265137
-61.157227
-9.460449
45.593262
