0.309221
0.309207
0.309202
0.309211
0.309245
0.309284
0.309335
0.309403
0.309501
0.309608
0.309747
0.309907
0.310070
0.310263
0.310454
0.310707
0.310967
0.311230
0.311525
0.311849
0.312196
0.312629
0.313010
0.313437
0.313882
0.314332
0.314816
0.315319
0.315827
0.316325
0.316815
0.317331
0.317858
0.318360
0.318921
0.319433
0.319941
0.320418
0.320898
0.321333
0.321739
0.322154
0.322546
0.322930
0.323279
0.323579
0.323837
0.324031
0.324216
0.324317
0.324386
0.324480
0.324500
0.324468
0.324428
0.324421
0.324416
0.324436
0.324594
0.324796
0.325048
0.325345
0.325622
0.325960
0.326320
0.326750
0.327256
0.327769
0.328284
0.328816
0.329372
0.329934
0.330513
0.331092
0.331686
0.332297
0.332871
0.333478
0.334082
0.334690
0.335275
0.335907
0.336509
0.337100
0.337668
0.338220
0.338723
0.339209
0.339706
0.340213
0.340683
0.341081
0.341459
0.341808
0.342154
0.342456
0.342710
0.342969
0.343190
0.343362
0.343495
