0.292894
0.292889
0.292886
0.292894
0.292914
0.292942
0.292981
0.293052
0.293147
0.293242
0.293369
0.293525
0.293714
0.293930
0.294192
0.294474
0.294770
0.295100
0.295466
0.295852
0.296227
0.296638
0.297063
0.297490
0.297944
0.298430
0.298940
0.299452
0.299938
0.300401
0.300858
0.301300
0.301693
0.302086
0.302443
0.302778
0.303077
0.303379
0.303677
0.303937
0.304098
0.304236
0.304346
0.304438
0.304505
0.304539
0.304512
0.304440
0.304397
0.304284
0.304178
0.304219
0.304296
0.304426
0.304575
0.304796
0.305086
0.305379
0.305704
0.306071
0.306431
0.306959
0.307476
0.307941
0.308325
0.308657
0.309024
0.309332
0.309560
0.309695
0.309822
0.309930
0.310000
0.310077
0.310150
0.310127
0.310037
0.309980
0.309960
0.310020
0.310181
0.310385
0.310683
0.310981
0.311284
0.311648
0.312004
0.312347
0.312747
0.313187
0.313600
0.314006
0.314494
0.314985
0.315498
0.316040
0.316628
0.317244
0.317839
0.318453
0.319027
