-0.912375
-0.760339
-0.634306
-0.604448
-0.567402
-0.620425
-0.828418
-1.344785
-2.147887
-3.175453
-4.335823
-5.594508
-7.065145
-9.002944
-10.970462
-12.437137
-13.043719
-13.386246
-13.899015
-14.389518
-15.243053
-16.248518
-16.799763
-16.724131
-16.149759
-15.034942
-13.956559
-12.349531
-10.570303
-8.978044
-7.911113
-6.755900
-5.317217
-4.604539
-4.159047
-4.087759
-3.883664
-3.803846
-3.938820
-4.317063
-4.341632
-4.475839
-4.449574
-4.407040
-4.369325
-4.518209
-4.747313
-4.870300
-4.884180
-4.802446
-4.757758
-4.491282
-4.292846
-4.178658
-3.949605
-3.644208
-3.506153
-3.326420
-2.667867
-2.118386
-0.851009
0.497159
2.018941
4.224955
6.053186
8.581993
10.139290
10.968031
10.940748
11.143527
11.012398
11.963689
11.975094
12.205209
12.205358
12.210093
12.089790
12.346966
12.265742
11.995322
11.936784
12.013697
12.062467
12.083431
11.653628
11.014342
10.217907
9.792198
9.687954
10.013558
10.534114
10.890992
10.959641
10.589275
9.697204
9.205507
8.874391
8.407879
7.875939
7.165337
5.836321
