0.307055
0.306986
0.306995
0.307141
0.307288
0.307557
0.307918
0.308391
0.308984
0.309688
0.310425
0.311181
0.312088
0.313015
0.313962
0.314839
0.315838
0.316937
0.318012
0.319068
0.320153
0.321229
0.322268
0.323431
0.324654
0.325780
0.327079
0.328425
0.329774
0.330933
0.332032
0.333143
0.334280
0.335357
0.336525
0.337655
0.338992
0.340183
0.341265
0.342261
0.343321
0.344384
0.345330
0.346213
0.347117
0.347903
0.348413
0.348584
0.348819
0.349109
0.349235
0.349528
0.349866
0.350135
0.350652
0.350954
0.350988
0.350943
0.350735
0.350513
0.350050
0.349571
0.348934
0.348313
0.348158
0.348468
0.348746
0.349019
0.349413
0.349760
0.350512
0.351304
0.352134
0.352990
0.353921
0.354779
0.355780
0.356781
0.357926
0.359114
0.360370
0.361554
0.362794
0.363960
0.365278
0.366635
0.367953
0.369245
0.370553
0.371996
0.373378
0.374795
0.375989
0.377276
0.378496
0.379503
0.380417
0.381604
0.382552
0.383416
0.384135
