1.553122
1.846023
2.137716
2.381498
2.641034
2.896172
3.084643
3.402052
3.784717
4.947217
6.360226
6.592928
6.815127
6.702491
6.672073
6.336025
6.048288
5.889645
5.010946
4.732439
3.606181
3.216009
3.204202
2.857674
1.962120
1.586340
0.661224
-1.238459
-1.832911
-1.914990
-2.238446
-2.705771
-3.193187
-3.825705
-3.554842
-3.848687
-3.462413
-3.902771
-3.148504
-2.549858
-2.234855
-2.250372
-2.195352
-1.864870
-1.870658
-1.913344
-1.437139
-0.965705
-3.278691
-2.749485
-2.567427
-2.289718
-2.190388
3.983808
7.408153
11.752522
12.155761
9.585858
7.163765
19.488129
10.280285
5.614205
13.669226
-3.826836
-11.384016
-13.740953
-17.644533
-15.679202
-12.016825
-5.716938
14.573976
23.909790
40.626152
33.537224
23.729635
16.649864
-2.937688
-1.928895
-0.028375
0.752278
0.437845
-0.332241
-2.521131
-4.105865
-4.725506
-4.545673
-4.578224
-3.706511
-2.317937
-3.836181
-3.326133
-3.068758
-5.371275
-4.264111
-2.935648
-3.620568
-3.879493
-4.476667
-3.791172
-2.883585
-2.394981
