0.952312
0.952328
0.952343
0.952370
0.952395
0.952407
0.952412
0.952432
0.952459
0.952477
0.952507
0.952540
0.952550
0.952548
0.952538
0.952533
0.952481
0.952418
0.952294
0.952133
0.951929
0.951681
0.951334
0.950909
0.950431
0.949919
0.949305
0.948619
0.947838
0.946995
0.946100
0.945100
0.944008
0.942886
0.941699
0.940451
0.939107
0.937728
0.936303
0.934826
0.933276
0.931710
0.930107
0.928473
0.926798
0.925089
0.923368
0.921607
0.919830
0.918013
0.916161
0.914280
0.912360
0.910404
0.908390
0.906320
0.904212
0.902092
0.899944
0.897715
0.895458
0.893179
0.890895
0.888610
0.886329
0.884089
0.881857
0.879692
0.877538
0.875477
0.873535
0.871672
0.869848
0.868118
0.866403
0.864776
0.863235
0.861792
0.860483
0.859323
0.858342
0.857596
0.856885
0.856463
0.856143
0.855920
0.855782
0.855718
0.855661
0.855683
0.855737
0.855802
0.855933
0.856024
0.856142
0.856238
0.856360
0.856519
0.856682
0.856841
0.857024
