-0.370139
-0.368462
-0.372147
-0.369640
-0.369207
-0.403041
-0.463071
-0.572944
-0.738194
-1.002182
-1.312034
-1.777577
-2.395658
-2.974097
-3.544700
-4.030253
-4.288198
-3.653196
-3.369492
-2.203794
-1.115845
0.047941
0.719066
0.573876
0.194046
-0.246682
-0.702143
-1.019417
-1.179153
-1.266231
-1.099376
-1.879692
-3.517608
-6.448776
-10.901930
-16.116045
-20.076332
-22.061344
-22.180964
-20.249937
-17.782440
-14.859945
-12.303889
-11.191609
-10.369417
-9.289361
-8.659840
-7.009109
-4.779383
-2.164712
0.360575
1.378771
0.632016
-2.641194
-7.404653
-14.051732
-20.293423
-25.638067
-27.345062
-25.899132
-21.938889
-16.303919
-9.936932
-2.585663
4.708674
10.207273
16.452158
20.114115
21.536781
20.436350
20.186005
18.668501
15.903010
13.346719
12.999836
12.798629
11.384863
11.005101
10.497786
10.001831
10.722161
13.149979
17.330599
20.777136
19.881433
17.606533
15.617968
13.263548
10.189044
6.950897
3.529880
-0.472220
-1.564415
-0.758730
1.115720
5.142663
10.778672
16.180717
18.480497
19.095652
18.192654
