0.365113
0.632922
0.881670
1.113229
1.331422
1.558810
1.721937
1.927495
0.888703
0.249707
-1.914681
-1.174630
-0.705506
-2.837658
-2.082710
-1.142792
0.074059
1.084249
1.587909
1.671016
1.838470
2.524750
2.781414
3.074585
3.144132
3.725710
3.766348
4.528243
4.343855
3.531860
3.787049
3.285348
3.485663
3.890523
3.942697
3.687438
3.567695
3.550867
3.400295
2.782743
4.003711
3.630433
3.500171
3.874170
3.171428
2.558585
2.510420
1.875624
0.792344
0.432791
0.742373
-0.249287
-0.893040
-2.292974
-1.947086
-4.665880
-3.894378
-4.067386
-3.335825
-2.442304
-1.790445
-0.542774
-1.269767
-0.287193
1.682280
0.307950
-0.009310
0.617488
2.042093
2.091012
2.843840
2.916394
2.250102
3.174904
5.629088
5.264597
5.096122
5.036105
5.180888
4.924475
4.807508
4.584847
4.493709
4.249769
3.887508
3.888734
3.803572
3.691139
3.762298
3.197515
3.068630
2.727576
2.944707
2.082789
2.351361
2.694863
2.572501
2.278769
2.094742
1.850557
1.502292
