-0.063887
-0.067160
-0.111782
-0.187088
-0.267984
-0.340618
-0.505669
-0.761507
-1.067263
-1.443462
-2.015867
-2.741426
-3.650280
-4.777638
-6.035472
-7.336425
-8.819007
-10.594591
-12.046761
-13.055280
-14.013444
-14.974499
-16.061939
-17.133741
-17.926422
-19.015070
-19.573492
-19.866190
-19.155626
-19.731117
-20.656216
-21.553114
-22.434443
-23.672247
-25.031229
-26.106308
-26.870274
-27.695833
-27.984055
-28.191320
-28.601357
-29.151842
-28.888226
-28.370016
-27.527845
-26.557510
-25.436369
-24.021296
-22.798262
-22.463383
-22.121874
-22.063564
-21.401577
-19.757053
-17.192732
-13.946589
-10.099202
-5.778121
-2.206028
0.977564
4.076677
7.503161
10.171261
13.174003
15.577523
16.901958
18.002419
18.369747
19.043396
20.989342
22.913944
25.312899
27.298590
27.735580
26.788239
25.494925
24.500740
23.522449
22.469257
21.048859
19.898720
19.510292
19.611019
19.788877
20.444538
21.305634
21.742662
22.537329
23.210007
22.597282
21.640102
20.422487
19.308647
18.337376
17.771940
17.108562
16.485231
15.983292
15.829175
15.780869
15.773416
