-0.247429
-0.249231
-0.254643
-0.258169
-0.255022
-0.280040
-0.342013
-0.508368
-0.735586
-1.017504
-1.317344
-1.679887
-2.097900
-2.834309
-3.465994
-4.018521
-4.844602
-5.515738
-6.490658
-7.426430
-7.971456
-9.042420
-10.644165
-12.188881
-13.277596
-14.099031
-14.952652
-16.162954
-17.640287
-18.574718
-19.227850
-19.050680
-19.190065
-19.458704
-19.464823
-19.560272
-19.723570
-20.257141
-20.718431
-21.597870
-21.826410
-21.747692
-21.130472
-20.354443
-19.935801
-19.973742
-20.375835
-19.224667
-18.002861
-15.950076
-12.513810
-7.835664
-2.655674
2.359716
6.571482
11.159354
14.010498
13.249310
13.577729
14.858713
16.122616
17.473190
18.863617
19.346714
20.391281
20.941284
20.967539
21.511707
21.990608
22.017241
21.301579
21.354036
21.213562
20.304953
19.722126
19.804617
19.390196
18.693548
17.336128
15.079545
14.281031
13.641096
13.721995
13.827600
14.372446
14.781014
14.517864
14.442540
14.488761
14.880370
14.601460
14.371264
14.130016
13.772490
13.390490
13.160866
12.646565
11.955755
11.211383
10.375013
9.703789
