1.628980
1.594630
1.545121
1.461545
1.350380
1.243394
0.935725
0.416245
-0.239229
-1.004238
-1.564393
-2.020844
-2.239005
-2.165382
-2.032327
-1.742726
-1.703516
-1.850716
-1.420558
-1.273057
-1.337964
-1.456913
-1.378650
-1.311794
-1.734724
-1.756929
-1.217774
-0.002719
2.355783
5.701347
7.822314
9.712038
11.569827
14.162398
17.071859
19.808069
23.008814
27.379007
30.672941
31.151606
31.167068
31.302814
31.399815
30.512772
31.526823
29.329174
26.851259
23.247974
20.084007
16.907509
14.452486
12.522428
10.974373
10.313080
10.020021
9.958426
9.957355
9.433820
9.319262
8.941857
8.412395
7.878063
7.073353
6.468750
6.167523
5.938107
5.874910
5.468551
5.324530
5.213930
5.103769
5.135970
4.986323
4.899053
4.782554
4.619670
4.597982
4.482481
4.357152
4.195722
3.975807
4.004987
4.040185
4.228760
4.294083
4.113503
4.152853
4.022348
3.869642
3.559927
3.296681
2.997098
2.753579
2.335315
1.903066
1.645581
1.516603
1.346760
1.190754
1.060156
0.950495
