0.459155
0.459333
0.459596
0.459839
0.460178
0.460768
0.461503
0.462244
0.463140
0.464047
0.465165
0.466207
0.467388
0.468613
0.469791
0.471023
0.472327
0.473661
0.474936
0.476179
0.477337
0.478458
0.479668
0.480642
0.481569
0.482304
0.482929
0.483428
0.483847
0.484159
0.484315
0.484314
0.484051
0.483601
0.483126
0.482527
0.481780
0.481091
0.480535
0.479995
0.479670
0.479200
0.478711
0.478183
0.477750
0.477459
0.477226
0.477330
0.477465
0.477734
0.478398
0.479100
0.480061
0.481129
0.482145
0.483257
0.484360
0.485749
0.487060
0.488479
0.489782
0.490817
0.491788
0.492911
0.493897
0.495069
0.495743
0.496329
0.496879
0.497141
0.497360
0.497685
0.497818
0.497537
0.497036
0.496593
0.496182
0.495768
0.495411
0.495012
0.494622
0.494241
0.493869
0.493523
0.493156
0.492789
0.492457
0.492130
0.491834
0.491451
0.491173
0.490906
0.490614
0.490308
0.490028
0.489683
0.489293
0.488907
0.488570
0.488249
0.487923
