-0.426815
-0.426172
-0.424892
-0.463388
-0.532448
-0.639260
-0.771334
-0.984622
-1.254325
-1.464740
-1.806762
-2.211638
-2.691712
-3.010818
-3.410011
-3.918343
-4.577161
-5.190795
-6.264662
-7.897642
-9.723085
-11.688196
-13.782791
-15.274190
-16.824327
-18.073526
-19.239988
-20.104462
-20.541267
-20.570330
-20.582018
-20.337843
-20.229261
-20.188831
-19.867994
-18.876575
-17.786236
-16.355717
-14.382393
-12.252898
-9.593099
-7.768918
-6.974463
-6.341084
-5.841853
-5.019911
-3.952241
-3.395931
-1.529628
0.192674
2.764673
5.491550
7.146787
9.408458
12.053357
13.038429
15.455166
18.077438
20.778408
22.002855
24.587622
24.635311
26.749783
26.246595
24.924711
25.285538
26.633007
27.272980
26.461212
26.097441
25.694752
25.601547
25.254635
24.713106
23.972075
22.736689
20.725883
18.371887
15.988002
13.929312
12.008076
10.462640
8.848047
7.669755
6.581303
5.504944
4.708135
4.088999
3.603707
3.163975
2.572945
2.137825
1.991350
1.961833
1.810784
2.060271
1.808575
1.556414
1.282291
1.175678
1.123790
