2.081266
2.080865
2.080831
2.081880
2.084355
2.084660
2.078891
2.062696
2.059816
2.062865
2.139799
2.152957
2.135551
2.126269
2.088428
2.041202
1.926275
1.790201
1.704821
1.607540
1.483927
1.340719
1.169027
0.846026
0.590445
0.450385
0.276759
0.395751
0.584623
0.529174
0.314898
0.068250
-0.095862
-0.338283
-0.709001
-0.910081
-1.225015
-1.642547
-2.309213
-3.379509
-5.060766
-7.043450
-6.395324
-6.254159
-5.464008
-4.833879
-4.138486
-2.673085
-1.040982
1.451422
4.855814
12.025592
12.229437
17.469704
18.450214
21.129660
19.250418
17.778601
13.112407
13.029935
12.818010
10.262829
7.766856
7.470220
7.093218
5.733683
3.805400
4.332201
4.403670
6.415085
8.415046
9.175049
9.408590
8.537736
7.900528
6.466348
5.937427
6.521287
5.535412
5.707905
6.411094
6.287315
6.198480
6.205510
5.841442
5.771673
5.543221
5.576516
5.444613
5.147849
4.921547
4.784857
4.572220
4.548214
4.460631
5.274659
5.585481
5.338746
5.269276
5.052793
3.753800
