0.247502
0.248314
0.247470
0.255143
0.278541
0.298768
0.304680
0.295000
0.294417
0.290671
0.293291
0.307679
0.292270
0.289979
0.261391
0.247009
0.228336
0.278667
0.365220
0.486023
0.637358
0.812736
1.053818
1.340349
1.683329
2.101682
2.639017
3.447624
4.225060
5.140333
6.183910
7.618728
9.573322
11.226079
12.620357
13.475237
14.853459
15.347597
14.239896
13.466166
11.460784
8.307239
3.992846
-0.851145
-7.101305
-11.399845
-17.312304
-16.704514
-20.204136
-22.118502
-18.889303
-17.530514
-16.521198
-15.209873
-14.586123
-15.125586
-15.214995
-15.444331
-15.486807
-15.616500
-15.850825
-16.187935
-15.995439
-15.643713
-15.548310
-15.134397
-13.728618
-12.347154
-10.646679
-8.867231
-7.267988
-5.887858
-4.076785
-3.336584
-2.887169
-2.469289
-2.143251
-1.832791
-1.744141
-1.510424
-1.257799
-1.090972
-0.962171
-0.831666
-0.614301
-0.408833
-0.321566
-0.280146
-0.281579
-0.061308
0.076786
0.040599
0.186314
0.246777
0.044510
0.104016
0.028119
0.001927
0.041843
0.042655
0.040923
