2.289248
2.773815
3.304209
3.343877
3.418580
3.637235
3.664514
3.661617
3.674975
3.682130
3.627055
3.539284
3.534553
3.479703
3.306445
2.916327
2.253461
1.475437
1.680272
1.979460
3.702139
6.219069
9.238069
12.286483
15.175714
16.474834
14.185689
10.451563
1.929255
-8.852808
-20.482536
-28.835234
-30.320524
-30.028191
-26.819765
-22.057632
-12.060767
-0.943784
3.508795
4.537128
4.000001
2.064044
0.718272
-1.120437
-3.196731
-5.722063
-6.956844
-8.656085
-9.144819
-8.925015
-8.317805
-7.722025
-7.402984
-6.346644
-5.578701
-5.121631
-4.663839
-4.460387
-4.391737
-4.172471
-3.816648
-3.508529
-2.994858
-2.958680
-1.347574
-0.783672
-0.122734
-0.057312
-0.085727
0.152152
0.264482
0.513457
0.693689
1.048856
1.171230
1.144623
1.240185
1.134269
1.161846
0.999040
0.960842
0.872626
0.761960
0.857009
0.765281
0.777414
0.953093
1.080231
1.167088
1.220583
1.253043
1.290501
1.426772
1.527537
1.642479
1.607568
1.536131
1.495288
1.307431
1.209556
1.335583
