0.169058
0.169048
0.169034
0.169030
0.169023
0.169010
0.168992
0.168983
0.168982
0.168990
0.168965
0.168969
0.168978
0.169010
0.169063
0.169105
0.169117
0.169130
0.169117
0.169108
0.169101
0.169078
0.169053
0.169025
0.168984
0.168935
0.168934
0.168896
0.168833
0.168749
0.168663
0.168517
0.168324
0.168161
0.167947
0.167749
0.167573
0.167368
0.167151
0.166956
0.166764
0.166592
0.166400
0.166137
0.165879
0.165616
0.165339
0.165076
0.164795
0.164506
0.164178
0.163871
0.163600
0.163311
0.163073
0.162791
0.162557
0.162285
0.162011
0.161760
0.161510
0.161258
0.160994
0.160806
0.160587
0.160415
0.160249
0.160100
0.159955
0.159804
0.159660
0.159515
0.159375
0.159229
0.159086
0.158925
0.158758
0.158611
0.158469
0.158301
0.158139
0.157981
0.157824
0.157667
0.157507
0.157350
0.157192
0.157035
0.156876
0.156716
0.156559
0.156397
0.156238
0.156080
0.155918
0.155758
0.155599
0.155439
0.155290
0.155142
0.154995
