3.028513
3.075340
3.115109
3.057688
2.856692
2.875332
2.689142
2.312905
2.019196
1.987868
2.201321
1.990083
1.648304
1.321998
0.895707
-3.822641
-2.719087
-1.441819
0.085614
1.278871
1.466596
1.798405
2.305533
2.800664
2.894013
2.998315
3.083159
2.434226
1.458658
2.336140
3.957556
2.792518
2.566668
3.544785
3.492669
3.808328
3.654421
3.416247
3.434716
3.587503
4.129386
5.252538
6.756317
7.538782
9.346142
9.314912
8.688996
7.731339
7.366130
5.795998
4.331187
4.572289
5.480282
5.469649
3.611536
2.380185
1.675036
2.056180
1.934942
1.594864
1.344632
1.755548
2.479027
2.629757
2.488769
2.703109
4.158675
4.728061
4.299728
4.059410
3.852060
3.717627
3.526803
3.392410
3.394056
3.491562
4.339222
4.358487
3.568415
3.140290
3.349518
3.409183
3.181201
3.143920
3.047656
2.950005
2.834640
2.772842
2.701058
2.688437
2.659921
2.590040
2.570235
2.516062
2.490498
2.437728
2.385838
2.422647
2.238421
2.188458
2.224890
