-0.212176
-0.213253
-0.228988
-0.229865
-0.236984
-0.293898
-0.550193
-0.956729
-1.523913
-2.363053
-3.392573
-4.490935
-5.563295
-2.836657
-3.649187
-5.270833
-6.885136
-8.468274
-10.365835
-11.188976
-12.426958
-13.842991
-15.396838
-16.676020
-17.796865
-19.085421
-21.250267
-23.777325
-25.995708
-26.169037
-25.404760
-25.729939
-24.669415
-21.857019
-18.965443
-15.189281
-12.643138
-8.347195
-1.204187
4.415007
9.225117
13.479385
15.694343
16.415670
15.869847
16.106894
16.842281
18.393162
20.639603
22.570515
23.376249
23.842493
25.265011
24.923616
22.513988
18.310389
17.081188
17.056540
17.976742
17.980160
17.442469
16.772526
15.949669
15.742834
14.676268
14.237371
13.006481
11.850148
10.793695
9.752213
8.792830
7.779912
7.042743
6.396305
5.547895
4.916902
4.561316
4.501413
4.100836
3.704128
3.495509
3.270529
2.976847
2.689705
2.476193
2.300469
2.114463
1.934211
1.777634
1.686084
1.589378
1.535214
1.492641
1.432270
1.338041
1.282791
1.110426
1.104242
1.095895
1.031234
0.960633
