0.704454
0.704459
0.704469
0.704472
0.704473
0.704678
0.704902
0.705146
0.705521
0.706278
0.706824
0.707574
0.708325
0.709228
0.710374
0.711356
0.712251
0.713375
0.714558
0.715450
0.716568
0.717786
0.718728
0.719853
0.721108
0.722285
0.723421
0.724554
0.725515
0.726507
0.727275
0.728135
0.729034
0.729944
0.730815
0.731644
0.732134
0.732427
0.732373
0.732443
0.732118
0.731636
0.731016
0.730301
0.729618
0.728714
0.727563
0.726353
0.724983
0.723590
0.722344
0.720613
0.718814
0.716886
0.715013
0.713060
0.711309
0.709712
0.708042
0.706882
0.705601
0.704363
0.703106
0.702373
0.701492
0.700682
0.700187
0.699642
0.699513
0.699448
0.699671
0.699699
0.699727
0.700183
0.700832
0.701327
0.701952
0.702538
0.702901
0.703523
0.704080
0.704924
0.705549
0.706434
0.707212
0.707773
0.708054
0.708718
0.709175
0.709302
0.710081
0.710794
0.710948
0.711032
0.711169
0.711054
0.711043
0.711165
0.711188
0.711217
0.711012
