0.927636
0.927659
0.927688
0.927717
0.927744
0.927771
0.927792
0.927808
0.927826
0.927848
0.927882
0.927920
0.927960
0.927997
0.928053
0.928073
0.928050
0.927958
0.927821
0.927591
0.927281
0.926952
0.926553
0.925996
0.925377
0.924609
0.923760
0.922807
0.921666
0.920316
0.918730
0.916970
0.915117
0.913187
0.911113
0.908957
0.906698
0.904444
0.902186
0.899904
0.897655
0.895399
0.893167
0.890882
0.888691
0.886571
0.884584
0.882622
0.880764
0.878925
0.877212
0.875547
0.874004
0.872737
0.871730
0.870818
0.870039
0.869317
0.868626
0.868013
0.867431
0.866890
0.866368
0.865889
0.865415
0.864979
0.864552
0.864174
0.863858
0.863520
0.863224
0.862927
0.862700
0.862542
0.862456
0.862432
0.862460
0.862510
0.862554
0.862649
0.862732
0.862842
0.862952
0.863066
0.863167
0.863142
0.863033
0.862787
0.862436
0.862003
0.861541
0.861061
0.860538
0.859940
0.859347
0.858810
0.858329
0.857935
0.857598
0.857289
0.857017
