-0.672140
-0.462196
-0.235372
0.113484
0.451251
0.508586
0.313430
0.188508
0.328431
2.531840
7.294171
15.717443
46.856380
73.504066
56.386070
46.395294
31.522545
4.337490
-8.424429
-21.497662
5.852078
-5.593183
-11.902916
-26.377520
-32.898239
-28.269220
-20.147738
-5.625892
-1.256065
1.760499
3.441859
2.583553
2.311685
2.303570
2.539341
2.607538
2.531011
2.670915
2.837417
2.943199
2.956603
2.909834
2.961650
2.955605
2.939103
2.931507
2.891344
2.848649
2.849653
2.870986
2.882077
2.900279
2.924782
2.905011
2.860153
2.834607
2.819900
2.792922
2.799899
2.804332
2.814535
2.816274
2.865448
2.906896
2.905735
2.881250
2.857935
2.839181
2.840001
2.830860
2.831860
2.818635
2.815266
2.786401
2.779452
2.755253
2.747815
2.739276
2.733873
2.719139
2.704936
2.691239
2.675406
2.670447
2.677112
2.546126
2.652092
2.587116
2.750203
2.888725
3.077684
3.262227
3.424038
3.265592
3.279542
3.265502
3.330230
3.327464
3.416122
3.404004
3.334720
