1.320562
1.378758
1.599758
2.018647
2.347961
3.034055
9.866609
13.350488
7.922835
3.148199
2.122451
1.523500
3.599984
5.014753
-1.903808
-10.830345
-22.452734
-27.180824
-25.625000
-19.696335
-11.193993
-5.497402
-4.891867
-4.305741
-3.013699
-1.863277
-1.517703
-1.446598
-0.635816
-0.014076
0.184254
1.689824
1.434375
1.353617
1.270157
1.266027
1.370806
1.240026
1.187990
1.166210
1.113218
1.137385
1.135230
1.097927
1.039431
1.030422
1.027915
0.976731
0.976724
0.969135
0.947541
0.943952
0.929279
0.902403
0.894299
0.909540
0.929908
0.905840
0.858074
0.861760
0.854165
0.825453
0.820999
0.809915
0.799388
0.795945
0.791076
0.786445
0.786621
0.774860
0.770915
0.762849
0.748093
0.729737
0.721593
0.716458
0.710213
0.706799
0.706062
0.709090
0.718114
0.742496
0.779485
0.758096
0.719322
0.681134
0.643547
0.602945
0.612826
0.575573
0.602754
0.629324
0.627755
0.641524
0.646747
0.649500
0.698334
0.702397
0.711940
0.718976
0.712642
