-4.066826
-4.383094
-4.719472
-5.023351
-5.611825
-6.200755
-6.605420
-8.317387
-27.282824
-106.519623
-169.013748
-105.135262
-58.160107
-26.335781
6.225828
44.692677
113.829597
246.305573
243.925720
195.437149
125.899811
48.550098
14.103894
3.253338
4.298995
0.789372
-1.873043
-2.011736
-1.501948
-0.790660
-0.275177
-0.159873
-0.297486
-0.156515
0.101257
0.164280
0.124794
0.053166
0.107303
0.125099
0.152464
0.158047
0.162995
0.157448
0.149315
0.138964
0.158259
0.162134
0.139297
0.123310
0.106081
0.097216
0.072968
0.068087
0.059243
0.044730
0.035152
0.028123
-0.018580
-0.070783
-0.077948
-0.066551
-0.050448
-0.049016
-0.042603
-0.049682
-0.070878
-0.062715
-0.070410
-0.070177
-0.075869
-0.076965
-0.078010
-0.080393
-0.084027
-0.082199
-0.092154
-0.087658
-0.093399
-0.100164
-0.101818
-0.104604
-0.180055
-0.178908
-0.208598
-0.151292
-0.067701
-0.041502
0.017410
0.083526
0.091997
0.140396
0.119737
0.078312
0.051459
0.032818
0.028417
0.019290
-0.018453
-0.039859
-0.037873
