0.532878
0.668002
0.869418
1.052761
1.281727
1.556427
1.856536
2.195451
2.517198
2.861429
3.194568
3.497992
3.998588
4.308044
4.426744
4.806151
5.164402
5.346974
5.655815
5.887957
5.996377
5.888848
5.711177
5.516344
5.211676
4.563248
4.147137
3.785780
3.454924
3.199368
3.068623
3.078100
3.037097
2.905246
2.792050
2.481574
2.225869
1.952925
1.621496
1.135309
0.545158
0.172409
-0.326176
-0.613595
-1.084658
-1.325348
-1.767146
-2.480106
-2.918287
-2.537174
-2.091793
-1.230847
-0.290058
0.498579
1.007733
1.673016
2.198438
2.386125
2.456089
3.036434
3.450706
3.853798
3.963641
3.947119
3.964157
3.827161
3.677521
3.379941
3.326057
3.448375
3.580412
3.600603
3.600626
3.528224
3.675200
3.741659
3.901201
3.855295
3.923245
3.840318
3.726963
3.684255
3.534872
3.398089
3.261782
3.189656
3.126472
3.041003
2.922481
2.843537
2.775480
2.726847
2.627744
2.592255
2.625776
2.528728
2.414018
2.311149
2.201146
2.020134
1.923783
