0.912182
0.912214
0.912241
0.912260
0.912270
0.912286
0.912303
0.912313
0.912317
0.912329
0.912347
0.912369
0.912400
0.912451
0.912528
0.912598
0.912676
0.912714
0.912749
0.912747
0.912674
0.912587
0.912465
0.912296
0.912123
0.911916
0.911679
0.911410
0.911097
0.910767
0.910401
0.909975
0.909498
0.908960
0.908319
0.907592
0.906798
0.905915
0.904930
0.903829
0.902638
0.901305
0.899876
0.898338
0.896611
0.894794
0.892866
0.890847
0.888740
0.886533
0.884245
0.881901
0.879453
0.876963
0.874395
0.871751
0.869055
0.866254
0.863349
0.860347
0.857262
0.854168
0.851038
0.847899
0.844798
0.841659
0.838592
0.835573
0.832565
0.829634
0.826813
0.824106
0.821615
0.819253
0.816907
0.814639
0.812409
0.810251
0.808168
0.806143
0.804246
0.802418
0.800668
0.798997
0.797388
0.795820
0.794326
0.792880
0.791488
0.790172
0.788851
0.787629
0.786501
0.785407
0.784411
0.783462
0.782593
0.781801
0.781105
0.780491
0.779945
