2.506971
2.609555
2.832545
3.007491
3.194667
3.380027
4.246810
5.030465
5.277364
5.432039
6.401342
7.120182
7.191306
7.243674
7.132208
6.816260
6.642010
6.430050
5.519844
4.401292
4.430997
4.452861
3.912008
4.263134
5.593111
4.145367
3.167096
2.863989
2.310646
2.219088
3.084216
4.092078
4.112935
4.553959
5.183935
3.509034
4.286578
4.229275
4.455100
4.577876
4.772072
4.678300
4.369777
4.260064
4.182112
4.296455
4.085570
3.975654
3.940862
3.932459
3.893774
3.867492
3.737438
3.700004
3.701039
3.767317
3.903303
3.959425
3.636961
3.643261
3.613924
3.717942
3.592769
3.453447
3.483433
3.410604
3.302375
3.099635
3.159163
3.120366
3.056867
2.918900
2.836340
2.750892
2.686826
2.678091
2.657308
2.660304
2.653188
2.619524
2.678334
2.723613
2.672403
2.626898
2.679464
2.674242
2.565905
2.514164
2.446625
2.396991
2.482424
2.421199
2.284481
2.299989
2.194447
2.119160
2.128649
1.836142
1.841725
1.865578
1.931961
