0.368163
0.558870
0.839721
1.150991
1.448662
1.495499
1.551216
1.438805
1.497698
1.630594
2.287232
2.837618
3.517436
4.064740
3.561908
3.578764
4.006446
4.518404
4.895538
12.075300
13.165881
13.878633
14.101510
13.775886
12.843039
12.821831
12.403911
11.903078
11.361639
11.010443
10.983232
10.370856
10.285865
10.274616
9.882015
9.761842
9.817701
9.260708
9.983559
9.697713
8.928769
9.062241
9.462407
8.445886
8.608199
8.273322
7.581929
6.716426
5.120587
4.460910
4.341803
3.601507
2.694141
2.385295
2.242492
2.717644
2.453960
2.393496
2.306590
2.331885
2.346440
1.780267
0.541207
-1.078146
-1.007627
-0.097197
-0.855898
-2.040002
-2.246907
-2.346352
-2.005286
-3.070068
-1.539578
-1.363054
-1.815955
-0.780789
-0.695221
-1.357422
-3.625303
-4.210742
-5.284456
-4.825032
-5.307487
-6.380287
-7.436495
-7.628729
-8.029510
-7.796223
-7.559097
-7.245337
-7.199830
-7.252596
-6.655238
-6.868103
-7.125753
-7.586771
-8.019361
-8.417773
-9.421309
-10.149128
-10.866099
