-0.227437
-0.227431
-0.227427
-0.227420
-0.227414
-0.227405
-0.227388
-0.227370
-0.227372
-0.227338
-0.227305
-0.227276
-0.227260
-0.227229
-0.227196
-0.227166
-0.227142
-0.227124
-0.227103
-0.227058
-0.227051
-0.227067
-0.227077
-0.227081
-0.227095
-0.227109
-0.227118
-0.227147
-0.227166
-0.227205
-0.227239
-0.227279
-0.227321
-0.227326
-0.227324
-0.227331
-0.227347
-0.227340
-0.227326
-0.227298
-0.227266
-0.227232
-0.227145
-0.227106
-0.227030
-0.226963
-0.226873
-0.226783
-0.226708
-0.226639
-0.226568
-0.226518
-0.226451
-0.226410
-0.226385
-0.226358
-0.226369
-0.226410
-0.226435
-0.226522
-0.226540
-0.226583
-0.226633
-0.226660
-0.226713
-0.226760
-0.226815
-0.226872
-0.226941
-0.227016
-0.227092
-0.227166
-0.227238
-0.227309
-0.227381
-0.227453
-0.227526
-0.227594
-0.227650
-0.227725
-0.227789
-0.227845
-0.227915
-0.227984
-0.228069
-0.228142
-0.228201
-0.228263
-0.228331
-0.228397
-0.228466
-0.228528
-0.228588
-0.228646
-0.228706
-0.228752
-0.228789
-0.228842
-0.228889
-0.228931
-0.228978
