0.306782
0.306808
0.306879
0.307022
0.307256
0.307547
0.307922
0.308327
0.308824
0.309382
0.310058
0.310731
0.311458
0.312236
0.313052
0.313827
0.314581
0.315275
0.315778
0.316115
0.316314
0.316494
0.316452
0.316314
0.316060
0.315935
0.315904
0.315901
0.316012
0.316280
0.316553
0.316958
0.317387
0.317822
0.318436
0.319211
0.319974
0.320784
0.321533
0.322308
0.323013
0.323757
0.324630
0.325452
0.326266
0.327048
0.327807
0.328507
0.329205
0.329897
0.330619
0.331297
0.331914
0.332531
0.333141
0.333717
0.334286
0.334805
0.335289
0.335739
0.336152
0.336534
0.336877
0.337126
0.337389
0.337516
0.337661
0.337731
0.337805
0.337953
0.338086
0.338268
0.338522
0.338826
0.339206
0.339632
0.340135
0.340676
0.341285
0.341997
0.342666
0.343282
0.343883
0.344531
0.345203
0.345866
0.346482
0.347029
0.347552
0.348051
0.348537
0.348957
0.349339
0.349719
0.350036
0.350252
0.350398
0.350515
0.350628
0.350680
0.350670
