12.851566
13.399654
13.945121
14.835658
16.120876
17.616062
18.266285
18.140413
17.487926
17.049965
16.916281
16.396700
16.118681
15.589171
14.929669
13.605955
12.222680
12.036432
10.832619
10.578175
10.533353
10.540437
10.255929
9.794894
8.831121
7.824920
6.737366
5.848783
5.235685
4.641432
4.425452
3.933821
3.319169
2.949645
2.811085
2.593731
2.178893
2.008230
1.746636
1.467631
1.127151
0.581692
0.003865
-0.286227
-0.429529
-0.625612
-0.749106
-0.819139
-0.839063
-0.927991
-1.002535
-1.281987
-1.799086
-2.400448
-3.730788
-5.754237
-8.245810
-11.843460
-15.150167
-17.384403
-17.849749
-18.156975
-17.236248
-16.160889
-14.273076
-13.245628
-11.881053
-10.269023
-8.687155
-5.876239
-2.088945
3.405429
10.579951
17.662664
22.342913
24.860615
25.368246
25.064009
24.210005
23.159477
21.695570
19.799801
17.313480
14.318274
11.347508
8.205463
6.131311
4.597586
3.385424
2.400398
1.500857
0.640666
-0.141108
-1.611187
-2.801052
-3.742331
-3.977886
-4.227083
-4.565431
-4.504459
-4.281617
