0.223227
0.224790
0.223468
0.178154
0.185982
0.135628
0.131675
0.197615
0.344337
0.505632
0.887844
0.782291
0.795937
0.518363
0.217662
-0.155645
-0.456684
-0.619919
-0.815953
-0.832970
-0.716404
-0.658511
-0.712904
-0.910040
-1.051599
0.233518
0.406126
0.547236
0.790685
0.934489
1.101411
0.843428
0.598552
0.569853
1.010473
0.038681
0.282863
0.095449
0.350967
0.290188
1.065968
1.541672
1.649748
1.497805
1.513486
1.447457
1.320061
1.245984
1.165867
1.112560
1.072061
1.032042
0.987109
0.953151
0.914153
0.865677
0.834459
0.802992
0.737675
0.715413
0.696697
0.674967
0.638254
0.631361
0.626824
0.639472
0.618443
0.571562
0.546044
0.553116
0.520687
0.521474
0.514049
0.514971
0.504949
0.495380
0.465303
0.458454
0.451908
0.452755
0.442441
0.436633
0.416307
0.417872
0.419372
0.418262
0.412202
0.402678
0.400743
0.398881
0.401759
0.399943
0.395936
0.397616
0.389411
0.392237
0.396033
0.388195
0.386787
0.382370
0.378083
