-0.455036
-0.497947
-0.563813
-0.651354
-0.681281
-0.748020
-0.808885
-0.950469
-1.070376
-1.204949
-1.356401
-1.471547
-1.498873
-1.512581
-1.610057
-1.654525
-1.708547
-1.535279
-1.315840
-1.004978
-0.610201
-0.178263
0.311656
1.017917
1.783709
2.111017
2.528235
2.690869
2.605169
2.491834
2.470693
2.762522
2.749624
2.633770
2.545227
2.293309
2.152924
2.062430
1.986177
1.880244
1.783060
1.668148
1.590095
1.494049
1.423100
1.327029
1.305898
1.251152
1.181239
1.108157
1.063208
1.027359
0.970115
0.926193
0.882501
0.812649
0.856276
0.897774
1.075458
0.987640
0.868585
0.835596
0.778486
0.717944
0.675500
0.623521
0.585131
0.563473
0.531951
0.498288
0.462569
0.445833
0.436759
0.439840
0.408567
0.407451
0.387574
0.353083
0.325869
0.311744
0.283346
0.258857
0.246869
0.233939
0.218705
0.201269
0.189921
0.176311
0.164518
0.150536
0.139614
0.120179
0.118958
0.120256
0.103332
0.096498
0.092265
0.074227
0.085521
0.072510
0.058740
