-0.015327
-0.015304
-0.015281
-0.015250
-0.015221
-0.015207
-0.015196
-0.015199
-0.015213
-0.015249
-0.015294
-0.015350
-0.015397
-0.015375
-0.015436
-0.015484
-0.015541
-0.015606
-0.015648
-0.015665
-0.015803
-0.015867
-0.015937
-0.015999
-0.016081
-0.016101
-0.016161
-0.016235
-0.016293
-0.016326
-0.016347
-0.016399
-0.016409
-0.016446
-0.016485
-0.016516
-0.016550
-0.016570
-0.016579
-0.016594
-0.016630
-0.016691
-0.016782
-0.016926
-0.017140
-0.017372
-0.017628
-0.017897
-0.018235
-0.018504
-0.018722
-0.018911
-0.019043
-0.019138
-0.019253
-0.019338
-0.019370
-0.019423
-0.019425
-0.019472
-0.019499
-0.019501
-0.019493
-0.019502
-0.019527
-0.019554
-0.019586
-0.019642
-0.019673
-0.019692
-0.019712
-0.019770
-0.019807
-0.019872
-0.019944
-0.020002
-0.020067
-0.020138
-0.020218
-0.020279
-0.020286
-0.020287
-0.020308
-0.020339
-0.020392
-0.020462
-0.020532
-0.020600
-0.020684
-0.020770
-0.020857
-0.020933
-0.021024
-0.021125
-0.021211
-0.021288
-0.021375
-0.021453
-0.021532
-0.021616
-0.021690
