0.932876
0.932901
0.932916
0.932932
0.932944
0.932947
0.932954
0.932964
0.932971
0.932975
0.932982
0.932997
0.933008
0.933020
0.933025
0.933022
0.933000
0.932966
0.932921
0.932870
0.932730
0.932541
0.932278
0.931971
0.931615
0.931203
0.930741
0.930218
0.929610
0.928951
0.928238
0.927495
0.926684
0.925838
0.924924
0.923944
0.922883
0.921717
0.920501
0.919210
0.917870
0.916480
0.915022
0.913499
0.911894
0.910204
0.908459
0.906662
0.904802
0.902887
0.900918
0.898897
0.896828
0.894721
0.892566
0.890368
0.888124
0.885852
0.883511
0.881164
0.878767
0.876328
0.873851
0.871359
0.868858
0.866371
0.863874
0.861411
0.858963
0.856514
0.854136
0.851765
0.849446
0.847188
0.845014
0.842925
0.840849
0.838926
0.837082
0.835321
0.833607
0.831943
0.830339
0.828813
0.827339
0.825937
0.824587
0.823364
0.822206
0.821183
0.820247
0.819386
0.818612
0.817900
0.817259
0.816591
0.816052
0.815577
0.815150
0.814822
0.814562
