-0.560217
-0.561385
-0.568337
-0.596327
-0.639071
-0.697730
-0.871510
-1.068596
-1.284531
-1.394232
-1.680026
-2.004238
-2.249812
-2.697844
-3.575968
-4.425359
-5.014700
-5.869527
-6.935157
-8.566875
-10.038147
-11.935934
-14.594127
-16.642120
-18.557350
-19.577785
-21.700172
-21.059809
-21.928509
-20.279240
-20.381277
-20.415169
-19.971161
-17.959511
-18.911221
-17.154850
-17.216820
-14.885335
-12.206470
-13.845989
-13.239020
-13.336346
-13.125725
-13.230057
-13.350216
-13.525027
-14.022104
-14.239069
-14.148799
-13.228947
-13.216020
-13.301357
-13.397014
-12.803092
-11.806846
-10.926408
-10.239177
-9.528853
-8.548391
-6.528733
-3.676017
-2.297483
0.795223
3.120646
5.632468
8.549823
10.232388
11.372946
10.757805
12.251472
13.231217
14.737714
15.328804
16.033716
17.262079
19.236929
20.916204
22.737253
24.773785
24.717775
27.001465
27.778633
27.083981
26.448542
25.032446
24.667086
24.256269
22.861849
22.998425
21.488834
24.021479
24.039093
24.046509
23.512751
21.798950
19.544460
18.758072
19.007938
20.136343
20.002579
19.211382
