1.885252
1.965855
2.072080
2.328906
2.727402
3.178897
3.652396
3.940233
4.258966
4.324835
4.473582
4.470159
4.674967
4.982855
4.887006
4.241947
3.262387
2.185358
0.607195
-1.109485
-2.448618
-3.401588
-4.735204
-5.918875
-7.190722
-8.535858
-8.842649
-8.484131
-8.359428
-7.574623
-7.197595
-6.847101
-6.303881
-5.693942
-5.453909
-4.992213
-3.887486
-2.847937
-2.112766
-1.526642
-0.715003
-0.241724
0.172440
0.554682
0.919165
1.166586
1.389765
1.542996
1.789570
2.066712
2.275159
2.408716
3.096325
5.456273
4.018919
2.954961
0.195301
-2.890749
-5.944350
-8.197940
-7.402276
-6.536342
-6.007819
-5.771337
-5.002063
-4.290065
-3.790962
-3.387126
-3.109177
-2.827857
-2.537457
-2.302374
-2.076914
-1.886409
-1.756460
-1.641387
-1.503346
-1.424781
-1.336231
-1.235307
-1.116453
-1.033560
-0.973590
-0.912691
-0.827303
-0.756772
-0.671887
-0.630924
-0.590417
-0.547733
-0.503033
-0.463712
-0.438740
-0.413159
-0.404783
-0.386225
-0.375090
-0.352479
-0.325210
-0.316826
-0.284450
