-2.899521
-2.715563
-2.624465
-2.578723
-2.468552
-2.223832
-1.891926
-1.158285
0.184555
1.613193
2.917008
5.078804
7.140219
8.813616
10.465249
14.053585
15.537850
13.510953
14.244975
14.805835
14.573373
14.997640
14.457011
13.023293
13.423954
12.500212
10.740070
12.744011
12.357552
11.335143
9.672068
7.646855
5.576677
3.583398
0.517673
0.567106
0.784344
0.643851
-0.748131
-0.419519
-0.482475
-0.301198
0.336067
0.529352
0.715914
-0.017671
0.071530
0.358943
0.608380
0.793760
0.947180
0.801630
1.603471
1.847094
2.020043
1.902337
1.826613
1.769461
1.474692
-0.259477
-3.120631
-4.055819
-1.501922
2.870809
2.125183
3.990964
2.975702
-1.349676
-5.416837
-8.305572
-7.447042
-5.613419
-4.512404
-3.592251
-2.793927
-2.042943
-1.578099
-1.094473
-0.891395
-0.770108
-0.570708
-0.302287
-0.042620
0.092501
0.232916
0.386663
0.479018
0.549477
0.697349
0.760372
0.793100
0.838896
0.833427
0.921039
0.976011
1.040736
1.087077
1.143216
1.125861
1.094919
1.099887
