-0.014208
-0.014131
-0.013997
-0.013826
-0.013548
-0.013154
-0.012721
-0.012130
-0.011347
-0.010422
-0.009327
-0.008157
-0.007033
-0.006014
-0.004947
-0.003857
-0.002954
-0.002275
-0.001729
-0.001374
-0.001132
-0.001133
-0.001214
-0.001243
-0.001317
-0.001304
-0.001350
-0.001394
-0.001414
-0.001404
-0.001202
-0.000871
-0.000374
0.000241
0.001202
0.002344
0.003587
0.004771
0.005812
0.007050
0.008460
0.009785
0.011015
0.012230
0.013304
0.014132
0.014787
0.015326
0.015777
0.016131
0.016433
0.016737
0.016952
0.017137
0.017310
0.017487
0.017656
0.017806
0.017946
0.018091
0.018207
0.018309
0.018432
0.018525
0.018619
0.018723
0.018817
0.018924
0.019020
0.019112
0.019200
0.019306
0.019392
0.019491
0.019583
0.019680
0.019787
0.019878
0.019990
0.020093
0.020193
0.020296
0.020400
0.020507
0.020616
0.020717
0.020823
0.020925
0.021025
0.021128
0.021225
0.021319
0.021419
0.021518
0.021619
0.021718
0.021818
0.021915
0.022020
0.022120
0.022215
