-0.217327
-0.217293
-0.217251
-0.217215
-0.217209
-0.217184
-0.217123
-0.216972
-0.216866
-0.216750
-0.216628
-0.216547
-0.216509
-0.216396
-0.216320
-0.216250
-0.216237
-0.216289
-0.216369
-0.216401
-0.216417
-0.216465
-0.216408
-0.216338
-0.216241
-0.216175
-0.216107
-0.216059
-0.215993
-0.215917
-0.215864
-0.215776
-0.215719
-0.215623
-0.215540
-0.215427
-0.215337
-0.215234
-0.215042
-0.214929
-0.214826
-0.214778
-0.214667
-0.214517
-0.214473
-0.214426
-0.214454
-0.214497
-0.214514
-0.214547
-0.214557
-0.214558
-0.214504
-0.214427
-0.214409
-0.214368
-0.214321
-0.214277
-0.214224
-0.214180
-0.214136
-0.214101
-0.214064
-0.214040
-0.214014
-0.213982
-0.213956
-0.213932
-0.213902
-0.213874
-0.213842
-0.213810
-0.213789
-0.213767
-0.213741
-0.213725
-0.213700
-0.213673
-0.213648
-0.213617
-0.213597
-0.213568
-0.213540
-0.213514
-0.213487
-0.213457
-0.213429
-0.213401
-0.213372
-0.213342
-0.213312
-0.213285
-0.213258
-0.213235
-0.213210
-0.213185
-0.213164
-0.213141
-0.213118
-0.213093
-0.213066
