1.824328
1.799973
1.685766
1.667649
2.064313
2.886336
3.720173
4.709378
5.930597
7.197129
8.299811
8.445068
7.886254
6.878871
5.150341
2.746133
-0.271009
-2.335815
-4.645344
-4.807095
-4.854547
-4.076835
-3.505150
-1.562633
-1.503273
-1.393332
-0.924701
-1.377573
-1.165396
-0.921777
-0.805235
-0.704110
-0.172065
0.487756
0.776900
0.619815
0.577111
0.250366
-0.088883
-0.338523
-0.579512
-0.816496
-1.575908
-2.876631
-3.270089
-2.705726
-2.103698
-1.801448
-1.776343
-1.695099
-1.293027
-1.134368
-1.073533
-1.086187
-1.048339
-1.044410
-1.050397
-1.079944
-1.138755
-1.117270
-1.057100
-1.016879
-0.959200
-0.922647
-0.869288
-0.814471
-0.779034
-0.770564
-0.743087
-0.702418
-0.666023
-0.590863
-0.544954
-0.489322
-0.442038
-0.406628
-0.298595
-0.308434
-0.293339
-0.266253
-0.254829
-0.245760
-0.238874
-0.232344
-0.209855
-0.194728
-0.180274
-0.175714
-0.168353
-0.161320
-0.150253
-0.141061
-0.495420
-0.483870
-0.469683
-0.442093
-0.417074
-0.394519
-0.372824
-0.357866
-0.334776
