-0.507157
-0.126599
0.225589
0.410365
0.433948
0.557360
0.835693
0.387176
0.450847
0.187586
2.098936
5.267482
10.700282
19.128094
23.275837
19.893993
18.928904
18.896074
19.563198
21.642130
19.604340
21.199402
15.876000
16.175850
11.204848
7.541100
4.898466
3.856019
4.454871
4.141844
4.634043
3.330272
4.208199
3.544128
3.182969
2.414039
2.508939
2.271416
0.638512
0.309949
-0.559658
-1.610738
-2.212556
-2.377304
-1.239410
0.121042
0.807151
3.304880
3.920346
7.857190
9.941618
3.919015
-4.249045
-8.246561
-17.868874
-27.372833
-34.701977
-28.918810
-22.425491
-17.627295
-13.946976
-10.456629
-7.150913
-4.669518
-2.773047
-1.277003
-0.447483
-0.103597
0.728092
1.577592
1.839724
2.044624
2.066033
2.234030
2.465488
2.409056
2.351474
2.409825
2.350698
2.379642
2.449140
2.420728
2.425181
2.268158
2.367177
2.452604
2.466782
2.443067
2.451123
2.458511
2.512800
2.566051
2.585016
2.658026
2.711369
2.732732
2.711551
2.698005
2.675068
2.647450
2.613503
