-0.141858
-0.141838
-0.141816
-0.141791
-0.141765
-0.141727
-0.141679
-0.141651
-0.141651
-0.141650
-0.141658
-0.141648
-0.141646
-0.141633
-0.141623
-0.141612
-0.141632
-0.141679
-0.141707
-0.141743
-0.141772
-0.141773
-0.141765
-0.141789
-0.141849
-0.141899
-0.141989
-0.142082
-0.142232
-0.142408
-0.142573
-0.142708
-0.142818
-0.142925
-0.142995
-0.143062
-0.143116
-0.143167
-0.143225
-0.143322
-0.143488
-0.143712
-0.143909
-0.144110
-0.144259
-0.144347
-0.144441
-0.144416
-0.144292
-0.144126
-0.143992
-0.143854
-0.143889
-0.143945
-0.144077
-0.144179
-0.144254
-0.144324
-0.144309
-0.144233
-0.144110
-0.143940
-0.143713
-0.143492
-0.143217
-0.143093
-0.142998
-0.142925
-0.142920
-0.142883
-0.142837
-0.142819
-0.142827
-0.142874
-0.143029
-0.143124
-0.143251
-0.143326
-0.143465
-0.143579
-0.143673
-0.143773
-0.143874
-0.143974
-0.144099
-0.144205
-0.144311
-0.144424
-0.144554
-0.144691
-0.144815
-0.144931
-0.145038
-0.145161
-0.145246
-0.145320
-0.145399
-0.145470
-0.145543
-0.145610
-0.145686
