-0.251892
-0.251875
-0.251864
-0.251855
-0.251844
-0.251843
-0.251832
-0.251817
-0.251805
-0.251789
-0.251780
-0.251768
-0.251740
-0.251685
-0.251633
-0.251579
-0.251533
-0.251466
-0.251395
-0.251328
-0.251281
-0.251193
-0.251134
-0.251070
-0.250999
-0.250946
-0.250925
-0.250881
-0.250848
-0.250815
-0.250800
-0.250786
-0.250782
-0.250789
-0.250778
-0.250776
-0.250760
-0.250746
-0.250740
-0.250705
-0.250689
-0.250672
-0.250650
-0.250625
-0.250583
-0.250525
-0.250487
-0.250427
-0.250348
-0.250250
-0.250142
-0.250022
-0.249892
-0.249771
-0.249648
-0.249515
-0.249382
-0.249244
-0.249113
-0.249046
-0.248932
-0.248842
-0.248729
-0.248655
-0.248581
-0.248497
-0.248456
-0.248410
-0.248367
-0.248305
-0.248283
-0.248260
-0.248251
-0.248231
-0.248216
-0.248221
-0.248231
-0.248253
-0.248239
-0.248235
-0.248224
-0.248209
-0.248196
-0.248190
-0.248175
-0.248174
-0.248172
-0.248166
-0.248161
-0.248153
-0.248143
-0.248131
-0.248121
-0.248115
-0.248105
-0.248090
-0.248080
-0.248078
-0.248056
-0.248051
-0.248045
