0.124624
0.166874
0.209371
0.205603
0.194440
0.070795
-0.154407
-0.321777
-0.377058
-0.187761
-0.069180
-0.237696
-0.627802
-1.170885
-1.763873
-2.116284
-2.673490
-3.244405
-3.697778
-4.233982
-4.675386
-5.235932
-5.551491
-5.735314
-5.545640
-5.464723
-5.260775
-5.040303
-4.993446
-4.809389
-4.009360
-3.661528
-3.826538
-3.802639
-3.882954
-4.282630
-4.879159
-4.951425
-5.182205
-5.059283
-4.989806
-4.980993
-5.085816
-5.438922
-5.691224
-5.566187
-5.352604
-5.374846
-5.427160
-5.232836
-5.213775
-5.258834
-5.253144
-5.381940
-5.494830
-5.492264
-5.701249
-5.798563
-6.031968
-6.280143
-6.499557
-6.545564
-6.573008
-6.366449
-6.141628
-5.944287
-5.841497
-5.605398
-5.442410
-5.180545
-4.977319
-4.910048
-4.398973
-4.028755
-3.804005
-3.327509
-2.899337
-2.356403
-2.055540
-1.657469
-0.958478
-0.467716
-0.157198
0.371809
0.444746
0.737518
1.143532
1.625646
1.992447
2.343595
2.607772
2.909264
3.324612
3.561755
3.848450
4.198435
4.607832
4.729727
4.720456
4.691157
4.601396
