1.535258
1.619733
1.717039
1.832762
1.957406
2.014459
2.010895
1.998131
2.012277
2.082009
2.284770
2.570037
2.868855
3.066576
3.203440
3.008967
2.748535
2.391901
1.959623
1.910510
1.640481
1.375007
1.288733
1.083542
0.950385
0.715756
0.797799
1.152664
1.555088
1.919627
2.338815
2.775944
3.146947
3.632051
4.326600
4.765278
4.931911
4.989075
4.896866
4.530766
4.350876
4.415308
4.265552
3.997331
3.546257
3.297672
2.839823
2.203624
1.826999
1.766488
1.560578
0.815867
0.200554
-0.289871
-0.505119
-0.656122
-0.599221
-0.625557
-0.516908
-0.347152
-0.599287
-0.960342
-1.624463
-2.086695
-2.733185
-3.577519
-4.735148
-6.069427
-6.987720
-7.514294
-7.112826
-6.944541
-6.731028
-6.143125
-4.387890
-2.225494
1.087875
2.873384
4.249770
5.069169
5.574856
5.843102
5.787255
5.823251
5.490067
5.505698
5.329461
5.066373
4.843252
4.812157
4.828688
5.022960
4.875515
4.776483
4.652333
4.578395
4.491801
4.542748
4.592299
4.695460
4.862409
