0.804246
0.861492
0.874272
0.856003
0.804204
0.886852
0.929365
0.975018
1.038344
1.134589
1.230275
1.344896
1.462369
1.643293
1.732189
1.846141
2.031802
2.417921
2.596042
2.660766
2.777647
2.834105
2.687272
2.492941
2.335105
2.227855
2.167944
2.033778
1.950679
1.778514
1.564607
1.406048
1.193688
0.867217
0.459362
-0.014652
-0.460083
-0.891140
-1.504469
-1.879558
-2.214906
-2.684302
-3.363165
-3.667169
-4.262185
-5.286602
-5.995101
-6.324740
-6.490014
-6.384466
-6.464382
-6.398204
-6.264860
-6.061050
-5.773547
-5.223086
-4.667151
-3.637720
1.494232
2.515208
3.835785
4.216530
5.444804
6.508667
6.948025
6.961711
6.611207
6.428980
6.273181
6.206506
6.008739
5.733077
5.555344
5.400159
5.127134
4.921730
4.635655
4.440614
4.137022
3.972857
3.726238
3.481820
3.116432
2.934205
2.678770
2.626956
2.723325
2.592464
2.420863
2.238207
2.029213
1.889684
1.783693
1.667529
1.530061
1.400785
1.214177
1.030276
0.849111
0.682035
0.574144
