0.328960
0.328960
0.328961
0.328956
0.328958
0.328944
0.328932
0.328924
0.328956
0.329011
0.329099
0.329210
0.329325
0.329483
0.329649
0.329834
0.330055
0.330307
0.330573
0.330867
0.331188
0.331541
0.331936
0.332361
0.332800
0.333267
0.333770
0.334272
0.334785
0.335311
0.335855
0.336413
0.336999
0.337580
0.338195
0.338785
0.339370
0.339921
0.340485
0.341037
0.341534
0.342053
0.342537
0.342975
0.343385
0.343816
0.344192
0.344502
0.344809
0.345108
0.345385
0.345558
0.345837
0.346099
0.346283
0.346406
0.346417
0.346316
0.346163
0.346212
0.346295
0.346453
0.346753
0.347026
0.347391
0.347891
0.348387
0.348913
0.349490
0.350089
0.350744
0.351394
0.352071
0.352754
0.353444
0.354121
0.354755
0.355404
0.356085
0.356798
0.357460
0.358122
0.358761
0.359409
0.360050
0.360630
0.361255
0.361874
0.362461
0.363041
0.363606
0.364128
0.364667
0.365162
0.365627
0.366076
0.366511
0.366919
0.367299
0.367640
0.367928
