3.860179
4.099481
3.921172
3.804177
3.618911
3.655780
3.393253
3.096942
2.992278
2.787779
2.494228
2.503122
1.663356
1.286942
1.237408
1.712195
1.502790
1.191194
0.675461
0.372829
-0.464255
-0.294083
-0.423372
-0.368869
0.000181
0.297812
0.660449
1.154547
0.990507
0.710105
1.420341
1.107808
1.215585
1.765245
2.055744
2.957944
3.069673
3.116652
3.124007
3.169884
2.965351
3.469104
3.519211
3.476445
3.302135
3.368753
3.183632
2.877579
2.842793
3.008683
2.616035
2.886297
2.565348
2.526791
2.657643
2.833877
2.691838
2.478923
2.239974
2.276778
2.048560
1.889966
1.910258
1.873444
1.654992
1.535247
1.534835
1.665516
1.616186
1.965996
1.862590
1.970461
2.000568
1.921537
1.707618
1.655141
1.481613
1.638910
1.485327
1.324874
1.257871
1.197408
1.203135
1.101838
0.924290
0.801964
0.689052
0.608867
0.645865
0.536511
0.467283
0.239635
0.117846
0.136435
0.486498
0.426524
0.424199
0.195302
0.192484
0.137822
0.203877
