-0.363754
-3.612537
-8.709698
-11.982770
-8.792490
2.592238
6.908954
5.165873
4.174061
3.730924
4.573471
3.762435
3.157036
2.953162
2.856981
2.535599
2.205532
1.877622
1.665015
1.426397
1.259184
1.130422
1.217946
1.299177
1.294221
1.242674
1.175683
1.151570
1.012703
0.933237
0.863142
0.874396
0.842779
0.808306
0.797265
0.794606
0.792154
0.799154
0.823555
0.835534
0.808772
0.804140
0.813760
0.768549
0.769328
0.777473
0.749077
0.730864
0.746532
0.727447
0.739252
0.726020
0.718196
0.707618
0.697517
0.683359
0.699304
0.697187
0.651133
0.643075
0.647907
0.663476
0.660953
0.661179
0.647164
0.662997
0.663170
0.664574
0.641652
0.639827
0.629777
0.625897
0.648610
0.610083
0.208866
-0.371700
-2.145920
-5.931938
-12.578925
-14.799747
-10.734847
-5.884126
-0.072810
6.426179
9.122982
8.420331
6.793936
5.791920
4.467192
3.551485
3.077349
2.760529
2.635742
2.559809
2.326353
2.443739
2.398493
2.359862
2.365676
2.391049
2.275514
