5.829422
5.970440
6.036559
5.944509
6.127845
6.806057
8.152445
9.886993
13.072702
16.288441
17.465992
21.515303
24.215099
21.361401
21.633928
20.989216
19.746433
18.494013
17.287935
16.905386
16.189787
15.393440
14.500061
15.500718
15.257429
14.936201
13.542771
13.037137
12.708648
10.675022
9.947985
8.234850
5.572929
6.484685
7.631589
7.479662
8.203197
10.185664
12.390541
10.047752
8.231427
7.681372
6.667669
7.635108
9.304253
9.167954
9.420230
9.325527
10.737477
11.721626
10.082780
8.803086
7.771610
5.828159
3.978702
3.100960
3.385023
3.169131
3.764314
3.451225
4.368866
6.145145
1.764857
0.060570
-0.031091
-0.086450
-2.323200
-2.278747
-1.178982
-0.251658
-0.440315
-0.625605
-0.875996
-0.583443
-1.813428
-2.906088
-3.130654
-3.579108
-3.403750
-3.085359
-2.940037
-2.740915
-2.325686
-2.092086
-1.990430
-1.948129
-1.725984
-1.610222
-1.412630
-1.026572
-0.787567
-0.777285
-0.875439
-0.936007
-0.972448
-0.738872
-0.542362
0.119916
0.562332
0.896797
0.936351
