0.768994
0.769263
0.769562
0.769884
0.770172
0.770497
0.770849
0.771237
0.771572
0.771880
0.772184
0.772471
0.772795
0.772956
0.773062
0.772900
0.772494
0.771838
0.770573
0.768936
0.767077
0.765065
0.762880
0.760604
0.758085
0.755335
0.752491
0.749300
0.747907
0.744668
0.741367
0.737948
0.734484
0.731105
0.727846
0.724678
0.721555
0.718236
0.714544
0.710351
0.705834
0.701078
0.696063
0.690796
0.685313
0.679796
0.674150
0.668454
0.662603
0.656563
0.650313
0.643855
0.637383
0.630828
0.624218
0.617573
0.610788
0.603951
0.596988
0.589855
0.582650
0.575118
0.567022
0.558549
0.549808
0.540761
0.531628
0.522265
0.512853
0.503414
0.493998
0.484481
0.474719
0.465112
0.455564
0.446231
0.437032
0.428053
0.419359
0.411431
0.403916
0.396699
0.389574
0.382952
0.376010
0.369379
0.363287
0.357670
0.352909
0.348292
0.344634
0.340635
0.337336
0.334516
0.332118
0.329819
0.328040
0.326585
0.324941
0.323583
0.321784
