0.607625
0.607306
0.607203
0.607601
0.608254
0.609177
0.610568
0.611508
0.612508
0.613716
0.614953
0.616287
0.617908
0.619217
0.620899
0.622929
0.625293
0.627607
0.628893
0.629976
0.631154
0.632111
0.633337
0.634754
0.636415
0.638460
0.640662
0.642367
0.643799
0.644833
0.645846
0.647125
0.648208
0.649363
0.650507
0.651502
0.652762
0.654211
0.655422
0.656393
0.657065
0.657656
0.657948
0.658662
0.659313
0.659719
0.660337
0.660606
0.660808
0.661718
0.661967
0.661225
0.660190
0.658841
0.657183
0.655534
0.653896
0.652179
0.650699
0.649227
0.647183
0.645454
0.643622
0.641958
0.640373
0.639100
0.637946
0.637329
0.637104
0.637890
0.638244
0.637633
0.638347
0.638787
0.639217
0.639871
0.641230
0.643212
0.644709
0.645770
0.646452
0.648413
0.649499
0.650977
0.652647
0.654178
0.655441
0.656438
0.657808
0.658791
0.659648
0.661095
0.662634
0.663839
0.664835
0.665580
0.666146
0.666850
0.667857
0.668531
0.668996
