2.647746
2.650929
2.583371
2.292463
1.738316
0.706515
-1.074915
-3.476080
-6.922661
-10.206747
-12.144166
-12.817918
-12.287971
-12.596342
-12.939557
-12.796770
-12.352215
-13.342910
-13.765963
-15.032281
-14.972368
-15.832707
-16.372183
-15.861125
-14.930833
-13.649562
-12.328124
-11.807250
-13.131201
-14.948130
-16.062618
-15.791098
-15.498960
-15.786212
-15.528566
-14.992876
-14.349455
-12.926134
-12.342597
-12.786523
-13.279057
-13.960135
-14.415787
-14.971406
-14.704170
-14.333052
-14.023939
-13.433066
-13.231171
-12.474332
-11.953745
-12.872149
-12.951802
-13.857895
-14.253963
-14.404588
-14.259356
-14.014758
-13.449849
-12.764387
-12.258590
-11.939875
-11.079117
-9.965253
-8.526296
-6.446627
-3.763126
-1.050031
2.094761
6.536066
9.996940
11.058456
12.886880
16.336151
15.737606
18.639446
22.345352
25.418619
26.924082
24.210426
21.318048
18.742100
19.244766
19.607882
18.678413
17.398417
16.780245
15.344129
13.986237
13.542123
12.880531
11.289834
12.179432
12.872083
13.434714
13.477336
13.613916
14.475599
15.676866
17.730000
18.553167
