-0.582470
-0.590437
-0.587076
-0.584355
-0.582848
-0.577880
-0.578767
-0.601472
-0.653728
-0.781564
-1.013512
-1.373609
-1.806829
-2.261416
-2.792871
-3.393173
-4.361692
-5.409251
-7.526349
-9.457000
-11.358102
-12.263440
-12.561732
-12.699162
-12.967779
-13.371595
-13.522959
-13.892352
-14.290747
-15.066742
-15.497746
-15.469855
-15.450260
-15.536073
-16.214439
-16.591579
-17.354187
-18.160135
-18.037975
-18.153399
-18.587067
-19.269024
-19.714741
-19.854282
-19.936329
-20.044474
-20.379749
-20.967487
-20.822723
-20.963394
-21.227249
-21.187803
-20.971752
-21.000616
-19.943153
-18.945980
-17.907909
-16.603157
-14.316854
-11.550726
-6.710084
-1.266623
3.989876
7.693646
11.179010
14.601126
15.030024
17.442635
20.771963
24.341309
26.465246
27.818624
28.891226
32.018723
32.640236
33.499645
30.894907
29.921972
30.438370
29.113464
28.511250
27.706450
25.468620
25.050064
24.985233
23.868801
22.707945
22.055006
21.571768
21.306549
21.020222
21.214813
21.206871
21.255806
20.516180
19.575127
18.370432
16.711882
15.137811
13.744724
12.432986
