0.690099
0.690140
0.690176
0.690209
0.690242
0.690300
0.690346
0.690390
0.690424
0.690461
0.690505
0.690546
0.690625
0.690722
0.690804
0.690831
0.690862
0.690784
0.690573
0.690299
0.689662
0.688664
0.687519
0.686347
0.684999
0.683596
0.682046
0.680242
0.678175
0.676053
0.673821
0.671473
0.668949
0.666241
0.663510
0.660636
0.657671
0.654570
0.651343
0.647790
0.644147
0.640334
0.636340
0.632126
0.627824
0.623173
0.618204
0.613018
0.607509
0.601846
0.595812
0.589502
0.582934
0.576187
0.569300
0.562191
0.554946
0.547487
0.539786
0.532104
0.524226
0.516212
0.508333
0.500145
0.491939
0.483665
0.475381
0.467098
0.458967
0.450689
0.442529
0.434418
0.426516
0.418713
0.410751
0.403056
0.395701
0.388882
0.382236
0.376054
0.370338
0.365147
0.360330
0.356006
0.352181
0.348900
0.345983
0.343442
0.341125
0.339029
0.337470
0.336347
0.335543
0.335425
0.335336
0.335366
0.335608
0.336373
0.337058
0.337980
0.339469
