-0.306489
-0.308322
-0.304170
-0.301886
-0.304650
-0.305110
-0.333606
-0.391716
-0.481849
-0.571988
-0.703368
-0.878991
-1.124097
-1.394725
-1.599133
-1.833883
-2.185280
-2.699526
-3.436229
-4.300633
-5.374504
-6.436182
-7.649479
-8.612237
-9.900069
-10.951097
-11.961416
-13.571197
-14.179553
-14.335824
-14.663143
-15.230478
-16.053564
-17.462461
-17.537931
-16.932583
-16.668730
-16.571720
-16.726099
-16.459843
-16.041246
-15.937412
-15.866585
-15.643185
-15.243156
-14.906800
-14.654222
-14.417588
-14.210721
-13.994850
-14.047912
-14.157512
-14.180989
-13.954350
-13.869793
-13.755210
-13.817282
-13.769612
-13.714522
-13.519129
-13.270713
-12.857929
-12.684072
-12.496022
-12.058548
-11.382287
-10.032711
-8.288891
-6.283938
-4.472384
-1.744134
1.676302
5.658333
9.403090
13.755806
16.864655
20.196831
21.540386
22.731852
22.333715
21.473465
20.233791
19.591457
20.038860
21.099058
21.429701
22.141020
22.056974
22.357552
22.499723
22.082371
21.502190
20.868801
20.196568
20.026701
19.528336
19.145851
19.003605
18.988836
18.840206
18.374788
