0.749906
0.749607
0.749347
0.749244
0.749293
0.749557
0.749915
0.750329
0.750730
0.751179
0.751675
0.752044
0.752626
0.753132
0.753376
0.753890
0.754364
0.754759
0.755243
0.755660
0.756034
0.756618
0.757018
0.757471
0.757765
0.758266
0.758564
0.758782
0.758647
0.758598
0.758543
0.758522
0.758466
0.758384
0.758141
0.757743
0.757184
0.756669
0.756199
0.755789
0.755404
0.754627
0.753600
0.752512
0.751261
0.750106
0.749029
0.747965
0.746939
0.745951
0.745022
0.744042
0.743617
0.743353
0.743487
0.743641
0.743831
0.744201
0.744731
0.745311
0.745884
0.746407
0.746740
0.747036
0.747293
0.748099
0.748699
0.749073
0.749707
0.750131
0.750725
0.751224
0.751753
0.752373
0.752794
0.753375
0.753842
0.754224
0.754714
0.755175
0.755627
0.756046
0.756382
0.756742
0.757003
0.757193
0.757415
0.757632
0.757872
0.758085
0.758289
0.758507
0.758716
0.758940
0.759166
0.759378
0.759567
0.759744
0.759804
0.759805
0.759752
