1.939948
1.934198
1.936356
1.952053
2.005495
2.015861
2.049394
2.068649
2.085729
2.109139
2.163635
2.265148
2.384882
2.314721
2.350419
2.401223
2.429101
2.510482
2.483755
2.444069
2.400430
2.289543
2.272223
2.217617
2.451069
2.246020
2.284202
1.624232
2.115958
2.138101
2.229827
2.251624
2.249817
2.083033
1.975541
1.266591
0.933533
0.820567
0.883956
0.733991
0.627815
0.061956
0.492795
0.004794
0.366225
0.320529
0.698433
1.237534
1.267565
1.274885
1.187962
0.829560
-0.690199
-1.390287
-2.553687
-1.624748
-1.771199
-1.159631
-0.597187
-0.875925
-0.878924
-0.645079
0.166480
0.327589
1.387766
1.706488
2.720501
2.321332
2.062513
2.026586
2.530045
3.386868
2.592425
1.084864
1.124186
1.679506
2.421839
2.494884
2.105586
2.145253
2.031239
2.125421
2.256291
2.700209
2.532878
2.583531
2.885705
2.906166
2.625886
2.618999
2.470711
2.307542
2.186258
2.232660
2.104403
1.567151
1.000452
0.995761
1.289012
1.376119
1.393227
