-0.167261
-0.167256
-0.167255
-0.167261
-0.167257
-0.167240
-0.167231
-0.167211
-0.167192
-0.167165
-0.167136
-0.167109
-0.167077
-0.167058
-0.167033
-0.167004
-0.166977
-0.166953
-0.166923
-0.166901
-0.166868
-0.166821
-0.166768
-0.166723
-0.166670
-0.166612
-0.166558
-0.166495
-0.166439
-0.166372
-0.166304
-0.166236
-0.166161
-0.166068
-0.165988
-0.165901
-0.165831
-0.165730
-0.165617
-0.165570
-0.165481
-0.165436
-0.165380
-0.165314
-0.165245
-0.165212
-0.165184
-0.165126
-0.165039
-0.164952
-0.164864
-0.164730
-0.164678
-0.164566
-0.164421
-0.164281
-0.164131
-0.163968
-0.163802
-0.163636
-0.163492
-0.163343
-0.163218
-0.163183
-0.163133
-0.163070
-0.163000
-0.162897
-0.162828
-0.162766
-0.162688
-0.162604
-0.162545
-0.162486
-0.162447
-0.162407
-0.162364
-0.162322
-0.162302
-0.162261
-0.162226
-0.162170
-0.162133
-0.162117
-0.162094
-0.162067
-0.162056
-0.162046
-0.162050
-0.162059
-0.162096
-0.162107
-0.162115
-0.162118
-0.162142
-0.162160
-0.162177
-0.162208
-0.162239
-0.162248
-0.162267
