1.786359
2.043870
2.426250
2.944188
3.612257
4.388299
5.163077
5.818396
7.412670
7.612609
8.293615
9.149973
9.992538
9.988634
10.205258
10.408978
11.025209
11.309807
11.097084
10.903076
10.395712
10.203473
9.989882
9.875780
9.960396
9.850339
9.451830
9.132493
8.823346
8.549945
8.463223
8.156511
7.872202
7.652527
7.202834
6.606540
6.337512
6.154986
6.024323
5.799544
5.593649
5.357493
4.732827
5.733861
5.552578
5.209952
5.236316
5.476817
5.736209
5.136628
3.941257
3.492216
2.762192
2.880629
5.358392
5.699564
3.493382
2.622148
2.383357
1.563794
0.617371
0.117901
0.862694
0.964634
1.980022
3.178955
1.149549
1.649916
1.805727
1.462560
1.934084
2.703292
2.922882
3.280253
3.404908
3.470969
3.323227
3.325529
3.612547
3.550025
3.497979
3.528402
3.339111
3.356517
3.008787
3.110842
3.045256
3.332538
3.822933
3.941702
4.019395
4.235271
4.418788
3.900864
3.665875
3.587368
3.651098
3.785422
3.892962
4.066106
4.148701
