0.295606
0.347459
0.394531
0.417847
0.337311
0.112800
-0.267348
-0.756943
-1.416960
-2.382476
-3.995950
-5.956356
-8.013045
-10.422419
-12.330121
-14.542399
-16.471193
-19.406801
-21.610624
-22.908541
-24.308226
-26.134249
-26.785749
-27.305700
-27.913525
-28.658712
-29.128241
-28.996088
-28.548746
-28.334812
-28.333576
-28.509882
-28.568674
-28.409966
-28.272532
-27.925011
-27.781345
-25.937811
-22.790651
-17.757063
-10.784315
-3.715306
2.477696
7.930565
15.013204
20.618601
22.023901
22.793535
22.895689
22.693100
22.428068
22.614298
23.260347
24.675224
24.859404
24.381340
24.150463
24.069939
24.312147
24.557915
24.854095
24.997740
24.294111
23.787344
23.170675
22.269848
21.403656
20.441772
19.376736
18.807337
19.019348
19.787798
20.572506
21.248798
21.578697
21.801035
21.600660
21.596464
21.748089
21.119282
19.636780
17.877272
16.006033
13.008486
8.892695
3.760309
-2.665945
-8.750429
-13.942145
-20.412258
-24.213610
-26.576780
-27.226336
-25.876331
-24.039646
-21.791960
-19.099087
-14.842775
-10.629459
-5.886795
-1.256979
