0.430987
0.426835
0.423076
0.397486
0.365397
0.304767
0.200324
0.031718
-0.208216
-0.616914
-1.084950
-1.399111
-1.696687
-1.955350
-2.366549
-2.584383
-3.016233
-3.022631
-2.849613
-2.833442
-2.783371
-2.587645
-2.375910
-2.101896
-1.662099
-1.039524
-0.299530
0.620679
2.133341
4.229726
6.501716
8.386771
9.631232
10.562978
10.417090
9.586262
8.619551
7.260349
4.915067
2.316098
-0.022340
-2.088511
-3.373137
-3.944046
-4.772772
-5.369108
-5.451805
-5.543219
-6.058039
-6.117642
-5.819316
-5.163340
-4.373867
-3.480865
-3.015032
-2.247978
-1.433820
-0.498036
0.453425
1.080531
1.752629
2.574953
3.263433
3.840267
4.349665
4.850933
5.628946
6.223959
6.978810
7.927748
8.590412
9.348287
9.711225
9.895727
9.710616
9.350723
9.095428
8.751399
8.424920
8.002329
7.691808
7.353443
6.904255
6.436432
6.120069
5.897251
5.610322
5.242536
5.158938
4.733914
4.414165
4.150666
2.936915
2.804679
2.641722
2.499752
2.503793
2.343459
2.331420
2.250132
2.133936
