-0.412006
-0.416603
-0.412194
-0.403329
-0.396271
-0.399680
-0.423461
-0.476364
-0.585343
-0.801365
-1.169979
-1.641717
-2.365190
-3.465897
-4.938551
-6.639203
-8.475391
-10.963976
-13.418064
-16.473829
-19.584475
-22.619846
-24.154099
-25.605865
-26.780279
-27.844700
-28.537161
-29.204981
-29.363731
-29.568567
-30.385170
-31.037729
-31.232231
-30.685547
-29.705315
-28.589718
-27.183243
-25.573269
-23.411692
-20.619862
-13.720504
-6.986700
0.443223
8.520510
15.004364
18.450645
22.236328
26.762417
31.806993
36.271835
40.017433
41.688713
42.175297
41.056492
39.243382
37.564404
36.046783
34.209167
32.941525
32.968548
33.933430
34.068054
33.553322
32.372032
31.241179
29.587353
27.659466
25.870224
24.096128
22.631804
21.731037
21.247477
21.744822
21.130302
20.000469
18.884958
17.504250
16.233120
15.102632
14.111152
12.917293
12.158539
11.222778
10.272323
9.415954
8.571911
8.279325
7.721529
7.140275
6.804161
5.908758
5.536662
4.958179
4.376987
3.979106
3.585236
3.272375
2.818515
2.610841
2.287785
2.087443
