2.070517
2.126621
2.181860
2.238829
2.278067
2.281695
2.278400
2.223305
1.986041
1.737900
1.406693
1.129887
0.805712
0.211906
-0.458831
-1.415801
-2.489287
-3.539002
-4.841777
-5.361122
-3.207740
-2.936106
-2.462732
-2.696073
-1.727732
-0.628992
-1.134833
-1.207666
-1.158388
-1.275578
-1.789544
-2.149891
-3.143200
-4.020605
-4.952890
-5.941567
-6.922766
-7.178536
-6.904860
-6.424001
-6.128970
-5.302137
-5.083518
-4.445734
-2.758717
-1.963465
-0.647582
0.964028
2.598136
3.160134
3.977745
5.185270
7.169927
10.243118
9.901397
8.707046
8.028681
7.302461
7.859270
7.529835
7.336647
7.329957
7.125516
6.560656
4.608332
5.179794
5.590178
5.538392
5.914284
6.016849
6.073599
6.007085
6.297072
6.923285
6.792356
6.791215
5.727151
6.071189
6.530337
6.860126
7.292467
7.516904
7.402209
7.050542
7.032939
6.954913
6.796700
6.561853
6.594242
6.877218
6.037749
5.953239
5.993747
5.945913
5.693029
5.685667
5.860674
6.086422
6.019915
6.074321
5.929708
