0.896570
0.896707
0.896839
0.896984
0.897121
0.897259
0.897415
0.897522
0.897537
0.897448
0.897346
0.897241
0.897192
0.897061
0.896897
0.896732
0.896435
0.896071
0.895534
0.894931
0.894095
0.893114
0.891976
0.890660
0.889093
0.887422
0.885536
0.883379
0.881032
0.878456
0.875727
0.872789
0.869614
0.866240
0.862729
0.859122
0.855335
0.851491
0.847479
0.843279
0.838947
0.834532
0.829900
0.825150
0.820243
0.815270
0.810193
0.805094
0.800001
0.795135
0.790411
0.785890
0.781580
0.777527
0.773733
0.770106
0.766634
0.763500
0.760621
0.757895
0.755408
0.753259
0.751417
0.749738
0.748206
0.746825
0.745404
0.744243
0.743080
0.742096
0.741304
0.740560
0.739854
0.739394
0.739141
0.739177
0.739351
0.739758
0.740294
0.740851
0.741533
0.742229
0.742962
0.743711
0.744480
0.745233
0.745992
0.746786
0.747486
0.748319
0.749155
0.749961
0.750783
0.751594
0.752418
0.753236
0.754073
0.754896
0.755723
0.756537
0.757369
