0.488806
0.488838
0.488885
0.489086
0.489325
0.489703
0.490231
0.490843
0.491491
0.492202
0.492899
0.493658
0.494196
0.494605
0.494884
0.494918
0.494723
0.494315
0.493803
0.493131
0.492077
0.490946
0.489914
0.489015
0.488188
0.487486
0.487111
0.487038
0.487185
0.487526
0.488107
0.488958
0.489675
0.490509
0.491228
0.492090
0.492846
0.493609
0.494294
0.494886
0.495407
0.495835
0.496134
0.496339
0.496518
0.496670
0.496832
0.496975
0.497123
0.497257
0.497344
0.497400
0.497429
0.497610
0.497733
0.497875
0.497974
0.498059
0.498190
0.498291
0.498353
0.498446
0.498532
0.498589
0.498649
0.498704
0.498749
0.498809
0.498855
0.498910
0.498950
0.499015
0.499067
0.499110
0.499160
0.499210
0.499246
0.499281
0.499328
0.499381
0.499427
0.499472
0.499521
0.499556
0.499593
0.499645
0.499678
0.499720
0.499756
0.499787
0.499814
0.499843
0.499873
0.499896
0.499919
0.499937
0.499963
0.499986
0.500012
0.500039
0.500054
