2.477298
3.437917
4.686485
6.317075
7.870502
9.081174
9.930877
9.973007
10.039855
10.298371
10.540595
9.551448
8.925036
8.382559
7.600771
6.088807
5.786179
5.771204
5.650247
5.151439
4.579311
4.026523
3.362378
2.977391
2.677151
2.750851
2.643108
2.355798
1.605285
0.834855
0.251011
0.076581
-0.519176
-1.035797
-1.180180
-1.496431
-1.008848
-0.869903
-1.350842
-2.520267
-3.985690
-6.806429
-10.365452
-12.763896
-14.205937
-14.432780
-14.929060
-15.876484
-15.637220
-15.629688
-16.238670
-15.897047
-15.205311
-14.567294
-12.740090
-10.033504
-7.184482
-4.950490
-2.702024
0.236838
3.684002
7.818551
12.905529
17.753107
23.029875
26.064758
26.479004
24.351601
22.354919
20.282461
17.285837
14.649674
13.124361
11.325877
10.019033
10.183255
9.481928
8.490406
7.411206
6.826474
6.455458
5.977914
5.247168
4.847814
5.008166
4.677650
4.508102
4.565958
4.731783
5.036610
5.235492
5.248548
5.199063
5.115181
4.997771
5.408822
5.188039
5.167432
5.217511
4.940214
4.566154
