0.039366
0.043068
0.046773
0.050449
0.054160
0.057964
0.061877
0.065769
0.069666
0.073612
0.077636
0.081675
0.085678
0.089660
0.093610
0.097760
0.101904
0.105773
0.109548
0.113105
0.116535
0.119765
0.122517
0.125175
0.127686
0.129635
0.131282
0.132632
0.133321
0.133451
0.133026
0.132418
0.131632
0.130711
0.129269
0.127798
0.126174
0.124393
0.122341
0.120255
0.117679
0.114633
0.111131
0.107543
0.103820
0.099750
0.095518
0.091261
0.086804
0.082448
0.078155
0.073883
0.069634
0.065382
0.060869
0.056171
0.051274
0.046264
0.041379
0.036208
0.031232
0.026318
0.021487
0.016726
0.012076
0.007403
0.002720
-0.001874
-0.006515
-0.011236
-0.015920
-0.020646
-0.025304
-0.029917
-0.034480
-0.038968
-0.043260
-0.047465
-0.051680
-0.055915
-0.060058
-0.063576
-0.066967
-0.070067
-0.072720
-0.075234
-0.077453
-0.079333
-0.080921
-0.082393
-0.083538
-0.084176
-0.084527
-0.084654
-0.083943
-0.083045
-0.081927
-0.080649
-0.079089
-0.077355
-0.075208
