0.174220
0.173996
0.173771
0.173551
0.173329
0.173147
0.172982
0.172824
0.172651
0.172490
0.172348
0.172219
0.172131
0.172033
0.171849
0.171698
0.171500
0.171275
0.170975
0.170708
0.170494
0.170161
0.169809
0.169464
0.169115
0.168732
0.168380
0.168001
0.167663
0.167225
0.166892
0.166387
0.165994
0.165523
0.165145
0.164656
0.164162
0.163785
0.163343
0.162907
0.162456
0.161960
0.161453
0.161047
0.160603
0.160261
0.160047
0.159876
0.159730
0.159601
0.159552
0.159603
0.159635
0.159669
0.159842
0.160004
0.160057
0.160262
0.160437
0.160517
0.160525
0.160546
0.160553
0.160558
0.160473
0.160355
0.160161
0.159909
0.159499
0.158975
0.158475
0.157988
0.157534
0.156978
0.156424
0.155865
0.155274
0.154638
0.154174
0.153609
0.153010
0.152471
0.151955
0.151452
0.150917
0.150414
0.149919
0.149471
0.148908
0.148388
0.147866
0.147380
0.146872
0.146415
0.145905
0.145442
0.145013
0.144593
0.144203
0.143820
0.143436
