0.432163
0.432123
0.432085
0.432252
0.432366
0.432468
0.432607
0.432850
0.433179
0.433699
0.434292
0.434817
0.435489
0.436234
0.437091
0.438189
0.439287
0.440515
0.441739
0.443116
0.444660
0.446147
0.447656
0.449276
0.451012
0.452742
0.454879
0.456821
0.458813
0.460733
0.462594
0.464551
0.466405
0.468594
0.470915
0.473192
0.475360
0.477319
0.479545
0.481776
0.483922
0.486170
0.488202
0.490314
0.492866
0.495144
0.497550
0.499552
0.501469
0.503892
0.505916
0.508032
0.510193
0.512030
0.514021
0.515519
0.517302
0.519587
0.521504
0.523238
0.524912
0.526371
0.527823
0.529672
0.532005
0.533918
0.535946
0.537895
0.539747
0.541602
0.543158
0.544975
0.546758
0.548817
0.550755
0.552360
0.553871
0.555156
0.556522
0.557844
0.558971
0.560052
0.561095
0.561983
0.562718
0.563289
0.563593
0.563741
0.564034
0.564166
0.564302
0.564336
0.564294
0.564063
0.563692
0.563421
0.563120
0.562766
0.562273
0.561834
0.561337
