-0.885671
-0.836786
-0.780101
-0.804780
-0.834005
-0.871359
-1.030379
-1.811022
-3.038835
-4.649885
-6.419482
-7.953944
-9.664314
-11.499763
-13.918025
-17.130081
-22.154751
-27.525764
-32.099972
-34.383675
-34.934074
-35.097816
-36.065460
-36.583023
-36.907448
-36.199741
-36.402840
-36.836529
-35.879036
-34.473068
-32.887543
-31.393587
-29.278507
-23.308529
-15.300736
-5.479979
3.661416
10.708079
15.687140
19.690426
22.516829
24.004959
24.994711
25.532602
25.047213
24.075304
23.170586
22.324799
21.581816
20.863270
20.280382
19.455273
18.823248
18.995760
19.795036
20.531393
21.142403
21.555620
21.731007
21.745876
21.735249
21.656836
21.112902
20.222916
19.349508
18.044962
16.438084
15.255362
14.047937
13.593558
14.571828
15.877951
17.434578
17.691320
16.429190
14.013888
9.621543
3.285621
-3.530211
-8.807329
-13.580931
-16.559002
-19.230433
-18.926275
-16.187141
-12.723970
-7.104073
-1.357188
5.489002
11.252115
15.154946
16.912987
17.219622
17.339310
17.129305
16.581713
15.841974
15.300590
14.819867
14.239027
13.788451
