0.716883
0.717160
0.717428
0.717702
0.717966
0.718221
0.718050
0.717259
0.715965
0.714249
0.712018
0.709103
0.705442
0.701101
0.696186
0.691004
0.685638
0.680133
0.674556
0.668884
0.663164
0.657352
0.651613
0.645872
0.640303
0.634907
0.629952
0.625421
0.621349
0.617878
0.615138
0.613087
0.611619
0.610755
0.610268
0.610179
0.610400
0.610835
0.611415
0.612086
0.612750
0.613391
0.614040
0.614666
0.615317
0.616126
0.617004
0.617966
0.618849
0.619806
0.620780
0.621730
0.622663
0.623578
0.624493
0.625409
0.626301
0.627192
0.628086
0.628988
0.629866
0.630740
0.631616
0.632490
0.633361
0.634221
0.635079
0.635929
0.636776
0.637623
0.638456
0.639285
0.640120
0.640948
0.641756
0.642577
0.643391
0.644205
0.645014
0.645810
0.646615
0.647416
0.648201
0.648989
0.649779
0.650568
0.651346
0.652130
0.652892
0.653649
0.654406
0.655151
0.655907
0.656656
0.657401
0.658138
0.658871
0.659598
0.660335
0.661025
0.661751
