0.194754
0.170250
0.145907
0.137919
0.123982
0.123969
0.142785
0.241148
0.312221
0.496531
0.764226
0.986035
1.517322
1.716754
1.888841
1.728639
1.347358
0.887227
0.396905
0.000860
-0.339991
-0.737429
-0.862293
-1.408888
-1.305888
-1.471519
-1.447157
-1.998090
-2.205567
-1.933599
-1.309615
-0.975480
-0.777534
-0.576550
-0.423071
-0.439822
-0.442321
-0.420622
-0.383633
-0.349650
-0.358384
-0.192043
-0.176201
-0.218712
-0.200384
-0.239464
-0.355877
-0.508993
-0.549715
-0.545199
-0.497520
-0.473734
-0.451372
-0.406011
-0.356884
-0.313956
-0.290465
-0.275787
-0.241612
-0.227160
-0.209916
-0.188320
-0.160916
-0.143077
-0.126059
-0.117881
-0.105361
-0.098045
-0.098641
-0.072592
-0.056226
-0.037615
-0.029636
-0.020594
-0.017393
-0.006275
0.011036
0.017329
0.029795
0.034240
0.032300
0.048733
0.047768
0.046841
0.048275
0.048514
0.050987
0.054479
0.057855
0.062191
0.069554
0.067324
0.079534
0.083299
0.082933
0.089497
0.095884
0.085663
0.091032
0.099102
0.102276
