0.953787
0.953789
0.954190
0.954322
0.954352
0.954555
0.954498
0.954447
0.954230
0.954836
0.954806
0.954784
0.955021
0.954816
0.955059
0.955010
0.955168
0.955272
0.955122
0.955360
0.955474
0.956177
0.956677
0.956082
0.955958
0.956016
0.955582
0.955722
0.955781
0.955782
0.955745
0.956287
0.956286
0.956123
0.956521
0.956570
0.956754
0.956887
0.956715
0.956413
0.956538
0.957059
0.957259
0.957485
0.957668
0.958035
0.958413
0.958441
0.958579
0.958573
0.958576
0.958657
0.958936
0.959080
0.959016
0.958874
0.958741
0.958724
0.959106
0.959268
0.959613
0.959561
0.959794
0.959850
0.959883
0.959762
0.959844
0.960046
0.959861
0.960026
0.960188
0.960349
0.960309
0.960506
0.960664
0.961043
0.961036
0.961140
0.961285
0.961261
0.961350
0.961682
0.961686
0.961861
0.962012
0.962142
0.962160
0.962239
0.962228
0.962195
0.962137
0.962188
0.962272
0.962452
0.962438
0.962478
0.962527
0.962713
0.962757
0.962897
0.962705
