0.075724
0.075735
0.075753
0.075767
0.075772
0.075788
0.075806
0.075808
0.075810
0.075811
0.075855
0.075877
0.075878
0.075899
0.075931
0.075971
0.076036
0.076052
0.076100
0.076144
0.076177
0.076207
0.076253
0.076278
0.076299
0.076287
0.076274
0.076287
0.076230
0.076181
0.076118
0.076047
0.076026
0.075970
0.075939
0.075902
0.075880
0.075863
0.075856
0.075860
0.075863
0.075865
0.075867
0.075877
0.075890
0.075906
0.075925
0.075940
0.075952
0.075972
0.075998
0.076045
0.076091
0.076115
0.076194
0.076255
0.076341
0.076410
0.076487
0.076569
0.076636
0.076709
0.076790
0.076862
0.076933
0.076997
0.077077
0.077147
0.077188
0.077270
0.077331
0.077397
0.077466
0.077557
0.077620
0.077685
0.077739
0.077782
0.077809
0.077852
0.077870
0.077896
0.077910
0.077911
0.077907
0.077901
0.077881
0.077855
0.077824
0.077777
0.077734
0.077678
0.077616
0.077550
0.077477
0.077413
0.077345
0.077269
0.077196
0.077144
0.077068
