1.800834
1.807062
1.834785
1.880603
1.939090
2.022823
2.180667
2.433035
3.008635
4.164780
4.915773
6.264122
6.195100
7.012792
8.044401
8.629040
8.184316
8.074909
8.327261
8.312895
7.531070
7.449452
7.237650
6.546990
6.669441
6.656550
6.771320
7.271993
7.070802
6.594691
7.401978
7.070430
6.711047
5.166244
4.356354
4.722875
5.219640
4.668969
4.281289
3.818356
3.249312
3.356749
3.281087
3.290504
3.440383
3.457976
3.516602
3.569333
3.489003
3.387070
3.367050
3.363613
3.354859
3.268646
3.401985
3.371151
2.821918
2.897457
2.788905
2.632715
2.383830
1.947523
2.039061
2.009168
1.873966
1.962407
1.956634
1.948765
1.882116
1.894640
1.924983
1.639185
1.555646
1.682205
1.782623
1.751604
1.973811
2.001313
1.939962
1.938196
1.704155
1.498368
1.473809
1.265567
1.233612
1.149374
1.071266
1.014582
1.026308
1.001332
1.035532
1.011384
0.935372
0.954368
0.949317
1.059957
1.076236
1.176308
1.322634
1.586660
1.851815
