0.433148
0.423015
0.476599
0.606536
0.767043
0.967486
1.158024
1.401245
1.862155
2.699543
3.741413
4.735776
5.796409
6.809470
8.188540
9.155138
10.124815
10.971660
10.760976
10.979729
10.846004
10.472591
10.469913
10.476159
10.373593
10.442554
9.826378
9.460233
9.026639
8.268262
7.241535
6.381652
5.463196
4.870861
4.191725
3.435010
2.750473
2.084181
1.678641
1.216993
0.826838
0.506999
0.273937
0.067430
-0.303768
-0.679393
-1.072607
-1.368396
-1.621559
-1.782438
-2.328168
-3.046035
-3.526183
-4.002432
-4.652446
-4.898360
-5.153567
-5.485486
-5.511042
-5.494205
-5.390636
-5.268604
-5.257170
-5.161993
-5.157009
-5.315245
-5.446166
-5.721197
-5.922246
-6.188133
-6.323436
-6.414102
-6.451630
-6.393649
-6.467707
-6.642955
-6.675377
-6.875433
-6.800584
-6.658817
-6.556384
-6.550276
-6.520365
-6.478355
-6.521698
-6.429963
-6.440340
-6.342037
-6.232295
-6.087326
-5.956548
-5.811829
-5.539028
-5.377713
-5.182836
-4.960217
-4.633849
-4.406294
-4.200232
-4.065649
-3.889740
