0.317339
0.317326
0.317318
0.317324
0.317330
0.317351
0.317388
0.317448
0.317594
0.317750
0.317925
0.318117
0.318364
0.318643
0.318965
0.319314
0.319668
0.320046
0.320454
0.320865
0.321272
0.321679
0.322102
0.322530
0.322947
0.323356
0.323767
0.324177
0.324602
0.325043
0.325476
0.325885
0.326265
0.326622
0.326948
0.327255
0.327549
0.327784
0.328015
0.328200
0.328389
0.328555
0.328697
0.328814
0.328922
0.329052
0.329143
0.329192
0.329230
0.329298
0.329274
0.329213
0.329134
0.329087
0.329108
0.329202
0.329308
0.329497
0.329723
0.330039
0.330379
0.330703
0.331051
0.331421
0.331820
0.332231
0.332649
0.333095
0.333552
0.334021
0.334524
0.334999
0.335480
0.335990
0.336501
0.336999
0.337498
0.338039
0.338564
0.339090
0.339619
0.340123
0.340639
0.341151
0.341676
0.342144
0.342564
0.342999
0.343363
0.343777
0.344170
0.344505
0.344780
0.345023
0.345259
0.345481
0.345667
0.345848
0.346014
0.346134
0.346260
