0.912222
0.912275
0.912329
0.912377
0.912416
0.912463
0.912513
0.912565
0.912621
0.912671
0.912717
0.912755
0.912786
0.912826
0.912898
0.912945
0.912989
0.913006
0.913019
0.913017
0.912975
0.912860
0.912676
0.912421
0.912117
0.911714
0.911212
0.910647
0.909999
0.909292
0.908498
0.907626
0.906676
0.905660
0.904572
0.903432
0.902217
0.900936
0.899606
0.898225
0.896789
0.895291
0.893726
0.892061
0.890303
0.888451
0.886506
0.884474
0.882352
0.880107
0.877740
0.875326
0.872859
0.870321
0.867694
0.865012
0.862244
0.859422
0.856528
0.853560
0.850551
0.847443
0.844232
0.840954
0.837644
0.834373
0.831037
0.827756
0.824526
0.821376
0.818262
0.815248
0.812219
0.809246
0.806352
0.803468
0.800698
0.797983
0.795310
0.792780
0.790279
0.787878
0.785525
0.783238
0.781013
0.778879
0.776872
0.774930
0.773141
0.771424
0.769774
0.768195
0.766724
0.765327
0.764071
0.762893
0.761844
0.760888
0.760234
0.759750
0.759498
