1.245567
1.311533
1.373658
1.425918
1.443091
1.424716
1.379806
1.523640
1.329624
1.188388
1.057367
0.872793
0.787390
0.546164
0.408828
0.342291
0.188202
0.131772
0.091743
0.055630
0.021292
-0.009498
0.027771
0.132587
0.143333
0.225398
0.247615
0.261669
0.254254
0.264098
0.298189
0.314678
0.322429
0.450281
0.496594
0.491546
0.351547
0.224493
-0.035852
-0.098672
0.382302
0.149746
-0.137767
-0.465805
-0.152225
-0.455127
-0.735263
-1.086166
-1.275793
-1.433078
-1.604757
-1.922863
-2.152617
-2.253353
-2.020241
-2.031729
-1.782957
-1.034246
-0.064660
1.281336
2.446203
3.702955
4.628313
5.696242
6.415425
6.710523
6.861740
6.799006
6.754805
6.540792
6.349142
5.730684
5.688655
5.775854
5.784884
5.692211
5.635982
5.571950
5.660188
5.685700
5.581774
5.774214
5.786936
5.729237
5.629986
5.481074
5.169864
4.810492
5.038622
4.917728
4.821680
5.370413
5.095309
5.255068
5.741501
6.111733
6.248177
6.481627
6.487501
6.690758
6.815296
