0.741333
0.721924
0.870728
0.808228
0.845093
0.840454
0.942017
0.433716
0.856201
0.935913
0.910400
0.823853
0.958374
1.084839
1.094727
1.069336
0.990601
0.939819
0.866943
0.882446
0.812866
0.715088
0.593994
0.583252
0.482300
0.371338
0.352295
0.263550
0.228882
0.128418
0.236084
0.321289
0.382202
0.038574
-0.028320
-0.350586
-0.209229
-0.105469
-0.074341
-0.037842
0.125000
0.253540
0.387085
0.357300
0.449951
0.625366
0.712158
0.729004
0.756104
0.828369
0.855103
0.818726
0.836914
0.959229
0.988770
1.056641
0.993530
1.035156
0.956543
0.873047
0.803833
0.525757
0.878784
0.852173
0.812378
0.817261
0.751465
0.765991
0.680298
0.627197
0.571411
0.673096
0.667114
0.679932
0.773193
0.779907
0.757202
0.812134
0.896851
0.840210
0.819092
0.877563
0.788818
0.844727
0.870239
0.892822
1.104004
1.043213
1.062012
1.023926
0.945190
0.820679
0.751709
0.735229
0.606201
0.426636
0.389404
0.388306
0.285034
0.209717
0.147705
