-2.258301
-0.244141
-0.610352
34.301758
39.550781
26.245117
4.943848
25.695801
-96.252441
-23.803711
18.371582
27.832031
39.245605
24.597168
51.818848
47.546387
56.640625
56.579590
49.560547
42.907715
40.710449
32.836914
33.081055
32.287598
36.376953
23.803711
16.479492
26.184082
28.686523
37.048340
19.653320
7.934570
20.263672
46.325684
44.372559
55.908203
2.685547
-21.850586
-18.005371
-30.578613
-43.884277
-41.381836
-53.649902
-33.325195
-41.564941
-42.541504
-31.311035
-28.869629
-24.475098
-21.545410
-24.291992
-29.052734
-47.058105
-45.043945
-53.405762
-49.438477
-36.987305
-7.446289
-1.953125
-0.183105
-17.150879
40.161133
-91.064453
-27.832031
-29.968262
-24.658203
-11.413574
-8.789062
-2.075195
-16.845703
-8.422852
-11.962891
12.207031
23.315430
24.841309
22.338867
21.911621
6.347656
-14.770508
5.493164
-74.523926
-27.160645
24.780273
27.587891
8.666992
8.422852
20.874023
49.072266
50.170898
64.270020
70.861816
67.687988
56.091309
53.405762
50.476074
50.903320
41.687012
22.094727
27.893066
23.498535
33.569336
