4.269863
4.144075
3.935314
3.561859
3.017040
2.319856
1.574273
1.821623
2.580641
-1.808142
-4.770609
-11.910785
-10.423749
-9.539693
-9.066146
-18.043182
-57.254265
-86.221619
-80.205704
-68.761810
-46.375320
-40.952576
-110.751297
-173.410583
-129.131821
-115.063332
-77.432785
-41.189735
-55.308212
-35.280056
-13.037771
-23.828470
-25.865337
-48.837524
-58.470684
-36.877678
-51.223236
-27.167236
-36.476124
-39.131504
-67.532112
-93.115929
-74.502632
-60.759834
-44.632328
-34.499302
-29.999514
-14.626735
-20.697367
-26.644217
-54.291378
-50.537041
-38.204449
-32.252987
-40.472485
-51.404007
-54.466991
-125.824234
-183.234985
-92.207306
-47.626305
-15.131055
-7.051406
-10.135089
-9.496595
-27.038410
-57.674438
-62.197224
-33.219582
-35.856316
-53.389378
-78.838638
-86.210968
-75.135750
-53.611652
-31.577534
-16.603710
-1.577613
7.303988
6.415612
5.323976
5.346406
3.125544
2.676345
2.874846
3.738301
3.661146
4.336096
4.485111
4.458387
3.984292
4.094188
4.024490
3.858300
3.782417
3.632723
3.762512
3.729338
3.260343
3.180120
2.853662
