0.948246
0.948257
0.948256
0.948251
0.948246
0.948244
0.948248
0.948257
0.948271
0.948290
0.948305
0.948326
0.948324
0.948350
0.948369
0.948377
0.948335
0.948259
0.948148
0.947983
0.947785
0.947514
0.947176
0.946766
0.946307
0.945778
0.945189
0.944495
0.943696
0.942817
0.941902
0.940911
0.939873
0.938805
0.937681
0.936475
0.935213
0.933901
0.932513
0.931058
0.929544
0.927994
0.926378
0.924717
0.922992
0.921222
0.919394
0.917540
0.915600
0.913650
0.911673
0.909659
0.907607
0.905496
0.903383
0.901269
0.899229
0.897228
0.895279
0.893362
0.891489
0.889656
0.887840
0.886163
0.884573
0.883059
0.881657
0.880369
0.879222
0.878286
0.877526
0.876888
0.876386
0.876184
0.876054
0.876000
0.875963
0.875964
0.875970
0.876015
0.876084
0.876153
0.876234
0.876334
0.876426
0.876557
0.876650
0.876752
0.876882
0.877018
0.877115
0.877205
0.877314
0.877443
0.877555
0.877677
0.877799
0.877920
0.878054
0.878178
0.878291
