-0.061626
-0.061612
-0.061589
-0.061570
-0.061575
-0.061576
-0.061585
-0.061597
-0.061654
-0.061689
-0.061715
-0.061780
-0.061819
-0.061879
-0.061902
-0.061893
-0.061886
-0.061861
-0.061838
-0.061833
-0.061797
-0.061753
-0.061724
-0.061699
-0.061678
-0.061618
-0.061478
-0.061440
-0.061446
-0.061464
-0.061483
-0.061488
-0.061425
-0.061421
-0.061445
-0.061437
-0.061507
-0.061605
-0.061728
-0.061839
-0.061946
-0.062038
-0.062136
-0.062216
-0.062298
-0.062358
-0.062423
-0.062448
-0.062549
-0.062697
-0.062820
-0.062923
-0.063005
-0.063042
-0.063101
-0.063202
-0.063301
-0.063368
-0.063474
-0.063563
-0.063726
-0.063917
-0.064097
-0.064261
-0.064394
-0.064532
-0.064655
-0.064747
-0.064821
-0.064875
-0.064949
-0.064986
-0.065023
-0.065043
-0.065052
-0.065051
-0.065053
-0.065049
-0.065054
-0.065052
-0.065045
-0.065069
-0.065086
-0.065081
-0.065075
-0.065034
-0.065017
-0.065026
-0.065021
-0.064991
-0.064990
-0.064987
-0.064982
-0.064977
-0.064974
-0.064971
-0.064967
-0.064963
-0.064960
-0.064954
-0.064954
