1.128789
1.038821
0.965454
0.797245
0.415414
-0.070556
-0.687501
-1.308430
-2.256269
-2.934173
-3.492182
-3.977283
-4.246069
-4.152678
-4.021444
-4.018315
-3.928812
-3.627815
-3.240708
-2.661233
-2.196548
-2.104064
-1.786241
-1.642391
-1.135684
-0.781387
-0.199235
0.109841
0.673632
1.446047
2.838096
4.757150
6.581640
7.753420
7.642486
7.117235
6.607230
5.662333
4.840885
3.994773
3.095691
2.114595
1.354538
0.922525
0.763546
1.325451
0.852132
-0.195526
-1.455436
-2.491635
-2.758583
-2.540801
-2.532281
-2.491328
-2.118838
-1.517015
-0.530048
0.805596
2.344155
4.154811
6.250531
7.994123
9.492116
10.226520
10.772853
11.280902
11.721798
11.546177
11.393702
10.761814
9.881740
9.123695
8.567384
7.828408
7.304791
6.804626
6.434095
6.396891
6.262657
5.924238
5.437544
5.183328
5.000820
4.558678
4.121811
3.678405
3.149167
2.932947
2.841700
2.729298
2.571899
2.417688
2.283898
2.165073
2.026199
1.927471
1.916119
1.863552
1.853251
1.799222
1.684279
