0.276272
0.276242
0.276235
0.276229
0.276238
0.276294
0.276362
0.276467
0.276640
0.276877
0.277161
0.277514
0.277903
0.278312
0.278770
0.279255
0.279801
0.280426
0.281098
0.281796
0.282466
0.283153
0.283790
0.284406
0.284982
0.285403
0.285758
0.286070
0.286333
0.286550
0.286757
0.286895
0.286866
0.286766
0.286667
0.286660
0.286764
0.286903
0.287085
0.287317
0.287645
0.288013
0.288379
0.288833
0.289232
0.289769
0.290274
0.290857
0.291499
0.292175
0.292883
0.293635
0.294411
0.295226
0.295989
0.296770
0.297501
0.298271
0.299085
0.299850
0.300683
0.301391
0.302030
0.302776
0.303385
0.304004
0.304596
0.305180
0.305726
0.306167
0.306575
0.307043
0.307522
0.308084
0.308501
0.308908
0.309358
0.309858
0.310323
0.310865
0.311416
0.312032
0.312618
0.313234
0.313915
0.314497
0.315086
0.315602
0.316050
0.316470
0.316846
0.317198
0.317531
0.317805
0.318034
0.318204
0.318310
0.318410
0.318447
0.318429
0.318386
