0.921727
0.921756
0.921788
0.921815
0.921842
0.921874
0.921911
0.921941
0.921959
0.921975
0.921988
0.921997
0.922036
0.922095
0.922117
0.922163
0.922152
0.922129
0.922086
0.922016
0.921908
0.921760
0.921576
0.921329
0.921030
0.920674
0.920196
0.919649
0.919024
0.918352
0.917662
0.916891
0.916063
0.915143
0.914176
0.913134
0.911984
0.910789
0.909418
0.907995
0.906457
0.904879
0.903230
0.901422
0.899493
0.897468
0.895306
0.893039
0.890655
0.888197
0.885651
0.883052
0.880301
0.877476
0.874553
0.871535
0.868578
0.865455
0.862238
0.859061
0.855808
0.852468
0.849057
0.845623
0.842169
0.838691
0.835198
0.831702
0.828133
0.824592
0.821047
0.817547
0.814066
0.810660
0.807324
0.804119
0.801008
0.798012
0.795113
0.792309
0.789619
0.787063
0.784731
0.782752
0.780972
0.779360
0.777989
0.776917
0.775847
0.774914
0.774236
0.773718
0.773287
0.773004
0.772821
0.772671
0.772603
0.772563
0.772579
0.772639
0.772780
