-0.270971
-0.265860
-0.247543
-0.231617
-0.321218
-0.496594
-0.805658
-1.211193
-1.744612
-2.426325
-3.315526
-4.534238
-5.839527
-7.220656
-8.914120
-11.183620
-13.993136
-15.816360
-17.007582
-17.101620
-16.772579
-17.547676
-18.391409
-18.395578
-18.466311
-18.826296
-19.400208
-20.106163
-19.332006
-19.245184
-19.354935
-19.176815
-19.563604
-20.282959
-20.768633
-21.151541
-21.818085
-22.073225
-22.163603
-22.179861
-22.351660
-22.499699
-23.601164
-24.885014
-24.963018
-23.988106
-22.714779
-21.327456
-18.845917
-16.292871
-12.729934
-8.684581
-4.025842
1.915430
8.576336
12.720753
15.175696
16.687603
16.856949
17.404766
18.041348
18.672415
19.492695
20.425346
21.302008
22.089987
22.825436
23.319515
23.512537
23.218925
23.291376
23.704391
24.284485
24.898647
25.394733
25.725279
25.992153
26.202471
25.785080
25.813599
26.247458
26.779123
26.746456
26.634588
26.412840
25.489902
24.450748
23.413984
22.658875
22.153812
21.591110
20.722637
19.776304
18.945095
18.222225
17.387394
16.849401
16.213408
15.465425
14.485103
13.590679
