0.164780
0.164772
0.164731
0.164681
0.164632
0.164565
0.164496
0.164406
0.164326
0.164223
0.164148
0.164063
0.163978
0.163912
0.163866
0.163828
0.163781
0.163729
0.163660
0.163585
0.163500
0.163335
0.163173
0.162973
0.162758
0.162538
0.162384
0.162136
0.161851
0.161527
0.161354
0.161190
0.161051
0.161042
0.161049
0.161010
0.161009
0.160915
0.160868
0.160754
0.160544
0.160261
0.159923
0.159617
0.159317
0.159010
0.158783
0.158546
0.158316
0.158102
0.157907
0.157690
0.157459
0.157254
0.157075
0.156915
0.156737
0.156539
0.156322
0.156118
0.155943
0.155752
0.155560
0.155369
0.155196
0.155020
0.154857
0.154709
0.154593
0.154470
0.154362
0.154268
0.154177
0.154083
0.154010
0.153945
0.153901
0.153850
0.153792
0.153735
0.153677
0.153617
0.153556
0.153511
0.153475
0.153442
0.153412
0.153384
0.153353
0.153336
0.153331
0.153308
0.153306
0.153298
0.153308
0.153328
0.153333
0.153350
0.153351
0.153359
0.153377
