-1.955278
-2.160226
-2.684646
-3.317975
-3.940097
-4.425649
-4.937873
-5.646292
-6.763429
-7.452781
-8.619491
-9.897185
-11.127445
-12.089413
-12.836872
-14.010841
-15.653932
-16.779366
-17.712751
-18.489943
-18.273123
-17.519201
-16.028236
-16.514664
-18.137674
-20.091208
-21.294460
-21.513580
-19.356718
-16.089853
-11.756158
-7.217360
-2.941025
2.008270
6.061239
8.882856
11.146513
11.424778
10.355434
8.557218
4.793287
-0.283112
-5.182671
-8.112255
-9.794057
-9.789129
-9.154389
-9.360065
-9.158520
-10.323318
-11.982042
-13.686668
-15.557007
-17.587835
-20.274614
-22.581745
-23.453245
-24.219507
-24.823656
-21.685320
-17.928801
-10.858321
-1.931446
7.069992
14.548972
22.557278
26.103148
27.664240
32.457458
33.083927
31.758820
29.271420
25.826134
20.747978
18.018019
17.747923
18.190695
19.546900
21.107819
22.051199
23.114244
22.408867
21.310663
19.555769
15.624537
10.226699
3.176933
-4.219367
-9.498945
-9.825870
-9.087109
-7.855548
-5.754135
-3.949698
-2.218336
0.379274
3.366128
6.374923
8.793051
10.688519
12.336324
