0.301959
0.301959
0.301954
0.301953
0.301958
0.301959
0.301984
0.302018
0.302051
0.302085
0.302144
0.302219
0.302313
0.302428
0.302538
0.302693
0.302870
0.303050
0.303236
0.303443
0.303661
0.303901
0.304153
0.304414
0.304684
0.304955
0.305228
0.305515
0.305854
0.306178
0.306497
0.306810
0.307128
0.307450
0.307790
0.308160
0.308521
0.308878
0.309235
0.309597
0.309965
0.310330
0.310695
0.311061
0.311410
0.311764
0.312117
0.312452
0.312786
0.313085
0.313358
0.313629
0.313888
0.314136
0.314364
0.314565
0.314742
0.314900
0.315026
0.315154
0.315269
0.315379
0.315455
0.315518
0.315561
0.315604
0.315602
0.315597
0.315570
0.315528
0.315471
0.315397
0.315309
0.315209
0.315096
0.314977
0.314901
0.314829
0.314831
0.314806
0.314816
0.314870
0.314987
0.315124
0.315238
0.315406
0.315587
0.315804
0.316030
0.316306
0.316608
0.316913
0.317224
0.317548
0.317855
0.318239
0.318651
0.319057
0.319464
0.319934
0.320355
