2.275916
2.389868
2.554543
2.775944
3.041864
3.320742
3.520764
3.470424
3.476987
3.511484
3.389349
3.420436
3.316063
3.214379
3.035821
2.982903
3.218262
3.533980
3.552459
3.521034
3.433253
3.417693
3.369763
3.109024
3.133013
3.106977
3.094818
3.055392
2.898038
2.711540
2.589714
2.588809
2.648974
3.448552
3.306558
3.235741
3.174108
2.894341
2.913417
3.021013
3.113936
3.161633
3.514070
3.507650
3.528126
3.321754
3.377969
3.619947
3.575653
3.612009
2.920438
2.955934
3.401036
4.116359
3.943030
3.812187
3.665962
3.171236
2.528440
1.608009
0.452808
-0.737199
-1.265351
-1.625286
-2.167298
-2.246240
-2.597393
-3.164389
-3.888027
-3.963940
-4.113010
-4.098839
-4.145322
-3.814673
-3.425065
-3.390637
-2.869600
-2.645506
-2.464409
-2.047244
-1.711439
-1.172929
-0.434740
0.428288
1.091293
2.263359
3.374161
4.323317
5.764111
6.877689
7.180162
7.735507
7.916736
7.555350
8.251731
8.338015
8.023592
7.431050
6.702557
5.506618
4.563641
