-0.208396
-0.192444
-0.180173
-0.221033
-0.257494
-0.299704
-0.371427
-0.468391
-0.628563
-0.817213
-0.981432
-1.203351
-1.561985
-2.050300
-2.665104
-3.271297
-3.788680
-4.541376
-5.323312
-5.968761
-6.629982
-7.177562
-7.652125
-8.336067
-9.078799
-9.788583
-10.412910
-10.592720
-10.585624
-10.894793
-11.403624
-11.940695
-12.180710
-12.081558
-11.701612
-11.361911
-11.297461
-11.452412
-11.615294
-11.642793
-11.905008
-11.948965
-12.128234
-12.318267
-12.652287
-12.917667
-13.121318
-13.464787
-13.999273
-14.583472
-14.991951
-15.163192
-15.249681
-15.391026
-15.592516
-15.888400
-16.108643
-16.230410
-16.358664
-16.156855
-15.938254
-15.763266
-15.677722
-15.562501
-15.434510
-15.253312
-15.160140
-15.062106
-14.934290
-14.758587
-14.554728
-14.288900
-13.961072
-13.540218
-12.975908
-12.115427
-10.691829
-8.880260
-5.945702
-3.695213
-0.754207
3.125182
6.692984
8.984409
10.622720
12.360897
13.790599
14.838605
15.078258
15.628903
16.596954
16.891689
17.133934
17.459496
17.994583
19.380053
21.217670
22.176523
23.429628
24.993050
26.236547
