3.700930
3.674301
3.544057
3.577576
3.534887
3.487120
3.446771
3.454824
3.399205
3.361727
3.349662
3.386472
3.339195
3.261201
3.248160
3.211771
3.171316
3.123287
3.207686
3.160251
3.154466
3.303794
3.372651
3.325432
3.089063
3.066357
3.048768
2.997829
2.990555
2.971032
2.897073
2.899223
2.906765
2.876294
2.783667
2.760769
2.685375
2.642284
2.672472
2.594015
2.473611
2.260542
1.896062
2.000772
1.807125
1.943932
1.887505
1.697966
1.450902
1.366445
1.395197
1.339812
1.348047
1.377494
1.737995
2.122800
2.148971
2.737439
3.122417
3.262815
3.239642
3.168202
3.181335
3.223251
3.100492
3.028660
3.020078
2.954937
2.994519
3.000978
2.972971
2.975650
2.935969
2.921953
2.910668
2.735385
2.648401
2.655414
2.658235
2.664557
2.599132
2.601654
2.593640
2.618161
2.648261
2.680429
2.674082
2.682296
2.688575
2.708200
2.703167
2.625314
2.646063
2.655789
2.642128
2.301176
2.262576
2.034870
2.176713
2.200600
2.321749
