0.344695
0.344678
0.344667
0.344710
0.344775
0.344912
0.345165
0.345459
0.345961
0.346381
0.346983
0.347550
0.348219
0.348819
0.349392
0.349994
0.350568
0.351086
0.351550
0.352032
0.352532
0.352903
0.353203
0.353496
0.353719
0.353881
0.353936
0.354046
0.354172
0.354170
0.354118
0.353952
0.353760
0.353532
0.353173
0.353108
0.353327
0.353673
0.354179
0.354649
0.354956
0.355077
0.355162
0.355117
0.354857
0.354536
0.354262
0.354139
0.354246
0.354457
0.354772
0.355219
0.355702
0.356255
0.356800
0.357403
0.357897
0.358275
0.358641
0.359025
0.359515
0.360057
0.360865
0.361578
0.362339
0.363067
0.363759
0.364370
0.364939
0.365477
0.365989
0.366468
0.366926
0.367353
0.367723
0.367992
0.368249
0.368511
0.368690
0.368816
0.368899
0.368954
0.369031
0.369056
0.369056
0.369049
0.368969
0.368974
0.368933
0.368855
0.368827
0.368742
0.368661
0.368557
0.368470
0.368368
0.368268
0.368165
0.368071
0.367963
0.367859
