0.917788
0.917827
0.917867
0.917900
0.917915
0.917920
0.917939
0.917973
0.918001
0.918026
0.918058
0.918095
0.918135
0.918181
0.918232
0.918233
0.918253
0.918260
0.918236
0.918110
0.918007
0.917460
0.916651
0.915709
0.914672
0.913448
0.912076
0.910626
0.909100
0.907466
0.905729
0.903907
0.902006
0.900037
0.897864
0.895629
0.893301
0.890909
0.888472
0.885870
0.883243
0.880479
0.877639
0.874746
0.871776
0.868795
0.865725
0.862720
0.859724
0.856791
0.853890
0.850990
0.847995
0.844884
0.841618
0.838354
0.834971
0.831467
0.827839
0.824234
0.820786
0.817290
0.813892
0.810505
0.807029
0.803729
0.800419
0.797088
0.793674
0.790129
0.786588
0.783098
0.779753
0.776913
0.774843
0.773238
0.771816
0.770636
0.769586
0.768844
0.768165
0.767568
0.767081
0.766716
0.766469
0.766297
0.766264
0.766308
0.766445
0.766669
0.766971
0.767318
0.767669
0.768058
0.768475
0.768854
0.769287
0.769705
0.770194
0.770696
0.771169
