0.076972
0.076981
0.076983
0.076981
0.076958
0.076969
0.076988
0.077002
0.076997
0.076933
0.076860
0.076975
0.076944
0.076889
0.076734
0.076688
0.076584
0.076471
0.076337
0.076195
0.076097
0.075878
0.075671
0.075548
0.075440
0.075347
0.075269
0.075156
0.075063
0.074950
0.074864
0.074733
0.074593
0.074382
0.074184
0.073953
0.073697
0.073407
0.073275
0.073124
0.073025
0.072963
0.072931
0.073081
0.073331
0.073513
0.073815
0.074257
0.074648
0.074935
0.075021
0.075253
0.075425
0.075572
0.075595
0.075591
0.075609
0.075587
0.075497
0.075315
0.075106
0.074855
0.074651
0.074445
0.074265
0.074265
0.074290
0.074231
0.074128
0.073985
0.073844
0.073712
0.073583
0.073474
0.073315
0.073180
0.073046
0.072927
0.072828
0.072675
0.072517
0.072391
0.072261
0.072140
0.072006
0.071880
0.071765
0.071665
0.071573
0.071496
0.071392
0.071338
0.071274
0.071294
0.071289
0.071288
0.071284
0.071317
0.071338
0.071360
0.071386
