0.095641
0.095640
0.095654
0.095700
0.095768
0.095841
0.095913
0.096004
0.096152
0.096322
0.096495
0.096681
0.096932
0.097251
0.097608
0.097990
0.098403
0.098852
0.099310
0.099769
0.100249
0.100720
0.101196
0.101692
0.102227
0.102803
0.103385
0.103952
0.104509
0.105098
0.105669
0.106222
0.106734
0.107207
0.107545
0.107861
0.108169
0.108466
0.108736
0.109016
0.109271
0.109484
0.109651
0.109821
0.110002
0.110215
0.110513
0.110862
0.111231
0.111553
0.111844
0.112182
0.112695
0.113207
0.113743
0.114325
0.114936
0.115635
0.116315
0.117013
0.117720
0.118413
0.119085
0.119786
0.120444
0.121101
0.121730
0.122300
0.122861
0.123433
0.123950
0.124430
0.124917
0.125308
0.125614
0.125881
0.126136
0.126367
0.126592
0.126806
0.126990
0.127165
0.127312
0.127437
0.127567
0.127645
0.127717
0.127779
0.127827
0.127866
0.127896
0.127909
0.127922
0.127959
0.127988
0.128025
0.128057
0.128091
0.128124
0.128157
0.128194
