0.981494
0.981481
0.981479
0.981478
0.981476
0.981475
0.981479
0.981490
0.981502
0.981514
0.981537
0.981566
0.981563
0.981562
0.981554
0.981540
0.981522
0.981504
0.981481
0.981492
0.981494
0.981445
0.981369
0.981204
0.981009
0.980792
0.980570
0.980336
0.980079
0.979800
0.979475
0.979133
0.978769
0.978399
0.977995
0.977586
0.977146
0.976647
0.976092
0.975483
0.974790
0.974037
0.973160
0.972178
0.971024
0.969810
0.968551
0.967257
0.965917
0.964548
0.963127
0.961649
0.960127
0.958563
0.956978
0.955388
0.953808
0.952231
0.950633
0.948981
0.947279
0.945643
0.944117
0.942627
0.941207
0.939874
0.938626
0.937415
0.936454
0.935542
0.934708
0.933903
0.933155
0.932501
0.931863
0.931266
0.930768
0.930240
0.929776
0.929385
0.929022
0.928761
0.928641
0.928589
0.928528
0.928493
0.928474
0.928460
0.928462
0.928475
0.928481
0.928505
0.928530
0.928559
0.928613
0.928670
0.928737
0.928791
0.928855
0.928917
0.928990
