0.070056
0.070020
0.069987
0.069936
0.069886
0.069849
0.069810
0.069799
0.069786
0.069760
0.069727
0.069714
0.069727
0.069730
0.069743
0.069755
0.069765
0.069774
0.069788
0.069796
0.069794
0.069803
0.069803
0.069798
0.069790
0.069798
0.069803
0.069820
0.069834
0.069823
0.069813
0.069813
0.069803
0.069791
0.069789
0.069789
0.069782
0.069770
0.069760
0.069752
0.069746
0.069730
0.069708
0.069676
0.069620
0.069550
0.069483
0.069423
0.069345
0.069264
0.069185
0.069125
0.069055
0.068987
0.068944
0.068885
0.068830
0.068804
0.068758
0.068761
0.068728
0.068686
0.068603
0.068510
0.068439
0.068388
0.068339
0.068293
0.068235
0.068207
0.068217
0.068232
0.068227
0.068269
0.068306
0.068351
0.068417
0.068484
0.068516
0.068519
0.068526
0.068512
0.068501
0.068487
0.068476
0.068461
0.068453
0.068451
0.068438
0.068424
0.068416
0.068395
0.068381
0.068358
0.068334
0.068307
0.068270
0.068241
0.068204
0.068163
0.068131
