-0.269866
-0.265897
-0.443157
-0.569583
-0.560403
-0.629046
-0.897168
-1.108495
-1.315797
-1.848300
-2.354372
-2.570531
-1.535011
0.146824
2.273160
2.360094
4.536857
6.502231
5.780302
5.163156
4.541831
4.268035
4.523845
4.187039
3.537143
3.257603
2.972937
2.696918
2.423297
2.199629
1.994888
1.942629
1.764155
1.635968
1.523628
1.326776
1.230808
1.160121
1.060436
0.965590
0.908451
0.823772
0.728103
0.759045
0.706681
0.665915
0.595082
0.523601
0.480721
0.433499
0.419341
0.370237
0.363491
0.329528
0.303725
0.303773
0.258612
0.229106
0.210593
0.185654
0.163770
0.150090
0.130152
0.112865
0.086362
0.084032
0.059350
0.000864
-0.038766
-0.075517
-0.095428
-0.089956
-0.072723
-0.097572
-0.136156
-0.128544
-0.135527
-0.242978
-0.227096
-0.238889
-0.282426
-0.257733
-0.261586
-0.163322
-0.210023
-0.230464
-0.190542
-0.170975
-0.198629
-0.202361
-0.208603
-0.217215
-0.220358
-0.220850
-0.212658
-0.208410
-0.209112
-0.216842
-0.217360
-0.189408
-0.196117
