4.750271
5.262120
5.753320
6.344187
6.972519
7.340498
7.453047
7.191729
7.279099
7.127696
6.767681
6.278305
5.795791
5.479676
5.515473
5.558220
5.764165
5.962488
6.068839
5.754840
5.383488
4.996618
4.503625
4.099865
3.538697
2.790474
2.285834
1.824186
1.680107
1.307526
1.045652
0.530905
-0.240078
-0.796084
-0.809155
-0.890706
-0.896225
-0.701815
-0.454443
-0.195279
-0.105691
-0.133972
-0.299510
-0.347909
-0.376553
-0.334727
-0.290679
-0.310573
-0.275965
-0.208108
-0.134488
-0.121706
0.008653
0.172110
0.309357
0.405441
0.432502
0.450802
0.553017
0.617667
0.624007
0.644819
0.560771
0.488150
0.398036
0.329454
0.312419
0.254897
0.205686
0.179893
0.132777
0.072747
0.040882
0.014158
0.060235
0.040784
0.001465
-0.041450
-0.072577
-0.110797
-0.074620
-0.000427
-0.007021
0.028642
0.130092
0.050029
0.002618
-0.028540
-0.029400
-0.061716
-0.063257
-0.101228
-0.136512
-0.142160
-0.178397
-0.232554
-0.300263
-0.355170
-0.493597
-0.560144
-0.631654
