4.320583
4.216625
4.033189
3.829435
3.734035
3.733479
3.777414
3.894816
4.179126
4.711244
5.203834
5.861204
7.094491
9.196218
11.370225
12.976064
13.005386
13.143503
11.782084
10.708260
9.563884
9.597107
8.632380
8.111664
7.451814
6.591168
5.866385
5.369304
5.161226
4.435668
3.909542
3.868045
3.995270
3.505616
3.408602
3.049955
3.401606
3.801168
4.851709
4.766390
5.087600
4.086909
3.119902
2.193540
2.390604
2.090872
0.968347
1.629393
2.485690
3.080585
3.740483
3.102084
2.467084
3.341059
2.307374
-0.368239
-2.462487
-4.925617
-7.782681
-11.840500
-19.412523
-21.847073
-23.218386
-20.969990
-19.794744
-21.281172
-17.709173
-15.412800
-12.278273
-9.841228
-8.088218
-4.391597
-1.735911
0.236962
3.382848
9.636040
22.121759
23.500471
22.543570
22.938448
21.114202
19.893215
18.383066
16.053764
14.836360
14.015646
13.733996
13.984677
13.865673
13.330446
13.026436
12.233498
11.671369
11.175233
10.436498
9.750612
8.963265
9.518385
9.834017
9.250000
7.987878
