0.933922
0.933955
0.933999
0.934034
0.934051
0.934077
0.934084
0.934086
0.934095
0.934104
0.934112
0.934151
0.934170
0.934199
0.934215
0.934206
0.934143
0.934035
0.933901
0.933744
0.933516
0.933262
0.932970
0.932642
0.932298
0.931832
0.931286
0.930710
0.930087
0.929429
0.928702
0.927930
0.927103
0.926227
0.925263
0.924263
0.923197
0.922096
0.920949
0.919756
0.918531
0.917265
0.915906
0.914493
0.913051
0.911555
0.910009
0.908438
0.906855
0.905262
0.903692
0.902123
0.900560
0.899014
0.897506
0.896006
0.894515
0.893059
0.891633
0.890235
0.888863
0.887505
0.886162
0.884851
0.883559
0.882308
0.881105
0.879917
0.878746
0.877619
0.876524
0.875486
0.874462
0.873538
0.872665
0.871820
0.870997
0.870219
0.869473
0.868776
0.868141
0.867518
0.866968
0.866459
0.865966
0.865570
0.865219
0.864906
0.864651
0.864441
0.864241
0.864076
0.863955
0.863894
0.863827
0.863807
0.863819
0.863839
0.863904
0.863954
0.864017
