-0.036522
-0.110474
-0.176511
-0.303597
-0.470270
-0.621217
-0.764845
-0.864983
-0.974201
-1.048807
-1.005940
-1.064171
-1.112263
-1.162083
-1.191978
-1.158271
-1.421278
-1.449107
-1.446074
-1.366930
-1.350898
-1.370733
-1.392959
-1.375488
-1.346101
-1.302151
-1.318781
-1.225905
-1.153908
-1.119396
-1.134474
-1.254667
-1.389874
-1.547715
-1.725080
-1.860831
-1.893034
-1.793553
-1.679531
-1.678571
-1.549700
-1.381243
-1.274984
-1.178785
-0.994060
-0.842694
-0.738314
-0.536040
-0.367551
-0.227599
-0.128758
-0.060233
0.002803
0.090634
0.155763
0.158816
0.216757
0.165253
0.259273
0.274719
0.302855
0.257305
0.179976
0.140683
0.119791
0.137946
0.114479
0.102538
0.137027
0.186905
0.205143
0.186553
0.205747
0.326800
0.383186
0.473791
0.612726
0.812292
1.046204
1.168795
1.297135
1.433287
1.587508
1.618405
1.621396
1.669131
1.631847
1.757408
1.846484
1.834400
1.950975
2.096141
2.222560
2.360685
2.508878
2.721056
2.876449
2.994070
3.083799
3.106627
3.189533
