0.679044
0.623268
0.734861
0.734717
0.673315
0.604621
0.560851
0.412135
-0.100287
-0.274101
-0.313604
-0.637378
-0.405869
-0.475570
-0.512379
-0.479350
-0.117034
0.046239
0.070141
0.292518
1.087822
1.175956
1.291295
1.223368
1.407135
1.368548
1.566572
1.607521
1.664500
1.869994
2.277346
2.377162
2.408301
2.263177
2.832758
2.816620
2.884699
2.639857
2.514898
2.536617
2.331478
1.778089
1.658521
1.590775
1.675702
1.688293
1.683877
1.794605
1.960309
2.275221
2.572514
2.687914
2.769368
2.773695
2.815938
2.753628
2.736366
2.722686
2.689549
2.631930
2.649060
2.745343
2.707415
2.665353
2.558517
2.493421
2.380601
2.341913
2.241289
2.195703
2.207604
2.482072
2.408630
2.421994
2.362998
2.432407
2.559793
2.609557
2.592408
2.559030
3.326503
3.282724
3.449460
3.949561
4.111997
4.058734
3.937871
3.873372
4.089804
3.922919
3.751717
3.163557
6.496385
6.553877
5.991288
8.160298
8.265278
7.742663
6.960333
5.191500
3.557698
