0.277086
0.277083
0.277107
0.277142
0.277173
0.277218
0.277307
0.277434
0.277583
0.277746
0.277956
0.278195
0.278454
0.278745
0.279062
0.279388
0.279706
0.280041
0.280415
0.280790
0.281155
0.281504
0.281844
0.282178
0.282468
0.282778
0.283064
0.283294
0.283511
0.283682
0.283814
0.283912
0.283951
0.283952
0.283948
0.283928
0.283889
0.283821
0.283699
0.283606
0.283524
0.283464
0.283404
0.283368
0.283367
0.283343
0.283341
0.283342
0.283402
0.283515
0.283698
0.283915
0.284169
0.284450
0.284757
0.285084
0.285455
0.285817
0.286163
0.286532
0.286933
0.287339
0.287733
0.288094
0.288408
0.288683
0.288936
0.289179
0.289378
0.289551
0.289696
0.289819
0.289932
0.290016
0.290067
0.290112
0.290141
0.290150
0.290153
0.290169
0.290162
0.290128
0.290102
0.290089
0.290071
0.290058
0.290045
0.290031
0.290015
0.290002
0.289992
0.289983
0.289973
0.289963
0.289954
0.289944
0.289932
0.289923
0.289912
0.289904
0.289896
