-0.240963
-0.218936
-0.230409
-0.252439
-0.345775
-0.541630
-0.826965
-1.183901
-1.752200
-2.678329
-4.145886
-6.174784
-8.843487
-12.023344
-15.584956
-19.328419
-23.187702
-26.871706
-28.675344
-28.881384
-29.553099
-30.388411
-31.224527
-31.804817
-32.196156
-32.327759
-32.247295
-32.315960
-32.579964
-32.580975
-32.720192
-32.732571
-32.671677
-32.727261
-32.402832
-31.647409
-30.962761
-29.855158
-28.830650
-27.451210
-25.045895
-21.638109
-17.633570
-13.302982
-8.576900
-3.884892
-0.046222
3.798842
8.289224
13.910715
19.317749
23.548014
26.910147
29.550491
31.279121
32.678955
33.821339
34.953972
35.163025
35.545105
36.766396
38.179977
39.466724
39.447865
38.517780
37.454262
36.746746
36.181759
35.729881
34.929810
34.019806
33.314632
32.400936
31.129454
29.365602
26.862719
24.499352
21.907154
19.081659
17.011459
15.697410
13.712242
12.192705
10.421462
8.612924
7.242798
6.205117
5.364521
4.639966
3.993992
3.491511
3.068646
2.710304
2.312896
2.039122
1.875489
1.700215
1.551918
1.408502
1.281610
1.128451
