3.747136
3.601817
3.576041
3.731337
4.033504
4.359985
4.684199
5.247821
6.245024
7.658559
8.387434
9.868893
12.323721
14.253233
14.388190
14.749304
14.757309
14.492946
14.207543
13.286524
12.705317
12.232484
11.711484
11.083225
10.799140
10.751231
10.579514
10.573767
10.315155
9.809579
9.426162
9.059683
8.653450
8.316981
7.613702
6.917207
7.150903
6.326355
5.654099
6.343413
5.960164
4.745593
3.161227
1.688541
1.239197
0.942606
0.901188
0.753741
0.298569
-0.153840
-1.170387
-2.469720
-3.630754
-4.262825
-2.913639
-1.634988
0.496449
3.642278
7.166534
9.482517
13.273787
16.165340
16.732512
14.470270
14.451111
12.706533
10.979300
8.646358
2.118464
6.639869
5.797665
5.314218
7.073781
8.053395
7.337581
7.080198
6.159321
6.784413
5.866149
5.081096
4.590959
4.402007
4.823238
5.305397
6.394653
6.351455
6.141089
5.768534
6.444873
6.035030
4.756324
4.610003
4.695948
4.714667
4.962871
5.387892
6.699585
7.189044
7.637381
5.283099
1.312664
