0.960065
0.960065
0.960068
0.960070
0.960074
0.960080
0.960085
0.960096
0.960114
0.960135
0.960140
0.960160
0.960164
0.960168
0.960182
0.960151
0.960123
0.960064
0.959972
0.959846
0.959635
0.959375
0.959056
0.958649
0.958194
0.957669
0.957106
0.956452
0.955706
0.954877
0.953977
0.953004
0.951999
0.950919
0.949785
0.948587
0.947362
0.946060
0.944737
0.943382
0.941995
0.940594
0.939132
0.937653
0.936189
0.934713
0.933295
0.931808
0.930351
0.928858
0.927351
0.925860
0.924427
0.923016
0.921684
0.920388
0.919127
0.917942
0.916845
0.915799
0.914779
0.913767
0.912800
0.911855
0.910861
0.909867
0.909026
0.908191
0.907532
0.906848
0.906359
0.905885
0.905468
0.905139
0.904827
0.904540
0.904240
0.904024
0.903861
0.903739
0.903653
0.903600
0.903582
0.903625
0.903600
0.903588
0.903632
0.903718
0.903817
0.903888
0.904002
0.904104
0.904214
0.904290
0.904329
0.904444
0.904563
0.904708
0.904818
0.904883
0.905000
