-0.535094
-0.517961
-0.512598
-0.560632
-0.731903
-1.034250
-1.448847
-2.057718
-2.724253
-3.703578
-5.181991
-7.217091
-9.865273
-13.057482
-16.577938
-19.961767
-22.250597
-25.225718
-28.273207
-31.765310
-35.678127
-38.285915
-38.919762
-38.132942
-37.674904
-36.799721
-36.238770
-36.983269
-37.246498
-37.593868
-36.960190
-34.401745
-30.818523
-24.594135
-14.438936
-3.166404
5.774940
8.065958
14.225774
19.338764
21.064924
20.360664
21.512581
25.244511
28.813673
28.553656
26.319307
25.486429
25.884377
27.185329
30.118139
32.793598
31.406063
26.378403
21.221292
15.228175
9.590141
5.839833
7.393105
12.239536
17.057316
19.256706
24.725294
31.166836
34.245396
28.243450
19.195047
13.578837
12.196020
14.110670
16.962461
20.809620
24.065468
26.010185
24.452255
17.091917
8.691759
8.111924
12.744822
16.727699
19.635639
22.367739
19.808146
14.851840
8.980205
3.039184
0.254190
4.376733
7.102178
8.516246
8.193197
6.029879
4.291081
3.201099
2.402378
1.057607
0.432468
0.613717
0.838102
0.192787
0.090651
