17.322779
19.553068
21.476389
23.209164
24.716942
26.140001
27.849220
30.417315
31.553814
31.165302
29.425386
26.420961
24.770351
23.702011
22.544731
20.800026
19.553417
18.260954
18.527504
18.245110
18.341923
18.027683
17.664543
17.412109
17.289272
17.501829
17.252840
16.515686
17.393524
16.682274
15.147486
14.707298
14.454812
13.292172
11.444192
13.045477
10.871268
9.103913
8.196508
7.424512
6.390401
5.787582
5.847658
5.777400
5.675421
4.887753
5.963532
5.800759
5.723570
5.035704
4.075920
2.868391
2.322291
2.138177
2.015961
1.758035
0.660430
-0.630949
-5.178631
-5.304243
-8.296214
-9.156746
-8.426055
-7.201150
-5.542618
-5.121139
-3.102183
-1.351719
-0.945936
0.069845
1.383616
2.178295
2.349724
1.577564
0.967370
-0.581317
-1.049733
-0.854491
-0.927794
-0.702777
-0.710123
-0.711795
-0.619509
-0.918141
-0.933939
-0.970383
-0.963615
-1.092481
-1.066541
-1.071323
-0.998050
-0.930422
-0.918489
-1.026209
-1.058595
-0.872722
-0.752540
-0.756840
-0.956163
-1.022442
-1.195516
