0.320357
0.320356
0.320373
0.320402
0.320460
0.320545
0.320644
0.320772
0.320918
0.321092
0.321297
0.321524
0.321766
0.322007
0.322291
0.322588
0.322912
0.323237
0.323590
0.323951
0.324313
0.324694
0.325082
0.325502
0.325939
0.326364
0.326811
0.327297
0.327783
0.328301
0.328827
0.329348
0.329861
0.330376
0.330893
0.331432
0.331949
0.332502
0.333056
0.333577
0.334052
0.334489
0.334921
0.335329
0.335710
0.336052
0.336368
0.336663
0.336948
0.337094
0.337163
0.337219
0.337291
0.337367
0.337424
0.337363
0.337256
0.337104
0.336956
0.336742
0.336589
0.336520
0.336467
0.336383
0.336389
0.336459
0.336560
0.336690
0.336860
0.337082
0.337348
0.337664
0.338041
0.338503
0.338981
0.339422
0.339963
0.340539
0.341128
0.341733
0.342344
0.342906
0.343460
0.344082
0.344677
0.345299
0.345906
0.346514
0.347031
0.347608
0.348203
0.348792
0.349348
0.349899
0.350404
0.350856
0.351318
0.351729
0.352137
0.352533
0.352914
