0.000398
0.000404
0.000429
0.000451
0.000464
0.000475
0.000487
0.000505
0.000519
0.000519
0.000522
0.000523
0.000519
0.000509
0.000493
0.000477
0.000457
0.000426
0.000378
0.000335
0.000293
0.000254
0.000206
0.000150
0.000100
0.000055
0.000007
-0.000029
-0.000078
-0.000126
-0.000181
-0.000233
-0.000294
-0.000352
-0.000407
-0.000458
-0.000509
-0.000558
-0.000612
-0.000664
-0.000721
-0.000768
-0.000818
-0.000858
-0.000903
-0.000940
-0.000966
-0.001010
-0.001036
-0.001054
-0.001060
-0.001073
-0.001072
-0.001066
-0.001076
-0.001086
-0.001093
-0.001105
-0.001164
-0.001283
-0.001436
-0.001582
-0.001772
-0.001918
-0.002010
-0.002114
-0.002237
-0.002319
-0.002389
-0.002472
-0.002542
-0.002611
-0.002693
-0.002764
-0.002853
-0.002927
-0.003022
-0.003106
-0.003194
-0.003261
-0.003326
-0.003396
-0.003477
-0.003558
-0.003646
-0.003683
-0.003727
-0.003780
-0.003824
-0.003875
-0.003928
-0.003982
-0.003995
-0.004021
-0.004036
-0.004078
-0.004125
-0.004181
-0.004228
-0.004270
-0.004318
