0.513875
0.478732
0.476942
0.468221
0.448311
0.418509
0.362952
0.297256
0.235387
0.191472
0.169408
0.154465
0.151474
0.155091
0.131948
0.108687
0.066510
0.035128
0.002700
-0.030796
-0.075053
-0.107894
-0.133906
-0.167815
-0.200306
-0.196792
-0.226673
-0.260695
-0.288971
-0.344314
-0.397272
-0.421225
-0.432220
-0.443892
-0.435556
-0.418484
-0.346365
-0.362520
-0.366298
-0.370893
-0.357189
-0.352793
-0.344928
-0.321243
-0.326369
-0.302183
-0.240838
-0.123751
-0.033163
0.113852
0.328831
0.527006
0.747485
1.045329
1.626534
2.457634
3.492968
4.158376
4.623106
4.247185
3.205040
1.932601
0.716748
-0.728162
-1.423849
-1.891181
-2.170271
-2.224566
-2.217581
-2.328025
-2.293465
-2.327089
-2.266305
-2.219151
-2.091254
-2.107023
-2.035683
-1.878517
-1.700837
-1.536069
-1.449262
-1.354368
-1.393485
-1.191620
-1.041262
-0.925880
-0.806366
-0.656033
-0.534011
-0.405269
-0.146688
0.080722
0.277055
0.460377
0.599984
0.658077
0.765325
0.869109
0.972251
1.039008
1.061490
