0.241703
0.241820
0.241908
0.242021
0.242159
0.242207
0.242265
0.242146
0.242559
0.243012
0.243902
0.245048
0.245956
0.246232
0.245883
0.245426
0.245572
0.246717
0.248179
0.249946
0.251052
0.251604
0.251465
0.250724
0.250461
0.250747
0.252077
0.253377
0.254547
0.255658
0.255951
0.255436
0.253716
0.252578
0.251345
0.249974
0.249353
0.249825
0.250567
0.251380
0.250946
0.249024
0.246375
0.244217
0.242727
0.241784
0.241015
0.240685
0.240087
0.239828
0.240149
0.239866
0.238577
0.236726
0.234793
0.232864
0.231186
0.229740
0.229286
0.229411
0.229634
0.229903
0.229865
0.229184
0.227807
0.227213
0.226435
0.225600
0.224753
0.224053
0.223831
0.224158
0.225855
0.227637
0.227065
0.226282
0.225635
0.226279
0.227479
0.229343
0.232302
0.233025
0.232702
0.232635
0.233210
0.234597
0.237138
0.238303
0.238391
0.238417
0.239045
0.239661
0.240505
0.241603
0.242367
0.242766
0.242795
0.243003
0.243499
0.244106
0.244696
