2.243574
2.309282
2.380780
2.407243
2.436565
2.502555
2.574062
2.511897
2.405050
2.023574
0.707788
0.197519
0.247532
-0.521382
-0.209478
0.847519
0.946926
-0.178503
-1.039915
-1.622920
-1.919210
-1.080187
-1.843961
-1.256757
-1.074752
-2.355102
-2.909369
-4.767161
-4.493569
-3.602698
-2.148895
2.354129
2.134840
-0.188487
-3.026500
-3.169214
-1.384811
-2.104837
1.930142
2.184136
2.519875
4.572823
6.481248
3.010829
-2.828348
-3.608980
-2.590805
1.120667
3.148545
4.965999
7.532127
5.087082
-0.219160
-9.463057
-20.416876
-25.632868
-24.488440
-24.932377
-17.236118
-7.965528
-2.199228
-0.495692
3.023507
13.288763
3.916488
-4.954370
-10.196584
-8.213005
-9.508756
-10.402592
-16.114893
-15.514823
-12.642076
-13.895734
-9.275207
1.980692
1.152336
2.573303
-9.729912
-20.029469
-31.909193
-23.602049
-12.773431
-4.332538
-3.545130
-8.319304
-9.599576
-16.386045
-19.063980
-7.174123
-10.879319
-13.130980
-13.420671
-13.496411
-16.700335
-17.179926
-13.759208
-8.707510
-5.455844
-5.737971
-4.694462
