0.043069
0.043072
0.043076
0.043076
0.043070
0.043019
0.042961
0.042877
0.042849
0.042765
0.042736
0.042748
0.042662
0.042606
0.042483
0.042392
0.042341
0.042261
0.042204
0.042147
0.042071
0.041997
0.041959
0.041900
0.041829
0.041787
0.041708
0.041641
0.041576
0.041455
0.041312
0.041160
0.040998
0.040829
0.040673
0.040548
0.040419
0.040309
0.040254
0.040221
0.040215
0.040235
0.040228
0.040186
0.040111
0.039973
0.039828
0.039485
0.039167
0.038876
0.038549
0.038285
0.038088
0.037905
0.037729
0.037527
0.037335
0.037142
0.036899
0.036676
0.036374
0.036092
0.035790
0.035428
0.035056
0.034701
0.034423
0.034202
0.034014
0.033870
0.033746
0.033583
0.033463
0.033327
0.033212
0.033095
0.032978
0.032832
0.032687
0.032567
0.032441
0.032349
0.032261
0.032172
0.032064
0.031976
0.031906
0.031844
0.031777
0.031695
0.031643
0.031590
0.031530
0.031490
0.031463
0.031413
0.031372
0.031336
0.031296
0.031261
0.031218
