0.287982
0.288030
0.288157
0.288317
0.288512
0.288768
0.289036
0.289358
0.289683
0.290052
0.290419
0.290796
0.291206
0.291561
0.291891
0.292220
0.292548
0.292866
0.293165
0.293387
0.293531
0.293666
0.293800
0.293913
0.293984
0.293939
0.293928
0.293862
0.293763
0.293662
0.293548
0.293458
0.293461
0.293499
0.293585
0.293727
0.293877
0.294085
0.294363
0.294686
0.295028
0.295362
0.295635
0.295924
0.296153
0.296408
0.296744
0.297054
0.297326
0.297590
0.297935
0.298357
0.298852
0.299325
0.299747
0.300147
0.300483
0.300781
0.301085
0.301362
0.301661
0.301887
0.302066
0.302306
0.302543
0.302831
0.303148
0.303484
0.303815
0.304070
0.304284
0.304483
0.304677
0.304869
0.305049
0.305216
0.305354
0.305457
0.305534
0.305627
0.305715
0.305815
0.305918
0.306010
0.306088
0.306157
0.306242
0.306326
0.306411
0.306493
0.306573
0.306653
0.306723
0.306773
0.306808
0.306845
0.306875
0.306898
0.306926
0.306950
0.306959
