-0.668237
-0.705913
-0.756190
-0.934129
-1.448245
-2.158996
-3.334113
-5.279294
-7.889311
-11.588705
-14.876205
-18.196558
-20.718409
-23.951803
-27.424528
-30.535936
-32.090778
-33.219070
-33.125366
-33.807346
-34.600414
-35.243343
-33.959263
-32.414692
-31.288946
-31.122122
-31.103449
-29.456688
-28.297615
-27.162130
-24.936550
-22.107376
-17.641481
-10.220806
-2.448688
5.367949
11.392929
15.308394
18.723145
22.400887
23.739906
22.543758
19.543234
17.471605
16.042524
15.289245
15.046634
18.171640
20.398890
21.981915
24.509525
28.662546
32.334446
34.172558
31.754435
26.264925
19.098965
10.763844
10.015824
10.384010
11.437095
13.246900
16.228046
20.023893
25.393412
28.384638
32.737869
34.085316
33.942162
31.436852
27.047827
21.178076
15.388303
11.589273
10.483042
11.135298
12.544554
13.865747
14.229823
13.907671
14.336590
14.230961
13.830041
12.627615
10.628783
8.129129
5.505661
3.917319
2.751115
2.695135
2.933336
2.913581
3.763535
4.270690
4.293569
4.453269
4.463261
4.503594
4.389567
4.239854
3.890685
