2.212751
2.212980
2.214432
2.213429
2.211519
2.199562
2.200799
2.236930
2.252565
2.270656
2.320835
2.385549
2.381544
2.375807
2.370980
2.309571
2.287812
2.303002
2.323342
2.353250
2.400510
2.359635
2.222832
2.258273
2.202510
2.152172
2.113573
1.932040
1.756379
1.676409
1.572110
1.412146
1.416880
1.111828
0.655101
0.186982
-0.524905
-1.361296
-2.691903
-3.228371
-4.041599
-3.949012
-3.787724
-3.576881
-3.477238
-2.664576
-1.250077
0.831372
3.444860
5.949206
9.145555
7.713572
3.020339
3.575925
5.067413
2.668918
0.618059
-1.245296
0.558353
3.153377
4.664711
5.022100
5.423025
6.335999
6.414573
6.959629
6.983814
7.641908
7.816973
9.520251
11.355204
10.312452
9.110840
8.170354
7.516999
6.101944
11.601289
7.612243
7.136830
7.919327
6.181905
6.179544
4.598948
4.058310
3.258819
1.905595
1.793594
1.897791
1.741932
1.722972
1.707032
1.597320
1.648547
1.738214
1.600475
1.468644
1.331020
1.436904
1.536723
1.795150
1.484678
