0.891259
0.891422
0.891569
0.891683
0.891790
0.891922
0.892058
0.892237
0.892443
0.892668
0.892906
0.893100
0.893270
0.893429
0.893596
0.893737
0.893891
0.893971
0.894101
0.894129
0.893981
0.893807
0.893457
0.892925
0.892284
0.891386
0.890302
0.888921
0.887159
0.885263
0.882812
0.880089
0.876981
0.873590
0.869867
0.866002
0.861883
0.857562
0.853046
0.848218
0.843338
0.838051
0.832701
0.827243
0.821791
0.816155
0.810393
0.804629
0.798849
0.792932
0.786968
0.780915
0.774909
0.768660
0.762436
0.755940
0.749656
0.743158
0.736704
0.730797
0.724863
0.719346
0.714110
0.709175
0.704507
0.699973
0.695634
0.691447
0.687474
0.683569
0.679579
0.675553
0.671511
0.667450
0.663737
0.660072
0.656689
0.653703
0.650828
0.648233
0.645685
0.643571
0.641724
0.640070
0.637850
0.635395
0.632518
0.629178
0.625596
0.621854
0.618048
0.614668
0.611547
0.609246
0.607350
0.605750
0.604540
0.603923
0.603572
0.603368
0.603630
