0.359523
0.359370
0.359265
0.359203
0.359217
0.359327
0.359511
0.359794
0.360218
0.360731
0.361451
0.362382
0.363452
0.364591
0.365796
0.367145
0.368639
0.370083
0.371473
0.372851
0.374214
0.375452
0.376520
0.377411
0.378417
0.379325
0.380105
0.380677
0.380996
0.381118
0.381245
0.381292
0.381180
0.381004
0.380760
0.380383
0.379911
0.379387
0.378916
0.378368
0.378140
0.378029
0.378013
0.377874
0.378170
0.378518
0.378637
0.379364
0.380131
0.380985
0.382366
0.383721
0.385048
0.386466
0.387856
0.389298
0.390748
0.392341
0.393889
0.395338
0.396552
0.397865
0.399215
0.400600
0.402220
0.403544
0.405039
0.406502
0.408013
0.409490
0.411113
0.412815
0.414414
0.415954
0.417419
0.418790
0.419955
0.421121
0.422379
0.423788
0.425248
0.426802
0.428282
0.429802
0.431168
0.432288
0.433567
0.434587
0.435576
0.436401
0.437159
0.437689
0.438269
0.438720
0.439095
0.439207
0.439382
0.439519
0.439528
0.439451
0.439332
