-0.538671
-0.571916
-0.604887
-0.671170
-0.809842
-1.019478
-1.313998
-1.750307
-2.371628
-3.330741
-4.539608
-5.871425
-7.678113
-9.970964
-12.960563
-16.259542
-19.276749
-22.314741
-25.312866
-29.210566
-31.720694
-33.209011
-34.279930
-34.967403
-34.481941
-33.478565
-32.596889
-32.151375
-31.974625
-31.866177
-30.608423
-28.967648
-27.597992
-26.221346
-24.713732
-23.309338
-22.212147
-20.512753
-18.250172
-15.456120
-11.399591
-5.973965
-0.949945
3.402013
6.765928
11.731750
15.528025
18.947634
24.963549
29.266968
32.093864
34.943096
34.856422
32.894779
31.660221
29.843691
28.266214
26.630148
25.227640
21.466131
16.997272
12.244664
10.634185
11.666259
12.535405
13.706006
14.901641
15.848084
15.590452
16.095274
16.287260
16.179491
15.183444
12.022676
6.995354
0.549924
-5.908327
-10.050387
-9.939794
-6.980328
-2.416435
3.733680
9.019534
13.344701
16.281645
18.050571
19.415564
21.284657
22.247742
23.018597
23.592932
23.361290
22.826000
22.389645
21.719589
20.872879
20.092661
19.722322
19.342463
18.697975
18.313429
