0.574945
0.574917
0.574908
0.575041
0.575282
0.575571
0.575916
0.576424
0.576883
0.577448
0.577989
0.578580
0.579185
0.579740
0.580240
0.580574
0.580719
0.580710
0.580415
0.579829
0.579192
0.578401
0.577594
0.576530
0.575215
0.573981
0.572816
0.571936
0.571241
0.570967
0.570636
0.570643
0.571043
0.571504
0.572095
0.572638
0.573188
0.573892
0.574390
0.574862
0.575232
0.575528
0.575785
0.575952
0.576096
0.576215
0.576354
0.576490
0.576610
0.576718
0.576801
0.576872
0.576931
0.577004
0.577036
0.577063
0.577090
0.577113
0.577141
0.577164
0.577197
0.577225
0.577263
0.577293
0.577328
0.577359
0.577394
0.577428
0.577464
0.577503
0.577535
0.577567
0.577603
0.577626
0.577659
0.577712
0.577770
0.577809
0.577850
0.577888
0.577930
0.577983
0.578037
0.578098
0.578155
0.578209
0.578257
0.578296
0.578345
0.578390
0.578437
0.578488
0.578523
0.578558
0.578602
0.578647
0.578693
0.578739
0.578788
0.578834
0.578877
