0.049453
0.049458
0.049471
0.049513
0.049549
0.049590
0.049632
0.049694
0.049833
0.049944
0.050051
0.050082
0.050077
0.050141
0.050331
0.050600
0.050989
0.051379
0.051884
0.052148
0.052377
0.052471
0.052290
0.052128
0.051822
0.051485
0.051273
0.051291
0.051452
0.051732
0.051978
0.052226
0.052502
0.052851
0.053257
0.053659
0.054067
0.054404
0.054746
0.054948
0.055140
0.055205
0.055241
0.055249
0.055299
0.055321
0.055306
0.055298
0.055295
0.055295
0.055284
0.055267
0.055236
0.055208
0.055172
0.055138
0.055102
0.055065
0.055041
0.055018
0.054992
0.054965
0.054950
0.054927
0.054911
0.054891
0.054866
0.054844
0.054819
0.054797
0.054775
0.054759
0.054743
0.054727
0.054686
0.054639
0.054582
0.054515
0.054449
0.054383
0.054321
0.054259
0.054197
0.054132
0.054066
0.054002
0.053936
0.053877
0.053826
0.053768
0.053709
0.053652
0.053591
0.053532
0.053476
0.053422
0.053368
0.053317
0.053261
0.053207
0.053153
