0.386218
0.501463
0.179197
-0.419626
-0.884409
-0.976991
-1.305902
-2.021127
-2.252685
-3.100554
-3.791673
-5.028823
-5.961107
-6.994086
-8.156467
-9.397296
-9.147537
-10.214084
-10.576357
-9.974168
-9.977268
-10.019006
-10.278008
-9.433934
-9.197915
-8.098982
-6.581046
-4.994488
-3.209089
-1.426097
1.933644
6.289331
8.809284
11.857562
15.013564
14.223555
13.645336
14.692520
15.527349
15.388047
15.230401
14.990287
14.261263
13.324326
11.940989
10.459796
9.304631
8.533243
7.676550
7.200734
6.582876
5.852256
5.304088
4.901701
4.622155
4.131368
3.740877
3.368001
3.034330
3.007542
2.792159
2.573704
2.351945
2.186439
1.982985
1.834504
1.692254
1.534212
1.413071
1.322219
1.261855
1.150796
1.397369
1.226066
1.210617
0.958513
1.038931
0.964345
0.895164
0.822741
0.723389
0.624596
0.593129
0.573909
0.553690
0.530231
0.517377
0.518522
0.424474
0.373933
0.303108
0.280544
0.287374
0.258727
0.233468
0.228191
0.217766
0.186644
0.176080
0.160948
0.151546
