1.594479
1.596759
1.587903
1.580871
1.521270
1.506343
1.507801
1.452499
1.384153
1.333804
1.554230
1.497934
1.517590
1.387495
1.300792
1.186286
1.064358
0.565473
-0.164019
-1.056488
-1.940696
-2.503706
-2.906285
-3.377580
-3.265750
-2.936500
-2.290959
-0.686132
1.241817
4.574384
5.115516
5.291010
5.342104
4.957220
5.850536
4.029405
3.514064
3.439164
3.606967
3.739887
3.666272
4.704427
5.626853
5.503049
5.401424
5.299772
5.185088
4.957316
4.758011
4.565181
4.404256
4.261293
4.155691
4.045975
3.879371
3.747290
3.672840
3.601557
3.547939
3.498672
3.417128
3.384566
3.315163
3.245122
3.194502
3.154531
3.114818
3.098508
3.054120
3.038653
3.017790
3.000270
2.951492
2.912982
2.870524
2.882009
2.909700
2.919489
2.892926
2.871120
2.853797
2.838995
2.833177
2.796947
2.781221
2.761477
2.736365
2.724412
2.696505
2.676975
2.662571
2.658800
2.658010
2.633866
2.639109
2.632104
2.612236
2.604695
2.601274
2.595476
2.578787
