0.228132
0.275512
0.217251
0.290584
0.266964
0.239334
0.200046
0.179286
0.108924
0.132491
0.135950
0.183956
0.094230
0.042384
0.079371
0.127211
0.294739
0.326532
0.700653
0.911857
1.426075
1.906337
2.072128
2.388021
2.457527
1.918690
1.035412
0.277134
-0.376231
-0.706890
-1.581605
-2.402577
-3.037431
-3.196455
-4.013288
-4.082844
-4.160535
-4.752715
-4.623012
-4.419142
-3.573846
-2.521163
-1.914693
-1.525816
-1.567550
-1.538569
-1.452289
-1.371776
-1.288727
-1.344970
-1.253461
-1.176508
-1.128296
-1.108617
-1.093622
-1.032633
-0.949035
-0.881393
-0.807879
-0.784498
-0.726129
-0.707225
-0.675746
-0.641769
-0.598872
-0.566993
-0.530657
-0.508652
-0.481903
-0.450724
-0.426912
-0.368610
-0.361070
-0.408456
-0.488132
-0.446643
-0.492412
-0.439357
-0.388168
-0.364908
-0.329043
-0.306428
-0.296435
-0.290176
-0.276296
-0.255256
-0.259573
-0.260692
-0.270534
-0.282833
-0.250885
-0.252133
-0.249209
-0.267916
-0.254109
-0.242099
-0.222764
-0.202744
-0.189659
-0.183268
-0.180802
