0.928183
0.928206
0.928228
0.928251
0.928276
0.928300
0.928322
0.928343
0.928360
0.928379
0.928399
0.928419
0.928438
0.928445
0.928464
0.928476
0.928478
0.928455
0.928422
0.928379
0.928312
0.928212
0.928061
0.927886
0.927660
0.927372
0.927055
0.926702
0.926266
0.925764
0.925205
0.924606
0.923962
0.923279
0.922544
0.921782
0.920948
0.920058
0.919143
0.918148
0.917086
0.915944
0.914725
0.913441
0.912089
0.910683
0.909210
0.907668
0.906070
0.904371
0.902613
0.900792
0.898907
0.896983
0.894988
0.892952
0.890859
0.888698
0.886498
0.884280
0.881933
0.879596
0.877207
0.874755
0.872285
0.869749
0.867152
0.864523
0.861845
0.859084
0.856358
0.853539
0.850758
0.847987
0.845116
0.842329
0.839493
0.836647
0.833904
0.831142
0.828431
0.825741
0.823102
0.820514
0.817983
0.815506
0.813105
0.810777
0.808473
0.806258
0.804082
0.801994
0.800055
0.798168
0.796351
0.794613
0.792977
0.791395
0.789913
0.788449
0.787071
