-0.372932
-0.390267
-0.402372
-0.476478
-0.569497
-0.732460
-0.961948
-1.267641
-1.588040
-1.910803
-2.440078
-3.330846
-4.429809
-5.730293
-7.217433
-9.021526
-11.206449
-13.226074
-16.039976
-18.426691
-18.967838
-18.830421
-18.826826
-18.911306
-18.752237
-18.591215
-18.593224
-18.687414
-19.000616
-19.328653
-20.054955
-20.861862
-21.700634
-21.912355
-21.916950
-22.003050
-22.119768
-22.290451
-22.521124
-23.005798
-22.929281
-22.875515
-22.586308
-22.393574
-22.287226
-22.150143
-21.704851
-21.173536
-20.576771
-20.077185
-19.777372
-19.085583
-18.201860
-16.895420
-15.337701
-13.397767
-11.160836
-8.807153
-6.068165
-2.956553
1.207440
5.095285
8.218928
9.510077
10.577147
11.709552
12.674677
13.544317
13.943567
14.130705
15.118149
15.454456
15.965446
16.594921
16.965982
17.151381
17.366407
17.368687
17.330076
17.212133
17.175873
17.276979
17.294977
17.197014
17.067722
16.997364
17.030334
16.961142
16.743057
16.557497
16.425062
16.306545
15.982846
15.631154
15.423938
15.141984
14.869661
14.570346
14.300654
14.087773
13.957310
