0.159329
0.159447
0.170142
0.198927
0.230425
0.246650
0.263612
0.281716
0.293745
0.331252
0.378881
0.437571
0.399793
0.361475
0.387362
0.465715
0.496280
0.546718
0.586050
0.690651
0.808599
0.978681
1.227242
1.418162
1.544667
1.862589
2.063326
2.470165
2.762062
3.124876
3.290346
3.916623
4.514556
5.245215
5.716177
6.265160
6.735223
6.655215
6.160367
5.409017
3.569115
1.338307
-0.478661
-1.793724
-1.858733
-3.578197
-3.540889
-3.336623
-3.069862
-2.575714
-2.839415
-3.297600
-3.116905
-2.564832
-2.130346
-1.395678
-0.455039
0.227891
0.285328
0.519249
0.803824
0.953522
1.128341
1.297211
1.492552
1.223374
1.041919
0.728920
0.530318
0.762272
0.714212
0.579265
0.296122
0.099839
-0.004455
-0.151390
-0.275522
-0.304670
-0.949797
-0.085513
0.758244
0.365041
0.628266
0.778061
0.514725
0.392076
0.375956
0.258123
0.601932
0.588777
0.589920
0.590949
0.559687
0.508549
0.480384
0.464949
0.438072
0.444986
0.439580
0.496016
0.524774
