0.005078
0.005185
0.005280
0.005360
0.005442
0.005531
0.005594
0.005674
0.005735
0.005788
0.005841
0.005877
0.005927
0.005995
0.006051
0.006102
0.006113
0.006119
0.006162
0.006202
0.006301
0.006333
0.006337
0.006387
0.006382
0.006396
0.006541
0.006523
0.006489
0.006470
0.006429
0.006409
0.006426
0.006458
0.006564
0.006670
0.006664
0.006571
0.006388
0.006152
0.005789
0.005458
0.005081
0.004689
0.004297
0.003868
0.003453
0.003064
0.002727
0.002422
0.002059
0.001694
0.001405
0.001117
0.000894
0.000721
0.000594
0.000575
0.000590
0.000613
0.000536
0.000495
0.000462
0.000437
0.000441
0.000376
0.000297
0.000207
0.000073
-0.000073
-0.000237
-0.000405
-0.000614
-0.000797
-0.000949
-0.001053
-0.001160
-0.001264
-0.001387
-0.001519
-0.001640
-0.001747
-0.001895
-0.002036
-0.002154
-0.002266
-0.002385
-0.002507
-0.002615
-0.002729
-0.002850
-0.002973
-0.003109
-0.003218
-0.003324
-0.003485
-0.003598
-0.003690
-0.003758
-0.003888
-0.003989
