1.279212
0.727649
0.022588
-0.124502
-0.848706
-1.820107
-2.609337
-2.790087
-3.517009
-3.518619
-3.244817
-3.165632
-3.551675
-3.372959
-3.202413
-3.125299
-2.869680
-2.478038
-1.990372
-1.699203
-0.718552
0.285154
1.115918
1.773637
2.444507
2.586666
2.529251
1.896878
1.265379
1.009819
1.366498
2.749649
5.414349
8.819735
13.696404
18.456121
21.879614
22.583065
22.514772
21.865173
20.084553
17.901697
14.829943
10.891212
6.146885
2.445711
-0.028470
-3.242045
-6.617195
-9.648499
-12.777700
-15.680286
-17.448355
-17.744291
-17.684624
-16.744785
-15.190206
-13.623240
-11.980708
-9.962492
-6.676986
-4.299175
-1.827848
0.264757
1.695012
3.109786
4.900514
6.247704
7.220905
7.571971
7.779444
7.815696
8.046699
7.980981
8.274678
8.774020
9.185144
9.575286
9.988837
10.101516
9.972389
9.824841
9.660906
9.447227
9.175977
8.714520
8.419985
8.252632
8.085493
7.713108
7.605880
7.593165
7.315052
7.255221
7.120471
6.919950
6.874906
6.809746
6.671085
6.652956
6.564592
