0.038535
0.038551
0.038559
0.038567
0.038571
0.038576
0.038567
0.038574
0.038587
0.038595
0.038622
0.038647
0.038681
0.038718
0.038743
0.038770
0.038760
0.038806
0.038847
0.038885
0.038891
0.038899
0.038911
0.038917
0.038921
0.038904
0.038911
0.038912
0.038885
0.038834
0.038760
0.038694
0.038601
0.038497
0.038386
0.038238
0.038083
0.037922
0.037803
0.037658
0.037508
0.037385
0.037243
0.037114
0.036999
0.036892
0.036807
0.036703
0.036634
0.036536
0.036356
0.036202
0.036043
0.035827
0.035587
0.035417
0.035172
0.034944
0.034728
0.034537
0.034347
0.034202
0.034093
0.034002
0.033937
0.033835
0.033731
0.033608
0.033468
0.033354
0.033185
0.033007
0.032837
0.032711
0.032558
0.032385
0.032190
0.032061
0.031948
0.031862
0.031786
0.031710
0.031646
0.031571
0.031515
0.031463
0.031400
0.031338
0.031283
0.031246
0.031225
0.031190
0.031181
0.031170
0.031174
0.031253
0.031219
0.031212
0.031185
0.031168
0.031130
