0.316213
0.316197
0.316183
0.316169
0.316146
0.316124
0.316125
0.316158
0.316201
0.316280
0.316416
0.316581
0.316747
0.316900
0.317127
0.317421
0.317737
0.318089
0.318424
0.318790
0.319171
0.319602
0.320062
0.320538
0.321012
0.321456
0.321889
0.322393
0.322949
0.323480
0.323961
0.324424
0.324904
0.325483
0.326113
0.326730
0.327197
0.327611
0.327963
0.328386
0.328954
0.329440
0.329899
0.330289
0.330621
0.330999
0.331395
0.331692
0.331903
0.332077
0.332252
0.332383
0.332429
0.332382
0.332421
0.332474
0.332535
0.332586
0.332623
0.332697
0.332781
0.332862
0.333072
0.333362
0.333710
0.334133
0.334480
0.334989
0.335570
0.336146
0.336693
0.337206
0.337780
0.338415
0.339052
0.339622
0.340187
0.340745
0.341314
0.341939
0.342605
0.343214
0.343776
0.344360
0.344940
0.345556
0.346143
0.346690
0.347196
0.347665
0.348125
0.348544
0.348963
0.349320
0.349699
0.350055
0.350399
0.350692
0.350960
0.351150
0.351335
