0.450561
0.450949
0.451512
0.451948
0.452148
0.452878
0.453356
0.453989
0.455039
0.455908
0.456885
0.458113
0.459520
0.460843
0.462482
0.464236
0.466122
0.467941
0.469343
0.470128
0.470621
0.470784
0.470501
0.469882
0.468855
0.467264
0.464616
0.461568
0.458454
0.455734
0.452937
0.451078
0.449561
0.448515
0.448587
0.450155
0.452176
0.454023
0.455526
0.457518
0.459246
0.461371
0.463725
0.465799
0.467675
0.470188
0.472227
0.474832
0.476955
0.478794
0.478166
0.476739
0.474628
0.472026
0.468661
0.465120
0.460921
0.457237
0.453299
0.450143
0.448120
0.446468
0.445589
0.445830
0.447290
0.448949
0.451654
0.453419
0.455712
0.458291
0.460511
0.462386
0.464555
0.466286
0.469188
0.471690
0.474170
0.477588
0.480255
0.481781
0.482198
0.481528
0.478337
0.474970
0.470971
0.466192
0.461260
0.457422
0.455421
0.454854
0.454707
0.456684
0.459319
0.461909
0.466366
0.470480
0.473638
0.474552
0.474856
0.473354
0.471539
