0.099422
0.084713
0.059633
-0.021747
-0.129436
-0.277358
-0.480259
-0.787374
-1.161662
-1.787967
-2.446653
-3.353165
-4.640032
-6.336020
-8.531665
-10.772079
-12.595347
-13.828488
-14.333845
-15.066098
-15.556948
-15.956383
-16.448971
-16.553101
-16.431969
-16.074141
-15.591904
-14.932471
-14.192073
-12.923017
-11.608646
-10.565507
-10.255816
-11.624882
-12.282290
-13.638514
-14.535954
-16.832888
-18.416311
-18.454546
-17.527676
-15.280352
-14.254717
-13.558659
-12.956593
-11.471104
-6.924768
-0.340710
6.633060
12.654654
15.685290
20.080881
18.862602
18.583736
16.033968
13.121229
10.650240
9.404943
9.062629
8.836912
8.499368
8.823195
9.645407
10.721953
11.696738
12.420404
12.899618
13.595431
14.144870
14.673443
14.792670
14.456674
14.333418
14.362167
14.752650
15.315801
15.814265
15.911509
15.673181
15.710867
15.736315
15.736958
15.427735
15.307125
14.910789
14.446216
13.998662
13.598507
13.295312
13.007987
12.721260
12.394260
12.019530
11.704939
11.383825
11.033710
10.718391
10.468081
10.032258
9.572225
9.157909
