2.079814
2.156994
2.220434
2.264694
2.249703
2.076569
2.129127
1.984249
1.723642
1.490873
1.370259
1.375744
1.285107
0.092446
-0.458709
-0.925583
-1.226178
-1.206006
-1.383489
-1.362669
-1.352741
-1.429302
-1.002996
-0.685665
-0.350901
0.007548
0.180928
0.142928
0.269783
0.337254
0.625271
0.938715
0.882780
1.515906
1.924545
1.815384
1.725069
2.351604
3.477197
4.110005
3.230820
2.714363
-0.763108
-6.174374
-9.357567
-13.232774
-12.640279
-11.549573
-3.449867
11.451606
20.865789
16.004141
16.359650
13.726574
13.798508
15.463710
13.323726
10.271662
9.649785
9.111299
8.307776
7.536020
6.892975
6.872962
5.891886
5.591205
5.971334
5.700392
5.135598
4.952695
5.472867
6.197580
5.475789
5.197690
5.260253
5.054535
5.230248
4.085855
3.393344
3.198495
3.626903
3.030329
2.985783
3.439881
4.357605
4.918719
5.375597
5.850012
5.948068
6.147235
6.089456
6.066498
6.230064
6.437524
7.069422
7.511846
8.148226
8.378515
8.548344
9.040383
9.264960
