-0.522111
-0.435156
-0.335830
-0.322150
-0.387347
-0.423478
-0.518865
-0.931997
-1.537062
-2.206699
-2.862896
-3.909330
-5.684957
-7.317300
-8.558376
-11.069646
-14.130388
-16.329147
-17.757254
-18.356236
-18.493031
-19.229715
-19.712997
-19.992273
-20.070341
-19.990971
-20.947720
-22.396103
-23.306911
-23.755077
-24.296022
-24.098959
-24.331156
-25.091202
-25.336800
-25.312235
-24.375689
-23.113306
-21.536180
-19.618288
-18.012457
-16.060516
-14.316993
-12.701186
-10.238685
-7.562382
-4.496568
-1.949025
0.046934
1.638992
2.997466
3.827317
4.853402
5.892196
7.046650
7.888443
8.805293
9.347692
10.096773
11.288857
13.314651
14.634633
14.965533
15.671338
16.331844
16.241434
16.110102
16.115662
16.373434
16.928642
17.496416
17.227823
17.075670
16.689005
16.233366
15.834465
15.353782
14.816672
14.283783
13.841457
13.414890
13.016934
12.501568
12.027299
11.849000
12.087361
12.352563
12.570211
12.526937
12.492368
12.351599
12.229616
12.137989
12.060740
12.005704
11.877081
11.688876
11.465899
11.356396
11.353303
11.275462
