-0.067945
-0.049291
-0.054923
-0.101035
-0.169789
-0.343172
-0.522374
-0.754606
-0.964578
-1.219253
-1.585041
-1.947472
-2.338335
-2.657279
-2.934616
-3.412704
-4.012354
-4.553466
-5.120251
-5.903126
-6.652142
-7.029357
-7.198088
-7.528947
-7.927568
-8.406373
-9.171113
-10.102427
-11.344822
-12.718491
-14.235199
-15.573017
-16.705324
-17.424837
-17.836950
-18.300407
-18.982256
-20.233727
-21.263557
-22.179729
-23.068453
-23.325081
-23.735292
-24.415716
-24.322683
-24.558640
-25.200329
-25.343006
-24.818914
-24.067963
-22.955765
-21.743874
-20.056257
-17.551086
-13.269337
-7.719133
-2.577397
2.701205
6.390771
8.302268
9.470271
11.056726
12.545518
14.332440
15.485873
17.026300
18.381954
19.410196
19.208279
19.203316
19.941364
21.292076
22.849703
23.890537
24.258059
23.651299
23.034031
22.369020
21.593079
20.765472
20.043083
19.568119
19.019047
18.454124
18.264416
17.798161
17.437330
17.105543
16.644487
16.091442
15.764784
15.918834
15.832581
15.575452
15.232005
14.936918
14.696344
14.693297
14.789205
14.689837
14.447045
