0.821541
0.821828
0.822083
0.822320
0.822553
0.822793
0.823045
0.823295
0.823530
0.823757
0.824001
0.824288
0.824547
0.824785
0.825063
0.825270
0.825484
0.825666
0.825871
0.825998
0.826097
0.826208
0.826252
0.826118
0.825951
0.825898
0.825648
0.825416
0.825179
0.824901
0.824503
0.824056
0.823497
0.822855
0.822151
0.821368
0.820468
0.819472
0.818425
0.817306
0.816138
0.814912
0.813568
0.811838
0.809954
0.807864
0.805461
0.802890
0.799981
0.796872
0.793565
0.790082
0.786414
0.782623
0.778616
0.774600
0.770319
0.765889
0.761233
0.756410
0.751367
0.746132
0.740735
0.735269
0.729673
0.723798
0.717897
0.711871
0.705681
0.699413
0.692923
0.686431
0.679721
0.673441
0.666468
0.659569
0.652645
0.645703
0.638806
0.631955
0.625112
0.618390
0.611841
0.605231
0.598939
0.592841
0.586857
0.581001
0.575346
0.569826
0.564594
0.559825
0.555442
0.551307
0.547561
0.544380
0.541362
0.538803
0.536389
0.534098
0.531920
