1.522820
1.644206
1.830267
1.984301
2.140064
2.225196
2.389218
2.484061
2.451680
2.322363
2.263718
2.163165
1.976501
1.839555
1.956706
1.945467
1.726271
1.560323
1.370406
1.241452
1.187039
1.247683
1.129973
1.083851
0.952311
1.008640
1.088161
1.190121
1.243043
1.223151
1.109407
0.745044
0.349550
-0.002700
-0.188554
-0.510592
-0.746675
-1.270022
-1.401407
-1.915508
-2.340292
-2.449185
-2.115428
-2.278358
-2.403819
-2.934611
-3.575443
-4.154645
-4.754124
-5.490055
-6.113832
-6.454677
-6.748930
-6.197604
-6.190952
-6.169036
-6.206745
-6.337520
-6.638229
-6.793318
-7.086482
-6.938236
-6.643915
-6.559835
-6.013388
-4.772603
-3.404278
-1.791597
-0.382212
0.268260
1.088009
2.162835
2.584515
2.885101
3.305734
3.540699
3.635217
3.898443
3.921546
3.987868
4.273337
4.572016
4.914989
5.266944
5.503299
5.441564
5.401009
5.371643
5.312333
5.179264
4.975040
4.744663
4.363987
4.041040
3.919212
3.608997
3.420336
3.025242
2.870579
2.883500
3.040842
