-0.149329
-0.149345
-0.149361
-0.149374
-0.149380
-0.149378
-0.149372
-0.149367
-0.149347
-0.149330
-0.149299
-0.149274
-0.149245
-0.149220
-0.149188
-0.149162
-0.149113
-0.149050
-0.149012
-0.148971
-0.148935
-0.148891
-0.148850
-0.148808
-0.148755
-0.148697
-0.148634
-0.148579
-0.148516
-0.148442
-0.148399
-0.148353
-0.148310
-0.148256
-0.148203
-0.148146
-0.148104
-0.148053
-0.148016
-0.147983
-0.147949
-0.147921
-0.147871
-0.147849
-0.147737
-0.147639
-0.147532
-0.147398
-0.147280
-0.147138
-0.146963
-0.146755
-0.146596
-0.146408
-0.146215
-0.146077
-0.145898
-0.145768
-0.145614
-0.145425
-0.145251
-0.145079
-0.144899
-0.144698
-0.144495
-0.144336
-0.144180
-0.144015
-0.143905
-0.143766
-0.143678
-0.143530
-0.143457
-0.143370
-0.143286
-0.143228
-0.143171
-0.143113
-0.143062
-0.143065
-0.143063
-0.143066
-0.143092
-0.143111
-0.143142
-0.143183
-0.143221
-0.143287
-0.143320
-0.143340
-0.143378
-0.143381
-0.143387
-0.143407
-0.143430
-0.143463
-0.143494
-0.143529
-0.143562
-0.143600
-0.143673
