-0.294323
-0.294378
-0.295050
-0.294793
-0.295458
-0.295201
-0.295251
-0.295603
-0.295349
-0.295097
-0.294549
-0.294601
-0.295245
-0.295293
-0.295046
-0.295973
-0.296309
-0.296061
-0.295814
-0.296147
-0.295902
-0.295659
-0.295419
-0.295748
-0.295792
-0.296398
-0.296439
-0.296479
-0.297075
-0.297112
-0.296596
-0.296910
-0.296672
-0.296711
-0.296476
-0.296786
-0.297093
-0.297129
-0.296896
-0.297199
-0.297766
-0.297533
-0.297302
-0.297336
-0.297632
-0.298187
-0.298217
-0.297727
-0.297759
-0.297790
-0.297564
-0.297596
-0.298392
-0.298929
-0.298702
-0.298729
-0.298000
-0.298029
-0.298059
-0.297838
-0.297371
-0.297651
-0.297434
-0.297958
-0.298232
-0.298260
-0.297556
-0.297100
-0.297132
-0.296922
-0.297196
-0.297227
-0.297258
-0.297051
-0.296845
-0.296640
-0.296437
-0.296706
-0.296269
-0.296303
-0.296570
-0.296603
-0.296868
-0.297130
-0.297621
-0.297880
-0.297907
-0.297478
-0.297506
-0.297762
-0.297563
-0.297817
-0.298069
-0.297646
-0.297226
-0.296808
-0.296616
-0.295980
-0.296457
-0.295824
-0.295416
