3.980546
3.999822
3.847293
3.766975
3.660011
3.162461
1.890548
0.095153
-2.278072
-5.202285
-7.156413
-4.790000
0.643781
6.300642
10.358772
6.462527
-3.539476
-17.713037
-35.276672
-42.106422
-30.267494
-12.372365
9.228305
10.015888
5.445712
-13.528625
-34.854454
-46.926521
-45.166702
-38.937283
-25.029177
-9.812340
9.566323
19.651276
21.718782
9.482314
-12.138524
-40.009541
-48.401459
-39.259327
-12.693996
19.480881
31.635735
24.663816
14.219193
5.188457
-1.992447
-13.287609
-29.876240
-45.594540
-41.550102
-23.969604
2.210577
25.504587
36.070641
32.924061
21.407030
3.657621
-14.755220
-21.002998
-22.890598
-15.315541
-12.682856
-9.694843
-1.167009
10.361606
18.916164
30.496283
38.890385
33.481968
28.029037
7.367043
-8.586392
5.242753
14.764908
38.561420
37.359646
29.906424
8.357369
-12.793928
1.485783
21.257963
32.398525
32.152836
22.773220
2.408127
-4.946101
7.281058
18.988398
22.255075
12.969825
5.604058
-8.901252
-10.816296
-2.803719
9.299726
17.949444
19.533031
18.790518
16.178165
14.113407
