0.941242
0.900853
1.020567
1.264714
1.645349
2.166863
2.815578
4.061404
5.266647
6.827631
7.426833
8.753478
9.575559
10.646093
13.265605
14.921675
16.708197
16.301432
15.596099
15.304826
16.206882
15.775900
16.038454
15.623977
15.693565
15.613587
15.243280
14.611310
13.981328
13.767904
13.438834
12.608222
12.432299
12.143513
11.491111
11.242865
10.333360
9.777803
9.443865
9.005970
9.053428
8.745318
8.245943
8.003293
7.713378
7.467931
7.072940
7.149348
7.183057
6.629432
6.230656
5.966461
5.536839
5.122576
4.043589
3.893548
3.948848
3.827438
3.623565
3.377259
3.401694
3.378302
3.367238
3.338439
2.181644
1.575589
1.622607
1.755918
1.816986
1.770291
1.799479
1.742165
1.680728
1.586584
1.685575
1.999825
2.887247
3.027010
3.172356
3.284652
3.235252
3.199167
3.195078
2.832335
3.109021
2.973269
2.458554
2.219368
2.193053
2.160142
2.072246
1.886109
1.747862
1.594984
1.477778
1.159094
0.948502
0.949820
0.890782
0.708199
0.580711
