0.923126
0.923142
0.923164
0.923194
0.923220
0.923246
0.923274
0.923302
0.923325
0.923346
0.923369
0.923394
0.923420
0.923450
0.923473
0.923496
0.923514
0.923497
0.923491
0.923454
0.923413
0.923337
0.923264
0.923173
0.923056
0.922920
0.922762
0.922579
0.922371
0.922141
0.921878
0.921582
0.921236
0.920857
0.920450
0.919957
0.919406
0.918788
0.918087
0.917313
0.916493
0.915509
0.914473
0.913376
0.912226
0.911005
0.909662
0.908294
0.906836
0.905321
0.903703
0.902009
0.900232
0.898407
0.896502
0.894533
0.892506
0.890428
0.888292
0.886036
0.883733
0.881390
0.878948
0.876464
0.873945
0.871378
0.868723
0.866079
0.863461
0.860829
0.858232
0.855653
0.853107
0.850525
0.848007
0.845499
0.843094
0.840754
0.838569
0.836455
0.834388
0.832366
0.830412
0.828508
0.826779
0.825207
0.823683
0.822245
0.820844
0.819526
0.818252
0.817056
0.815910
0.814810
0.813753
0.812763
0.811826
0.810971
0.810155
0.809397
0.808703
