0.135929
0.135924
0.135910
0.135895
0.135892
0.135908
0.135922
0.135937
0.135951
0.135963
0.135983
0.136043
0.136132
0.136246
0.136372
0.136511
0.136657
0.136820
0.136998
0.137192
0.137381
0.137574
0.137782
0.137995
0.138240
0.138493
0.138755
0.139026
0.139302
0.139567
0.139835
0.140121
0.140439
0.140763
0.141089
0.141432
0.141788
0.142133
0.142466
0.142783
0.143044
0.143309
0.143574
0.143832
0.144072
0.144312
0.144535
0.144769
0.144984
0.145182
0.145369
0.145552
0.145719
0.145860
0.146003
0.146128
0.146234
0.146297
0.146352
0.146395
0.146431
0.146452
0.146495
0.146519
0.146530
0.146458
0.146377
0.146287
0.146409
0.146579
0.146786
0.147087
0.147442
0.147757
0.148225
0.148632
0.149034
0.149437
0.149795
0.150116
0.150471
0.150816
0.151112
0.151393
0.151647
0.151886
0.152107
0.152311
0.152492
0.152656
0.152802
0.152927
0.153033
0.153125
0.153208
0.153287
0.153352
0.153408
0.153462
0.153502
0.153535
