1.453779
1.458698
1.341295
1.308550
1.328954
1.165373
1.003691
1.134992
1.284602
1.444170
1.402125
1.263418
0.957123
-0.062892
-1.643113
-4.633085
-9.178682
-12.082045
-13.759882
-14.210363
-9.754572
-2.179107
9.431458
18.765831
27.531029
31.051018
33.452057
30.183859
23.716650
15.959739
-0.988637
-23.046543
-33.921543
-33.598110
-30.926798
-18.853016
-7.673583
4.003253
12.131392
18.251963
22.203289
24.689037
26.534386
26.806154
26.455919
24.762489
21.142115
14.650534
9.527488
2.859605
-1.976878
-5.992011
-7.526406
-9.584050
-10.661293
-11.307656
-11.086143
-12.959865
-13.694443
-14.157779
-13.321374
-13.421133
-12.535769
-11.581486
-10.990271
-10.165091
-8.796748
-7.803106
-7.210606
-6.430182
-5.415726
-4.628128
-4.284167
-3.470402
-2.683931
-2.523116
-2.462383
-2.262146
-1.893660
-1.052211
0.092750
1.319083
2.508442
3.248793
5.433575
6.615151
7.408010
7.661279
7.731038
7.476618
6.768103
6.328485
6.159755
6.145531
6.540044
6.275827
6.155169
6.469614
6.950723
7.369616
8.522491
