0.886791
0.887032
0.887270
0.887506
0.887731
0.887931
0.888098
0.888271
0.888480
0.888711
0.888967
0.889147
0.889323
0.889472
0.889553
0.889596
0.889598
0.889426
0.889176
0.888662
0.888058
0.887197
0.885897
0.884382
0.882673
0.880700
0.878547
0.876142
0.873478
0.870504
0.867416
0.864232
0.860867
0.857190
0.853735
0.850449
0.847064
0.844542
0.842538
0.840284
0.838235
0.836058
0.833237
0.830417
0.827376
0.824107
0.820649
0.816989
0.813157
0.809069
0.804577
0.799688
0.794515
0.789268
0.783759
0.778111
0.772321
0.766344
0.760278
0.754100
0.747847
0.741563
0.735213
0.728879
0.722394
0.715628
0.708864
0.701952
0.694948
0.687889
0.680737
0.673682
0.666861
0.660075
0.653651
0.647358
0.641462
0.635943
0.630816
0.626003
0.621691
0.617882
0.614416
0.611468
0.608781
0.606291
0.604181
0.602338
0.600947
0.600108
0.599686
0.599682
0.599918
0.600431
0.600943
0.601813
0.602681
0.603790
0.605067
0.606458
0.607732
