0.051461
0.052007
0.052422
0.052767
0.053264
0.053838
0.054597
0.055495
0.056599
0.058163
0.059835
0.061818
0.063685
0.065579
0.067752
0.069877
0.072213
0.074566
0.076783
0.079108
0.081412
0.083808
0.085931
0.088206
0.090341
0.091933
0.093398
0.094628
0.096027
0.097065
0.097800
0.098551
0.099154
0.099554
0.099847
0.100142
0.100379
0.100655
0.100946
0.101114
0.101346
0.101277
0.100975
0.100587
0.100064
0.099557
0.099077
0.098497
0.097910
0.097353
0.096765
0.096131
0.095636
0.095077
0.094576
0.094143
0.093772
0.093699
0.093615
0.093599
0.093431
0.093268
0.093072
0.092910
0.092753
0.092614
0.092467
0.092330
0.092215
0.092127
0.092035
0.091973
0.091897
0.091867
0.091932
0.092000
0.092073
0.092252
0.092403
0.092596
0.092799
0.093034
0.093257
0.093472
0.093704
0.093913
0.094144
0.094350
0.094540
0.094746
0.094960
0.095176
0.095370
0.095511
0.095600
0.095713
0.095793
0.095834
0.095827
0.095784
0.095756
