0.429689
0.429675
0.429642
0.429654
0.429683
0.429750
0.429853
0.430003
0.430168
0.430342
0.430555
0.430778
0.430977
0.431165
0.431297
0.431437
0.431443
0.431454
0.431478
0.431478
0.431494
0.431522
0.431593
0.431641
0.431705
0.431769
0.431781
0.431787
0.431744
0.431542
0.431148
0.430704
0.430238
0.429679
0.429182
0.428839
0.428706
0.428375
0.427994
0.427681
0.427302
0.426905
0.426539
0.426093
0.425490
0.424909
0.424333
0.423730
0.423198
0.422739
0.422461
0.422280
0.422135
0.422083
0.421973
0.421901
0.421684
0.421616
0.421408
0.421238
0.421042
0.420884
0.420700
0.420467
0.420233
0.420000
0.419755
0.419482
0.419206
0.418923
0.418642
0.418344
0.418048
0.417735
0.417381
0.417069
0.416751
0.416410
0.416084
0.415776
0.415451
0.415150
0.414829
0.414556
0.414278
0.414037
0.413802
0.413571
0.413358
0.413131
0.412906
0.412704
0.412504
0.412313
0.412115
0.411923
0.411710
0.411475
0.411254
0.411012
0.410769
