2.675992
3.424407
4.248099
5.006841
5.359382
5.253971
4.822824
4.906516
4.763009
4.550573
4.400360
4.605100
4.981572
5.175197
4.641683
4.478910
4.128963
3.767579
3.523092
2.819249
1.583254
1.197044
0.603990
-0.844462
-2.658305
-2.427628
-3.582947
-3.647933
-2.457030
-1.723166
-1.671250
0.362098
0.429214
-0.905032
-1.333507
-3.180620
-1.579178
-1.364421
-0.376337
-0.169281
-1.485703
-1.238950
-1.522968
-1.501602
-1.822289
-1.274354
-1.674805
-0.826686
-0.621509
-0.277353
-0.049861
0.205700
-0.731264
-0.911772
-1.124155
-0.964709
-0.744687
-0.107167
-0.228864
0.004786
0.230126
0.482385
0.738097
0.578217
0.392619
0.200443
0.348591
0.491643
0.233832
0.403193
-0.204324
0.049291
0.112740
0.373958
0.879000
1.211763
1.194523
1.310494
1.410373
1.543328
1.657449
1.623575
1.738464
1.765709
1.341868
1.160303
1.207007
1.235839
1.083098
0.913281
1.203359
1.760767
1.782657
1.659002
1.569160
1.772576
1.577096
1.441153
1.509679
1.392847
1.306988
