0.892181
0.892436
0.892685
0.892907
0.893114
0.893302
0.893473
0.893630
0.893801
0.893980
0.894171
0.894354
0.894475
0.894553
0.894582
0.894495
0.894126
0.893620
0.893013
0.892280
0.891323
0.890252
0.888983
0.887366
0.885522
0.883569
0.881500
0.879241
0.876768
0.874043
0.871144
0.868078
0.864977
0.861940
0.859046
0.856431
0.854023
0.851865
0.849715
0.847672
0.845405
0.842806
0.840067
0.837116
0.833978
0.830751
0.827522
0.824313
0.820836
0.816995
0.812942
0.808686
0.804115
0.799346
0.794261
0.788964
0.783287
0.777386
0.771354
0.765064
0.758970
0.752832
0.746782
0.740508
0.734099
0.727606
0.721033
0.714541
0.708255
0.702431
0.696938
0.692024
0.687587
0.683464
0.679648
0.676126
0.672912
0.669970
0.667563
0.665407
0.663585
0.662765
0.662517
0.662436
0.662618
0.662956
0.663494
0.664124
0.664826
0.665633
0.666647
0.667675
0.668750
0.669867
0.670944
0.672148
0.673279
0.674459
0.675609
0.676789
0.677923
