0.242246
0.242348
0.242522
0.242694
0.242970
0.243392
0.243847
0.244463
0.245169
0.246005
0.246913
0.247809
0.248735
0.249733
0.250836
0.252054
0.253185
0.254344
0.255626
0.256925
0.258143
0.259280
0.260378
0.261427
0.262682
0.263785
0.265083
0.266425
0.267732
0.269163
0.270645
0.272013
0.273306
0.274547
0.275726
0.276787
0.278082
0.279379
0.280826
0.282023
0.283329
0.284580
0.285572
0.286742
0.287976
0.288948
0.289679
0.290255
0.290705
0.291017
0.291138
0.291033
0.290816
0.290421
0.290098
0.290008
0.289934
0.290228
0.290725
0.291286
0.292269
0.293521
0.294699
0.296042
0.297510
0.298919
0.300389
0.301743
0.303188
0.304496
0.305993
0.307317
0.308544
0.309848
0.310849
0.311741
0.312582
0.313334
0.313937
0.314526
0.314983
0.315424
0.315777
0.316025
0.316256
0.316444
0.316586
0.316714
0.316814
0.316827
0.316899
0.316976
0.317063
0.317151
0.317258
0.317376
0.317498
0.317568
0.317718
0.317966
0.318072
