0.496620
0.373308
0.254280
0.009943
-0.335658
-0.662664
-0.903350
-1.127865
-1.316618
-1.703856
-2.464491
-3.097038
-3.486087
-3.686024
-3.542728
-3.477964
-3.596318
-3.852227
-3.313619
-2.095605
-0.240007
1.970641
4.925916
7.610876
6.983878
6.320870
3.472356
-0.189385
-4.252566
-8.226467
-11.519714
-12.292170
-10.126990
-6.375299
-1.424666
2.146403
3.618558
2.610342
1.416536
0.348116
-0.469877
0.209892
0.140495
-0.125658
-0.462121
0.026433
1.605045
3.956009
6.840638
9.821892
9.963218
9.332355
7.640254
3.459031
-1.533818
-6.657704
-9.537651
-11.272527
-11.611807
-12.661432
-13.547201
-12.200671
-10.240082
-8.503129
-6.602018
-5.518965
-3.924668
-2.407389
-2.221197
-1.390285
0.200884
3.749074
6.692292
8.174795
8.069936
7.627018
7.605893
9.182933
9.132538
8.571930
8.208683
7.784476
7.472856
6.632395
5.832443
5.176465
4.865594
4.764214
4.994715
4.783540
4.467854
4.155023
3.801709
3.539449
3.399636
3.152154
2.886263
2.801096
2.691883
2.825323
2.916671
