1.929646
2.058533
2.180110
2.247862
2.182405
2.149061
1.980404
1.765138
1.728282
1.600150
1.555072
1.511902
1.497790
1.500380
1.535609
2.008882
1.665583
1.610498
1.331167
1.721680
1.644836
1.465807
1.041104
0.945273
1.043327
0.517733
-0.258374
0.034657
0.991803
0.659387
0.494163
2.270843
2.923855
2.910095
4.488633
3.751185
5.218933
3.557822
3.078418
4.359012
4.431496
4.119056
3.443108
3.440876
3.195108
2.783909
0.737907
0.476714
1.858523
1.386305
1.337567
0.276041
-0.601669
-2.677686
1.095797
2.503893
4.217282
4.320842
3.335012
3.344526
2.836680
3.736108
2.925669
-2.145772
-0.394038
1.583123
1.703715
1.840987
2.420691
2.013363
2.135993
2.875592
1.460208
0.528893
1.711764
1.968594
2.896862
2.917805
3.881789
4.620991
4.940931
5.654143
1.830406
2.696984
4.023974
5.232257
5.418639
4.572645
4.388388
3.441596
4.494461
6.128725
5.510381
2.366518
2.512855
2.333447
2.030870
2.017505
1.587604
1.410353
1.124692
