0.938823
0.938832
0.938841
0.938853
0.938864
0.938888
0.938915
0.938933
0.938942
0.938942
0.938961
0.938988
0.939011
0.939027
0.939048
0.939023
0.938953
0.938825
0.938655
0.938455
0.938227
0.937962
0.937599
0.937218
0.936791
0.936342
0.935831
0.935264
0.934620
0.933951
0.933192
0.932346
0.931453
0.930509
0.929508
0.928446
0.927279
0.926045
0.924742
0.923385
0.921947
0.920424
0.918820
0.917132
0.915367
0.913482
0.911572
0.909555
0.907531
0.905480
0.903355
0.901187
0.898973
0.896745
0.894494
0.892190
0.889877
0.887547
0.885243
0.882926
0.880672
0.878448
0.876284
0.874220
0.872242
0.870298
0.868428
0.866601
0.864808
0.863056
0.861350
0.859765
0.858234
0.856775
0.855373
0.854028
0.852717
0.851449
0.850219
0.849020
0.847855
0.846745
0.845662
0.844652
0.843719
0.842867
0.842087
0.841373
0.840730
0.840124
0.839595
0.839142
0.838718
0.838349
0.838022
0.837725
0.837459
0.837216
0.837051
0.836927
0.836812
