2.300000
2.232062
2.198616
2.224349
2.277562
2.263584
2.152592
2.196643
2.273078
2.299606
2.080018
1.922333
2.246073
2.417336
2.569584
2.827212
2.804011
2.648178
2.397624
2.433720
2.446653
2.520267
2.403640
2.411070
2.394135
2.411165
2.355306
2.084010
1.934643
1.818030
1.333420
1.162332
0.923991
0.931032
0.712352
0.440322
0.009034
-0.699625
-1.058765
-0.753195
-0.534026
-0.913941
-1.244395
-1.212570
-0.711848
-0.682281
-0.623154
-0.178231
0.330159
1.138708
1.682863
1.954032
2.441858
2.501759
2.316084
2.345832
2.354820
4.052324
4.205076
4.410994
4.374025
4.296156
4.208313
4.063134
4.121944
4.126691
3.897048
3.950017
4.075863
4.114535
4.121827
3.980052
3.939236
3.919638
3.914075
3.889648
3.803803
3.752201
3.721692
3.726153
3.649335
3.679369
3.687043
3.640172
3.587631
3.650398
3.563796
3.549495
3.551089
3.552588
3.532658
3.308079
3.450598
3.577094
3.626261
3.738276
3.840304
3.926162
3.974250
3.972107
4.026070
