0.204943
0.204306
0.204124
0.204801
0.202739
0.202425
0.201420
0.200324
0.199164
0.198001
0.196728
0.195182
0.193424
0.192050
0.190756
0.189175
0.187557
0.186194
0.185104
0.183894
0.182998
0.182217
0.181254
0.180144
0.178684
0.177270
0.175821
0.175250
0.174366
0.173539
0.172707
0.171590
0.170438
0.169008
0.167762
0.166147
0.164567
0.162716
0.160998
0.158899
0.156863
0.154922
0.152601
0.150655
0.149020
0.147803
0.146415
0.144672
0.143108
0.141922
0.140524
0.139166
0.138662
0.138101
0.137193
0.136283
0.135393
0.134401
0.133397
0.132703
0.132528
0.132412
0.132114
0.132397
0.131583
0.130096
0.128741
0.127194
0.126421
0.125785
0.125167
0.124943
0.124796
0.124795
0.124795
0.124743
0.124649
0.124184
0.123534
0.122779
0.121960
0.120722
0.119628
0.118434
0.117420
0.116530
0.115614
0.114648
0.113809
0.113014
0.112336
0.111609
0.111063
0.110552
0.110409
0.110004
0.109252
0.108375
0.107711
0.106901
0.106394
