0.633228
0.634854
0.636513
0.638141
0.639829
0.641694
0.643596
0.645353
0.647033
0.648751
0.650692
0.652389
0.653764
0.655048
0.655688
0.656102
0.656280
0.656272
0.655875
0.655215
0.654127
0.653151
0.651842
0.650254
0.648334
0.645574
0.642785
0.639141
0.635247
0.630831
0.626004
0.620803
0.615164
0.608880
0.602845
0.595869
0.588775
0.581601
0.574259
0.566568
0.558659
0.550570
0.542438
0.534236
0.525806
0.517332
0.508456
0.499700
0.490811
0.481814
0.473076
0.464324
0.455718
0.446923
0.438241
0.430101
0.422005
0.414090
0.406764
0.399641
0.392907
0.386813
0.381259
0.376203
0.371381
0.366892
0.362770
0.358889
0.355434
0.352077
0.348660
0.345178
0.341720
0.338199
0.335334
0.333068
0.331301
0.329753
0.328260
0.326594
0.325364
0.324035
0.322309
0.320271
0.317485
0.314312
0.310832
0.307080
0.303551
0.299824
0.296197
0.292678
0.289517
0.286613
0.284179
0.282290
0.280887
0.279748
0.279023
0.278979
0.279339
