0.030874
0.030899
0.030936
0.030990
0.031027
0.031057
0.031090
0.031112
0.031140
0.031157
0.031160
0.031149
0.031165
0.031149
0.031123
0.031067
0.031023
0.030969
0.030899
0.030818
0.030718
0.030614
0.030501
0.030382
0.030272
0.030126
0.029956
0.029794
0.029611
0.029435
0.029259
0.029084
0.028916
0.028714
0.028574
0.028429
0.028348
0.028275
0.028190
0.028039
0.027899
0.027797
0.027683
0.027535
0.027360
0.027208
0.026994
0.026805
0.026572
0.026345
0.026139
0.025899
0.025694
0.025505
0.025326
0.025175
0.025013
0.024864
0.024744
0.024655
0.024543
0.024395
0.024271
0.024141
0.024006
0.023833
0.023665
0.023463
0.023238
0.023005
0.022749
0.022453
0.022191
0.021925
0.021657
0.021381
0.021127
0.020888
0.020616
0.020339
0.020095
0.019841
0.019585
0.019344
0.019101
0.018860
0.018644
0.018407
0.018193
0.017976
0.017781
0.017610
0.017439
0.017303
0.017186
0.017046
0.016933
0.016795
0.016672
0.016592
0.016514
