5.423724
5.367590
5.220411
5.103226
4.881106
4.548637
4.270559
3.938916
3.763831
3.707200
3.623358
3.471008
3.421809
3.466388
3.435344
3.091281
2.537906
1.986684
1.456722
0.946139
0.463310
0.110173
-0.677509
-1.655603
-3.334386
-5.702161
-8.758358
-12.999742
-14.951917
-15.516493
-16.438099
-16.919436
-15.664014
-12.685386
-7.438285
1.581481
11.805444
20.101656
23.591925
24.765137
21.759439
19.336693
15.284087
11.005286
6.228987
0.466940
-1.727067
-3.167911
-4.952118
-5.859778
-7.061131
-7.020534
-7.529903
-7.336448
-6.909264
-6.011161
-4.609611
-3.540267
-2.576185
-1.369656
0.604917
1.825537
2.916187
4.381808
5.203577
6.567741
6.577574
7.199232
6.960824
6.834884
6.426578
6.049685
5.710032
5.794305
5.554452
5.287487
5.122915
4.959517
4.792859
4.596208
4.468441
4.435312
4.409093
4.382271
4.361131
4.130853
3.889269
3.624234
3.500600
3.427515
3.863700
4.186170
4.480814
4.581944
4.556831
4.641233
4.800503
4.758348
4.639046
4.600679
4.615570
