0.234115
0.329113
0.384717
0.371712
0.341690
0.255161
0.130596
-0.036552
-0.255890
-0.764329
-1.278153
-1.522734
-2.017116
-2.588691
-3.416686
-4.668242
-5.780543
-6.869053
-7.476457
-7.700055
-8.168641
-8.458625
-8.908358
-9.792039
-10.769101
-11.592234
-12.258995
-13.540029
-14.610755
-14.585197
-14.580051
-14.639600
-14.594405
-14.533779
-14.326574
-13.839159
-13.167714
-11.812607
-10.861040
-10.095977
-9.292822
-8.495209
-7.420791
-6.774590
-6.189485
-6.663903
-7.291951
-7.904813
-9.083411
-10.424216
-10.270004
-9.481387
-9.233823
-9.348319
-8.332407
-7.239667
-5.590675
-4.132149
-2.672101
-0.031713
2.983505
4.882677
5.535663
6.020674
5.870143
5.763291
5.320779
4.835648
4.996009
5.653172
6.537718
6.811362
7.970075
9.048884
9.691567
10.024384
10.028460
10.017092
10.203833
10.600991
10.702248
10.589529
10.670234
10.577096
10.676779
10.815646
10.821708
10.740704
10.492971
10.343535
10.243855
10.328120
10.213984
10.107280
10.119622
10.133606
10.089579
10.216880
10.228403
10.070278
9.992510
