0.253086
0.253046
0.252996
0.253009
0.252985
0.252956
0.252957
0.252991
0.253049
0.253127
0.253279
0.253480
0.253725
0.254037
0.254390
0.254800
0.255233
0.255732
0.256270
0.256825
0.257401
0.258000
0.258627
0.259281
0.259938
0.260599
0.261252
0.261889
0.262509
0.263057
0.263583
0.264080
0.264628
0.265200
0.265697
0.266111
0.266474
0.266726
0.266954
0.267144
0.267236
0.267254
0.267249
0.267186
0.267089
0.266847
0.266553
0.266418
0.266422
0.266515
0.266821
0.267202
0.267602
0.268023
0.268494
0.269024
0.269627
0.270276
0.270930
0.271557
0.272258
0.272928
0.273624
0.274348
0.275086
0.275642
0.276144
0.276533
0.276878
0.277223
0.277538
0.277821
0.277999
0.278390
0.278734
0.278989
0.279244
0.279535
0.279782
0.280095
0.280410
0.280771
0.281143
0.281478
0.281843
0.282176
0.282455
0.282605
0.282773
0.282876
0.282925
0.282951
0.282936
0.282922
0.282882
0.282816
0.282746
0.282681
0.282601
0.282523
0.282451
