0.948572
0.948591
0.948618
0.948640
0.948661
0.948694
0.948720
0.948730
0.948736
0.948752
0.948768
0.948781
0.948795
0.948821
0.948844
0.948866
0.948875
0.948880
0.948896
0.948909
0.948923
0.948903
0.948860
0.948801
0.948690
0.948546
0.948367
0.948148
0.947893
0.947599
0.947259
0.946846
0.946378
0.945857
0.945288
0.944657
0.943976
0.943224
0.942407
0.941533
0.940579
0.939553
0.938485
0.937343
0.936173
0.934921
0.933627
0.932274
0.930838
0.929347
0.927862
0.926282
0.924654
0.922959
0.921227
0.919460
0.917632
0.915756
0.913911
0.912053
0.910197
0.908389
0.906586
0.904795
0.903042
0.901350
0.899751
0.898225
0.896793
0.895400
0.894129
0.893088
0.892169
0.891407
0.890789
0.890345
0.890007
0.889774
0.889633
0.889555
0.889503
0.889471
0.889452
0.889407
0.889354
0.889360
0.889378
0.889398
0.889371
0.889202
0.888954
0.888697
0.888417
0.888214
0.888060
0.887960
0.887877
0.887870
0.887875
0.887891
0.887961
