-0.380525
-0.398706
-0.421207
-0.430524
-0.457948
-0.567266
-0.677814
-0.690368
-0.686902
-0.762980
-0.964779
-1.314337
-1.969742
-2.872209
-4.022748
-5.427663
-7.012193
-8.900003
-10.793829
-12.716628
-14.756707
-16.798506
-18.444399
-19.599281
-20.506105
-21.553085
-22.849228
-24.154285
-25.416710
-26.368622
-27.403709
-27.410772
-27.160681
-26.561695
-26.060102
-26.132053
-26.621807
-27.139151
-27.599331
-27.779907
-27.863073
-27.584742
-26.837147
-26.537832
-25.715734
-25.191538
-24.598429
-22.623062
-18.420094
-11.114687
-0.664266
11.322470
21.499559
27.450392
29.080194
29.618103
31.415552
33.150127
34.332329
34.751400
35.028641
36.351139
37.599289
39.607075
41.570332
42.188446
40.924858
40.061726
39.652962
39.542427
39.803326
39.915890
39.032730
37.229790
35.276890
31.846458
24.220591
13.418244
0.058345
-13.198036
-18.033167
-17.029076
-12.525270
-6.549757
-0.625310
4.464836
8.531053
11.391164
13.259398
15.177649
16.715673
16.981735
16.859375
16.157633
15.203907
14.096401
12.872552
11.727492
10.528841
9.402009
8.353009
