1.381119
1.366570
1.263290
1.164928
1.096355
1.159973
1.173903
1.114993
0.955307
0.728987
0.444988
0.182089
-0.046375
-0.292555
-0.596306
-0.932524
-1.211505
-1.659395
-2.182153
-2.710839
-3.040301
-3.239002
-3.378390
-3.539118
-3.600600
-3.698537
-3.737372
-3.770238
-3.716977
-3.560212
-3.294794
-2.836331
-2.718885
-2.357993
-1.987236
-1.376269
-0.584201
-0.019619
0.553564
1.042295
0.943181
1.553353
2.083722
2.556581
2.891608
2.927680
2.203120
1.349290
0.546889
0.138171
0.164738
0.239520
0.362417
0.448726
0.305499
-0.117603
-0.461984
-0.619879
-0.445833
-0.356501
-0.136165
0.039818
-0.045179
0.344520
1.563310
3.736764
7.091768
12.339070
17.495037
20.959621
22.300428
22.226263
21.973186
18.045330
11.388557
0.809333
-10.662912
-16.129322
-22.179657
-25.011492
-23.212128
-20.282526
-16.402414
-11.789790
-8.215755
-5.427272
-2.596544
-0.775060
0.489880
1.571807
2.542748
2.828330
2.968049
3.193429
3.129233
2.968523
2.795454
2.646730
2.522551
2.427543
2.238862
