-1.052936
-0.991617
-0.946159
-0.907315
-0.860274
-0.833773
-0.840378
-0.861947
-1.334798
-1.127826
-0.865605
-0.872196
-0.821881
-0.809789
-0.918541
-0.993624
-1.078173
-1.025957
-1.126351
-1.165038
-0.903138
-0.975019
-0.927953
-0.942244
-1.004679
-0.997684
-1.067619
-0.879415
-0.710548
-0.673853
-0.747126
-0.689963
-0.591355
-0.385261
-0.673043
-0.239020
-0.354554
-0.872367
-1.069367
-0.559830
0.001778
0.333151
2.761932
2.912368
3.349724
7.042333
5.215879
1.922375
-0.328641
-1.334697
-2.767054
-3.314940
-4.043417
-2.018780
0.356145
1.603289
3.498975
4.280682
4.758534
4.117588
3.309629
1.980750
1.809680
1.171187
0.031120
0.046485
-1.209586
-1.946350
-2.445982
-1.617633
-4.859612
-2.675273
-3.072117
-3.126691
-1.279609
1.949531
6.207616
4.837883
4.581729
7.201888
5.934746
4.880532
0.853819
-4.973258
-7.336279
-8.998249
-8.602747
-6.897693
-4.758931
-3.302005
-2.565839
1.715694
6.444503
8.149526
10.320032
13.703600
15.741567
16.716650
14.826377
13.964646
13.333532
