-0.152866
-0.152839
-0.152809
-0.152777
-0.152733
-0.152690
-0.152652
-0.152606
-0.152565
-0.152506
-0.152432
-0.152370
-0.152302
-0.152244
-0.152177
-0.152096
-0.152017
-0.151940
-0.151866
-0.151789
-0.151707
-0.151625
-0.151531
-0.151430
-0.151342
-0.151246
-0.151140
-0.151010
-0.150904
-0.150763
-0.150632
-0.150478
-0.150381
-0.150278
-0.150147
-0.150016
-0.149877
-0.149748
-0.149621
-0.149496
-0.149360
-0.149210
-0.149016
-0.148899
-0.148798
-0.148691
-0.148513
-0.148346
-0.148227
-0.148091
-0.147931
-0.147802
-0.147622
-0.147454
-0.147296
-0.147124
-0.146956
-0.146773
-0.146590
-0.146428
-0.146268
-0.146133
-0.145986
-0.145855
-0.145716
-0.145652
-0.145563
-0.145454
-0.145424
-0.145331
-0.145304
-0.145266
-0.145228
-0.145176
-0.145152
-0.145130
-0.145107
-0.145069
-0.145020
-0.144967
-0.144911
-0.144860
-0.144829
-0.144791
-0.144753
-0.144730
-0.144686
-0.144643
-0.144610
-0.144577
-0.144561
-0.144537
-0.144550
-0.144535
-0.144528
-0.144515
-0.144521
-0.144458
-0.144418
-0.144390
-0.144373
