0.312572
0.312572
0.312573
0.312580
0.312581
0.312591
0.312610
0.312657
0.312720
0.312792
0.312881
0.312984
0.313112
0.313226
0.313366
0.313531
0.313725
0.313935
0.314148
0.314370
0.314614
0.314873
0.315140
0.315427
0.315727
0.316053
0.316400
0.316757
0.317125
0.317492
0.317856
0.318231
0.318614
0.319006
0.319420
0.319840
0.320209
0.320551
0.320883
0.321184
0.321484
0.321760
0.321961
0.322152
0.322325
0.322439
0.322526
0.322517
0.322423
0.322321
0.322193
0.322030
0.321851
0.321755
0.321757
0.321769
0.321831
0.321964
0.322104
0.322238
0.322426
0.322651
0.322941
0.323226
0.323563
0.323897
0.324299
0.324702
0.325072
0.325460
0.325882
0.326349
0.326824
0.327304
0.327760
0.328227
0.328674
0.329123
0.329569
0.329994
0.330425
0.330854
0.331255
0.331664
0.332055
0.332438
0.332816
0.333184
0.333516
0.333802
0.334135
0.334439
0.334739
0.335002
0.335262
0.335486
0.335697
0.335898
0.336084
0.336237
0.336381
