3.062454
3.723211
4.405278
5.130337
5.917058
6.664584
7.392032
8.403101
9.426180
10.950132
12.087379
13.139964
14.574704
14.595655
15.328013
15.292123
14.190000
14.147833
13.760232
12.722510
11.716191
10.997661
10.361048
9.765790
8.987771
8.161920
7.809042
7.082928
6.088776
5.102672
4.391147
4.436839
4.099207
3.746602
3.296505
2.964924
2.752043
2.836735
3.118021
2.856749
2.278013
2.590607
2.312372
0.640243
0.623150
1.058563
0.686641
1.281888
0.923234
1.038671
1.881167
2.997419
3.095552
2.407176
4.049493
4.659968
5.117734
5.365783
5.426257
4.857752
4.713848
4.534325
4.344899
4.579127
4.362041
4.364125
4.325469
4.350414
4.369443
4.272585
4.275656
4.175835
4.125912
4.135342
4.197145
4.272887
4.402334
4.432348
4.386755
4.279676
4.279396
4.240316
4.116673
4.064197
3.920160
3.839661
3.597740
3.473886
3.379765
3.193956
3.102220
3.042522
3.099600
3.053283
2.837126
2.589604
2.428447
2.464673
2.507823
2.371825
2.301504
