0.305933
0.305917
0.305912
0.305928
0.305951
0.305992
0.306054
0.306137
0.306234
0.306348
0.306480
0.306629
0.306770
0.306946
0.307129
0.307339
0.307577
0.307849
0.308130
0.308458
0.308816
0.309197
0.309600
0.310055
0.310506
0.310975
0.311452
0.311950
0.312460
0.312987
0.313573
0.314151
0.314716
0.315283
0.315844
0.316390
0.316894
0.317352
0.317778
0.318196
0.318604
0.318988
0.319374
0.319719
0.320009
0.320251
0.320462
0.320617
0.320759
0.320852
0.320925
0.320924
0.320902
0.320900
0.320956
0.321052
0.321167
0.321321
0.321557
0.321772
0.322070
0.322396
0.322757
0.323233
0.323704
0.324218
0.324757
0.325366
0.325929
0.326551
0.327199
0.327849
0.328477
0.329122
0.329761
0.330400
0.331036
0.331672
0.332313
0.332920
0.333534
0.334122
0.334736
0.335337
0.335929
0.336485
0.337028
0.337579
0.338070
0.338582
0.339060
0.339483
0.339917
0.340329
0.340702
0.341038
0.341340
0.341623
0.341893
0.342120
0.342305
