0.635351
0.635648
0.635944
0.636244
0.636550
0.636847
0.637131
0.637419
0.637719
0.638023
0.638328
0.638640
0.638956
0.639284
0.639576
0.639860
0.640140
0.640395
0.640608
0.640830
0.641008
0.641158
0.641275
0.641321
0.641359
0.641370
0.641400
0.641415
0.641353
0.641260
0.641144
0.640930
0.640663
0.640326
0.639996
0.639544
0.639063
0.638387
0.637643
0.636842
0.635959
0.635023
0.634041
0.632945
0.631772
0.630502
0.629106
0.627642
0.626088
0.624460
0.622783
0.621042
0.619263
0.617459
0.615676
0.613877
0.612048
0.610165
0.608319
0.606452
0.604576
0.602663
0.600712
0.598761
0.596824
0.594811
0.592821
0.590801
0.588736
0.586681
0.584625
0.582548
0.580453
0.578322
0.576188
0.574090
0.572013
0.569888
0.567744
0.565503
0.563195
0.560782
0.558297
0.555738
0.553114
0.550418
0.547645
0.544779
0.541814
0.538782
0.535690
0.532548
0.529265
0.526006
0.522757
0.519461
0.516216
0.513010
0.509852
0.506846
0.503880
