0.295640
0.295640
0.295641
0.295642
0.295643
0.295643
0.295644
0.295645
0.295645
0.295645
0.295646
0.295647
0.295651
0.295656
0.295689
0.295723
0.295760
0.295782
0.295803
0.295811
0.295840
0.295867
0.295891
0.295910
0.295937
0.295952
0.295960
0.295965
0.295954
0.295938
0.295944
0.295933
0.295922
0.295911
0.295899
0.295886
0.295876
0.295865
0.295854
0.295844
0.295833
0.295822
0.295811
0.295799
0.295788
0.295777
0.295766
0.295755
0.295743
0.295732
0.295721
0.295710
0.295700
0.295689
0.295678
0.295667
0.295656
0.295644
0.295634
0.295622
0.295611
0.295600
0.295589
0.295578
0.295567
0.295556
0.295545
0.295534
0.295523
0.295512
0.295501
0.295490
0.295478
0.295468
0.295457
0.295446
0.295435
0.295424
0.295413
0.295402
0.295391
0.295380
0.295368
0.295358
0.295347
0.295335
0.295324
0.295313
0.295301
0.295290
0.295279
0.295268
0.295256
0.295244
0.295234
0.295222
0.295211
0.295200
0.295188
0.295177
0.295166
