0.394030
0.394180
0.394212
0.394363
0.394276
0.394249
0.394222
0.394195
0.390978
0.392305
0.309471
0.366743
0.136981
0.440881
0.693146
0.810119
0.772571
0.946315
1.060453
1.074522
1.308795
1.230315
1.227691
1.069884
1.048609
1.048378
1.215678
1.213094
1.190816
1.173138
1.158619
1.144586
1.131018
1.115403
1.099040
1.084389
1.072600
1.057608
1.046597
1.031265
1.019829
1.011022
1.000233
0.988646
0.978492
0.967540
0.955812
0.943330
0.934356
0.928784
0.921306
0.911990
0.901906
0.893084
0.884492
0.877107
0.871868
0.863881
0.857049
0.853228
0.846711
0.837584
0.831416
0.827218
0.822230
0.812922
0.805576
0.801023
0.794848
0.788813
0.783767
0.781369
0.777364
0.773452
0.767996
0.763468
0.759041
0.754711
0.752054
0.746333
0.739949
0.736771
0.732899
0.728351
0.720139
0.715053
0.709322
0.704434
0.701105
0.697844
0.691767
0.688661
0.685616
0.680518
0.674108
0.671985
0.669214
0.665811
0.661110
0.657166
0.653291
