0.313056
0.313162
0.313307
0.313514
0.313765
0.314138
0.314321
0.314410
0.314516
0.314547
0.314447
0.314349
0.314204
0.313982
0.313750
0.313662
0.313798
0.313953
0.314273
0.314512
0.314721
0.314923
0.315044
0.315135
0.315145
0.315112
0.315069
0.314999
0.314972
0.314911
0.314858
0.314800
0.314747
0.314694
0.314640
0.314588
0.314538
0.314489
0.314441
0.314394
0.314346
0.314296
0.314252
0.314199
0.314152
0.314105
0.314057
0.314007
0.313964
0.313918
0.313873
0.313829
0.313776
0.313735
0.313678
0.313631
0.313592
0.313547
0.313500
0.313454
0.313409
0.313364
0.313318
0.313273
0.313228
0.313184
0.313140
0.313095
0.313050
0.313007
0.312962
0.312918
0.312872
0.312827
0.312783
0.312739
0.312695
0.312651
0.312607
0.312563
0.312520
0.312478
0.312436
0.312392
0.312349
0.312305
0.312262
0.312220
0.312177
0.312134
0.312091
0.312048
0.312005
0.311963
0.311920
0.311876
0.311833
0.311791
0.311748
0.311704
0.311661
