0.937003
0.937005
0.937010
0.937016
0.937027
0.937039
0.937054
0.937060
0.937062
0.937056
0.937056
0.937062
0.937082
0.937125
0.937183
0.937229
0.937176
0.936991
0.936480
0.935807
0.935062
0.934188
0.933265
0.932310
0.931345
0.930395
0.929538
0.928849
0.928309
0.928035
0.927833
0.927776
0.927815
0.927901
0.927919
0.927940
0.927980
0.928006
0.928015
0.928036
0.928058
0.928081
0.928101
0.928121
0.928141
0.928160
0.928180
0.928198
0.928214
0.928228
0.928250
0.928273
0.928293
0.928308
0.928323
0.928337
0.928351
0.928368
0.928382
0.928415
0.928430
0.928441
0.928454
0.928464
0.928479
0.928506
0.928529
0.928540
0.928561
0.928580
0.928596
0.928612
0.928629
0.928648
0.928667
0.928686
0.928703
0.928720
0.928738
0.928756
0.928778
0.928796
0.928811
0.928828
0.928846
0.928862
0.928879
0.928900
0.928917
0.928933
0.928950
0.928968
0.928985
0.929004
0.929018
0.929032
0.929049
0.929067
0.929085
0.929102
0.929118
