-0.113566
-0.113774
-0.114007
-0.114250
-0.114451
-0.114641
-0.114732
-0.114818
-0.114849
-0.114920
-0.114924
-0.114908
-0.114851
-0.114864
-0.114886
-0.114903
-0.115010
-0.115083
-0.115239
-0.115355
-0.115476
-0.115755
-0.115928
-0.116170
-0.116370
-0.116512
-0.116630
-0.116722
-0.116732
-0.116740
-0.116648
-0.116451
-0.116234
-0.116034
-0.115763
-0.115313
-0.114975
-0.114539
-0.114102
-0.113682
-0.113105
-0.112553
-0.112085
-0.111533
-0.110998
-0.110578
-0.110087
-0.109673
-0.109323
-0.108937
-0.108510
-0.108137
-0.107912
-0.107756
-0.107718
-0.107611
-0.107181
-0.107130
-0.107105
-0.107164
-0.107264
-0.107434
-0.107533
-0.107789
-0.108030
-0.108280
-0.108540
-0.108766
-0.109091
-0.109420
-0.109703
-0.110020
-0.110337
-0.110608
-0.110793
-0.111118
-0.111370
-0.111635
-0.111839
-0.112061
-0.112311
-0.112553
-0.112815
-0.113090
-0.113288
-0.113493
-0.113705
-0.113920
-0.114148
-0.114381
-0.114639
-0.114872
-0.115111
-0.115309
-0.115525
-0.115780
-0.116021
-0.116241
-0.116472
-0.116607
-0.116874
