6.718297
7.452006
8.083891
8.746893
9.294355
9.521652
9.362886
9.084169
8.831723
8.817359
8.328779
7.767086
7.202640
6.929335
6.738937
6.768435
6.412452
5.804445
5.031226
4.071051
3.194090
2.461569
2.070177
1.959732
1.432739
0.973487
0.276948
-0.321755
-0.595977
-1.106183
-1.625515
-1.922825
-2.490711
-2.774010
-3.019845
-3.056398
-2.943207
-2.876772
-2.813840
-2.957283
-2.566494
-2.006368
-1.693219
-1.361983
-0.853320
-0.822712
-0.563300
-0.263567
0.562857
1.005459
1.826563
2.400528
2.703219
3.262426
3.642941
4.297202
4.645952
4.773493
4.873479
5.050030
5.178786
5.142078
5.197800
5.078901
5.170193
5.635430
5.557467
5.306012
5.067012
4.788827
4.519836
4.444201
4.099754
3.774606
3.550397
3.592590
3.347372
3.139071
2.958108
2.569668
2.300748
2.005303
1.735597
1.548748
1.400444
1.275662
1.182071
1.044068
1.004844
0.928625
0.771035
0.643723
0.493354
0.366976
0.201471
0.146400
0.182251
0.113388
0.061290
-0.026424
-0.080687
