0.942982
0.943004
0.943026
0.943060
0.943098
0.943124
0.943156
0.943202
0.943261
0.943304
0.943340
0.943356
0.943370
0.943417
0.943439
0.943467
0.943480
0.943463
0.943440
0.943433
0.943284
0.943033
0.942722
0.942299
0.941727
0.941048
0.940244
0.939371
0.938402
0.937353
0.936225
0.935015
0.933718
0.932291
0.930787
0.929160
0.927455
0.925615
0.923689
0.921656
0.919557
0.917347
0.915073
0.912726
0.910289
0.907781
0.905265
0.902666
0.900027
0.897350
0.894636
0.891860
0.889047
0.886219
0.883373
0.880520
0.877633
0.874736
0.871886
0.869153
0.866467
0.863873
0.861373
0.858932
0.856503
0.854143
0.851802
0.849529
0.847328
0.845105
0.843023
0.841173
0.839463
0.837920
0.836522
0.835215
0.834031
0.832964
0.831998
0.831144
0.830383
0.829708
0.829161
0.828655
0.828252
0.828053
0.827901
0.827929
0.828006
0.828248
0.828455
0.828763
0.828952
0.829176
0.829431
0.829724
0.829891
0.830176
0.830486
0.830864
0.831159
