1.523216
1.461844
1.302161
1.339709
1.616746
1.966221
2.202167
2.144703
1.942319
1.612902
0.737789
0.203149
-0.257766
-0.559568
-1.877730
-2.409424
-0.439037
-0.817879
-2.006006
-2.452295
-1.971075
-0.223977
0.270082
1.023208
1.503839
1.401930
2.159520
2.297427
2.425657
1.559436
0.933133
-0.319334
-1.635124
-3.576481
-5.477516
-7.432488
-8.925158
-10.535505
-12.859994
-13.426327
-13.675354
-13.091706
-11.691946
-9.567548
-7.102430
-3.823808
-0.315525
3.337003
6.176400
7.761096
4.189371
4.784754
6.198035
8.031853
8.620771
13.489356
14.137197
13.637708
13.266343
13.205422
12.665984
11.975371
11.614304
11.780007
10.881840
10.830612
10.828327
10.911007
11.150661
11.284630
10.978498
10.692481
10.492906
9.920857
9.315622
8.837000
8.081412
8.150843
8.240867
8.567632
9.160208
9.941715
10.860674
11.666798
12.446344
13.174833
12.659440
12.359515
12.172525
12.997711
12.688502
14.697509
14.636572
13.170604
14.197027
12.581538
10.535074
9.084443
8.418526
7.491177
6.755633
