0.886558
0.886709
0.886840
0.886970
0.887092
0.887234
0.887402
0.887566
0.887726
0.887888
0.888042
0.888186
0.888267
0.888312
0.888286
0.888221
0.888103
0.887906
0.887642
0.887245
0.886714
0.885997
0.885065
0.883973
0.882639
0.881054
0.879158
0.877157
0.874939
0.872530
0.869855
0.866992
0.863966
0.860757
0.857306
0.853673
0.849813
0.845796
0.841610
0.837320
0.832861
0.828258
0.823551
0.818688
0.813761
0.808777
0.803758
0.798692
0.793587
0.788492
0.783504
0.778705
0.774297
0.770082
0.766308
0.762901
0.759639
0.756957
0.754898
0.753248
0.751834
0.750571
0.749341
0.748526
0.748060
0.747675
0.747507
0.747318
0.747327
0.747377
0.747525
0.747735
0.748048
0.748394
0.748804
0.749239
0.749726
0.750272
0.750860
0.751467
0.752129
0.752782
0.753452
0.754124
0.754823
0.755535
0.756227
0.756863
0.757541
0.758251
0.758899
0.759517
0.760170
0.760798
0.761461
0.762135
0.762843
0.763491
0.764057
0.764770
0.765292
