2.684980
2.706254
2.690774
2.675923
2.676151
2.679199
2.653021
2.229273
1.893232
1.434477
1.157399
0.984344
1.776813
1.555333
1.002561
0.692260
0.791262
0.879621
1.023427
1.462468
1.994472
2.071637
1.988847
2.345456
2.356838
2.531067
2.626058
2.834486
3.705277
4.428971
5.048059
4.668715
4.095460
3.494627
2.842401
2.708315
2.480979
2.043443
1.680440
1.584278
1.623389
1.753922
2.353868
2.891476
3.982604
3.747991
3.997858
3.414495
2.931652
2.840894
2.437787
2.306750
2.307561
2.574268
2.665216
2.620653
2.587298
2.483501
1.555863
0.827215
1.210133
1.034699
1.228462
1.235399
1.122654
1.243158
1.534664
2.032235
2.087018
2.373374
2.619037
2.947888
3.681826
4.562487
6.104312
3.822537
2.634280
3.009419
3.707872
4.580064
5.237355
7.563694
7.858164
7.772875
7.628759
7.210719
6.845140
6.476161
6.131968
5.781274
5.547872
5.339995
4.906623
4.541305
4.403897
4.026029
4.030237
4.014893
4.479184
4.229348
4.286897
