0.940909
1.010262
1.127591
1.343597
1.464158
1.566797
1.558554
1.631652
1.777171
2.039237
2.509251
3.315717
4.339519
5.583761
7.216725
9.128983
11.077298
13.009336
14.879091
16.439844
17.144321
17.515314
17.964447
18.380156
18.521338
18.749161
19.043314
19.350973
19.379488
19.194347
18.888519
18.395000
18.018627
17.146229
15.800426
14.058518
11.795561
8.707197
4.541994
0.255285
-5.150620
-11.024239
-13.918153
-14.738614
-16.646608
-16.729271
-15.838292
-16.343779
-15.102969
-14.428688
-13.413048
-12.127263
-12.129401
-12.556451
-12.558085
-12.185824
-11.463172
-10.837498
-10.099628
-9.380677
-8.661021
-7.828689
-7.077868
-6.143352
-5.294034
-4.326751
-3.360838
-2.744466
-2.079152
-1.462514
-0.705510
-0.337252
-0.033234
0.226468
0.527227
0.988518
1.631233
1.785564
1.897798
1.957539
2.038310
1.921137
1.774882
1.537531
1.522640
1.482402
1.532987
1.588299
1.421243
1.452943
1.231676
1.274224
1.152616
1.284258
1.549770
2.171473
2.698058
2.730408
2.485126
2.001176
1.741031
