0.631224
0.486579
0.284969
-0.157074
-0.684722
-1.385244
-2.114655
-2.993020
-4.094439
-5.595765
-7.924957
-10.801698
-14.125441
-17.059612
-19.228945
-21.345585
-23.760828
-25.735233
-26.270235
-26.688988
-26.845184
-27.036781
-26.874781
-26.521536
-26.771093
-27.339367
-27.520111
-27.695944
-27.687757
-27.719452
-27.577366
-27.438147
-27.132593
-26.678465
-25.950968
-24.690992
-22.771643
-19.880804
-15.917397
-10.790781
-3.515752
4.773952
16.200006
26.150969
32.084442
32.913109
36.318146
37.582615
36.381184
38.061016
36.655373
35.512672
34.142517
32.502129
32.176704
32.368999
31.779095
30.846849
29.467365
28.299210
27.080669
25.847317
24.581686
23.293236
22.223249
20.966942
19.844727
19.078926
18.404076
17.812836
16.783333
15.691762
14.386185
13.507828
12.768007
11.915082
10.870415
9.802459
8.821787
7.949824
7.050625
6.110811
5.312254
4.760937
4.283615
3.915490
3.690121
3.465436
3.014656
2.611130
2.455536
2.179625
2.150243
2.009741
1.966686
1.719675
1.439190
1.389457
1.180952
1.097141
1.306104
