-1.412090
-1.302442
-1.276433
-1.193664
-1.155591
-1.117120
-1.183605
-1.335650
-1.467810
-1.578060
-1.663955
-1.748634
-1.848523
-1.715036
-1.650681
-1.617673
-1.492048
-1.351019
-1.267715
-1.320728
-1.477929
-1.555686
-1.720461
-1.835578
-1.872451
-1.846265
-1.900171
-1.812611
-1.680708
-1.432038
-1.218455
-1.003065
-0.883589
-0.767957
-0.718077
-0.608066
-0.501772
-0.403557
-0.296045
-0.244310
-0.171834
-0.056111
-0.079634
-0.186557
-0.155288
0.050920
0.268839
0.254770
0.230966
0.191982
0.439948
0.460961
0.637287
1.153148
1.565207
1.897826
2.330236
2.928912
3.803494
5.167543
6.018454
7.019489
7.891075
8.301112
8.306094
8.254736
7.602765
6.892141
5.945594
4.198134
1.086297
-1.822645
-4.204220
-6.192375
-7.171775
-7.768957
-8.203143
-8.249070
-8.053590
-8.030631
-7.575249
-7.216749
-6.067748
-4.696002
-3.476943
-1.590272
0.181472
1.516687
2.506741
3.249495
3.477086
3.452436
3.257039
3.308099
3.709591
4.176655
4.312594
4.597835
4.837387
5.010427
5.067258
