0.210978
0.211008
0.210963
0.210988
0.211568
0.212275
0.212772
0.212185
0.212251
0.209769
0.207196
0.204957
0.202450
0.201364
0.199768
0.199067
0.198168
0.196491
0.193456
0.191604
0.191442
0.191528
0.190664
0.188015
0.184571
0.183610
0.182477
0.182501
0.181605
0.179146
0.175775
0.174411
0.174528
0.174552
0.175038
0.173058
0.169022
0.167855
0.166876
0.166603
0.167538
0.167067
0.164169
0.163757
0.164380
0.164472
0.164654
0.164199
0.160779
0.158338
0.157885
0.157410
0.157277
0.158649
0.158791
0.158337
0.156344
0.156479
0.156825
0.157031
0.157367
0.156014
0.153217
0.150620
0.149776
0.149601
0.148833
0.148351
0.145928
0.145067
0.144916
0.145429
0.144959
0.145551
0.145161
0.143790
0.140723
0.139243
0.139161
0.138669
0.138811
0.139812
0.137195
0.136123
0.136324
0.136768
0.136516
0.136383
0.135848
0.132606
0.130237
0.130314
0.129379
0.128947
0.129954
0.127458
0.126706
0.125892
0.125332
0.124646
0.124094
