0.435906
0.439216
0.441238
0.445336
0.473333
0.576786
0.566305
0.594547
0.648512
0.664082
0.798165
0.946191
1.007647
1.028270
1.030836
1.077615
1.057998
1.028575
1.024483
1.068077
1.083057
1.093538
1.102121
1.108840
1.088557
1.054977
1.061584
0.972908
0.914233
0.787258
0.852228
0.876299
0.838303
0.585267
0.237069
-0.136362
-0.458842
-0.609901
-1.067139
-1.505293
-1.812248
-2.272473
-2.632151
-3.066986
-3.505291
-3.539376
-3.909794
-4.101182
-3.992934
-3.803503
-3.682939
-3.381608
-3.371156
-3.165338
-2.960026
-2.787688
-2.606995
-2.450105
-2.319358
-2.153717
-2.076133
-1.882138
-1.682033
-1.453403
-1.184213
-0.956854
-0.741273
-0.493755
-0.192743
0.066751
0.208205
0.310009
0.357101
0.434582
0.523216
0.674032
0.934083
1.135901
1.220868
1.319237
1.508170
1.660330
1.616667
1.651953
1.752945
1.406243
1.556850
1.515915
1.488185
1.435255
1.392934
1.334502
1.334815
1.312864
1.275017
1.258334
1.224178
1.173739
1.135572
1.089553
1.041785
