0.879354
0.879627
0.880416
0.881082
0.881020
0.880704
0.879862
0.877513
0.874054
0.870274
0.866409
0.863880
0.861533
0.861623
0.862972
0.864841
0.865751
0.866163
0.866026
0.865136
0.862966
0.859794
0.855902
0.852139
0.848339
0.844104
0.840302
0.836429
0.833405
0.831678
0.832598
0.833762
0.835124
0.835857
0.838192
0.839460
0.840706
0.841779
0.841900
0.841543
0.839691
0.835758
0.831329
0.827109
0.822919
0.818834
0.814615
0.810696
0.808944
0.808280
0.809188
0.809744
0.810579
0.812826
0.814492
0.815571
0.815680
0.814635
0.811587
0.806575
0.801165
0.796314
0.791687
0.787506
0.783907
0.781287
0.779115
0.779307
0.779646
0.780519
0.780958
0.781655
0.782180
0.783825
0.785269
0.787195
0.786372
0.784027
0.780490
0.776353
0.771642
0.766895
0.762287
0.757819
0.753217
0.748910
0.746060
0.744674
0.743910
0.745567
0.746798
0.749211
0.751300
0.753007
0.754052
0.754413
0.753630
0.751858
0.747926
0.741641
0.736308
