0.011335
0.012705
0.038729
0.063889
0.135876
0.209071
0.260355
0.317019
0.376168
0.356666
0.363296
0.446921
0.445123
0.526104
0.560720
0.595496
0.599088
0.621015
0.759860
1.075064
1.529442
1.917013
2.218861
1.968175
1.923612
1.421874
0.811458
0.559615
0.553794
0.677206
0.786929
0.979595
1.066709
1.221964
1.475149
1.474709
1.559385
1.811761
1.957641
1.942179
1.900890
1.819326
1.869264
1.953074
2.137725
2.249420
2.312440
2.335509
2.277325
2.152443
2.129935
2.044853
1.969549
1.912190
1.863799
1.813730
1.751981
1.700821
1.646090
1.591773
1.545516
1.491830
1.425307
1.377932
1.338077
1.287213
1.267193
1.251703
1.551718
1.302369
1.218929
1.281405
1.249515
1.238825
1.202149
1.133545
1.024415
0.941825
0.869230
0.857469
0.813307
0.778243
0.776901
0.739150
0.726945
0.691849
0.661435
0.640422
0.629973
0.626315
0.602834
0.584807
0.609337
0.566553
0.535216
0.503422
0.485668
0.462868
0.450742
0.434921
0.423787
