0.932157
0.932156
0.932155
0.932153
0.932151
0.932152
0.932153
0.932156
0.932149
0.932154
0.932196
0.932197
0.932194
0.932196
0.932196
0.931995
0.931756
0.931363
0.930876
0.930081
0.929170
0.928229
0.927266
0.926281
0.925280
0.924256
0.923204
0.922135
0.921041
0.919916
0.918765
0.917592
0.916385
0.915156
0.913901
0.912619
0.911313
0.909974
0.908604
0.907205
0.905768
0.904306
0.902813
0.901297
0.899739
0.898156
0.896533
0.894876
0.893185
0.891434
0.889672
0.887870
0.886027
0.884153
0.882228
0.880280
0.878282
0.876258
0.874155
0.872007
0.869841
0.867633
0.865366
0.863050
0.860687
0.858267
0.855825
0.853320
0.850753
0.848130
0.845445
0.842747
0.839964
0.837090
0.834162
0.831210
0.828148
0.825080
0.821992
0.818781
0.815552
0.812234
0.808855
0.805458
0.801999
0.798703
0.795628
0.793322
0.792431
0.792981
0.793890
0.794728
0.795309
0.795528
0.795803
0.796102
0.796522
0.796856
0.797187
0.797531
0.797867
