-0.238105
-0.272424
-0.412729
-0.783405
-1.649236
-3.980491
-9.497860
-22.683786
-46.718220
-74.738777
-48.741798
-30.473000
-18.790207
-12.197654
-8.842546
-6.765719
-3.894305
-3.038666
-2.405107
-1.707254
-1.604044
-1.449615
-1.005236
-1.021535
-0.953027
-0.858419
-0.773139
-0.718597
-0.610135
-0.585208
-0.512553
-0.310068
-0.211353
-0.086992
-0.122956
-0.168355
-0.222035
-0.313101
-0.327331
-0.393475
-0.130973
0.014436
0.066372
0.138609
0.240139
0.250648
0.133489
0.044030
-0.023579
-0.080082
-0.161336
-0.215367
-0.254976
-0.309932
-0.351096
-0.404870
-0.489492
-0.604236
-0.638042
-0.589868
-0.568310
-0.670246
-0.737715
-0.816308
-0.603485
-0.363330
-0.128138
-0.109900
-0.022949
0.001747
0.090471
0.321151
0.604382
0.883506
1.593614
3.682882
8.760820
21.250500
51.196716
103.758415
139.483047
124.788841
100.275208
69.885925
46.052063
22.976677
13.939628
8.522116
5.634222
3.937862
3.026375
2.440805
2.022289
1.580885
1.237576
1.007221
0.821093
0.577780
0.597669
0.402432
0.306634
