1.812140
1.885299
1.963678
2.030143
2.058220
1.790937
2.252661
2.185944
1.482849
0.887213
2.796908
1.312548
2.250012
-1.620547
-1.928320
-2.936895
-2.531562
-2.086109
-1.615717
-1.087634
-1.170471
-1.129077
-0.938671
-0.523870
-0.191544
0.080123
0.206581
0.542491
0.781090
0.935772
1.033570
1.077638
1.197015
1.296055
1.513810
1.679966
1.224516
1.220958
1.278130
1.269133
1.459495
1.083318
0.925733
0.937267
0.893104
1.424574
1.459844
1.617035
1.583894
1.828359
2.068676
1.836695
1.961130
2.034983
1.989575
1.912666
1.938076
2.004713
2.039878
1.932738
1.770627
1.521388
1.992081
2.676480
2.102028
2.370800
2.729468
1.660590
2.546564
2.254832
1.584525
1.681247
1.699771
2.403362
2.650260
3.093239
3.531880
3.775697
4.581256
5.063926
5.137963
5.921653
7.074759
3.272073
7.921625
7.692265
11.521522
12.470095
14.727259
17.857702
14.143122
13.471616
12.607248
11.421918
10.173645
9.119937
8.052199
7.645845
7.103342
6.679255
6.309019
