-0.039994
-0.132116
-0.279114
-0.326741
-0.526181
-0.972138
-1.365763
-2.183793
-3.054548
-4.233578
-4.970729
-5.604581
-6.443025
-7.353515
-8.463078
-9.405976
-10.083457
-10.594690
-11.204600
-12.133167
-13.336482
-14.772342
-15.952143
-17.332533
-18.678354
-19.830229
-21.075752
-22.504459
-23.606066
-24.760435
-25.452593
-25.712879
-25.927422
-26.319311
-27.280630
-28.479860
-29.395700
-29.984125
-29.994247
-29.694206
-28.954386
-27.773556
-26.216148
-24.961559
-22.781921
-18.991041
-14.850486
-10.637467
-3.419728
3.649314
9.868704
15.416056
19.554892
21.378258
22.671103
23.758562
24.085951
25.364250
26.687029
27.906551
29.155678
30.254723
30.869274
30.526844
30.148441
29.072496
28.154945
27.524725
26.884750
26.162481
25.278084
24.418701
24.607162
24.705299
24.471405
24.496033
24.720655
25.139069
25.156979
24.810440
23.606821
21.381336
17.725054
12.929193
7.769558
3.793020
0.401810
-3.184008
-6.972984
-9.827225
-10.310860
-9.120709
-6.973580
-4.017001
-0.442752
3.135983
4.672972
6.675362
7.955808
9.174956
10.442116
