0.278904
0.278908
0.278936
0.278987
0.279058
0.279206
0.279367
0.279581
0.279806
0.280065
0.280350
0.280668
0.281021
0.281400
0.281774
0.282176
0.282577
0.283012
0.283475
0.283911
0.284337
0.284783
0.285230
0.285683
0.286141
0.286577
0.286922
0.287331
0.287746
0.288098
0.288468
0.288814
0.289116
0.289399
0.289657
0.289848
0.290026
0.290132
0.290213
0.290265
0.290294
0.290318
0.290307
0.290255
0.290192
0.290231
0.290385
0.290634
0.290976
0.291369
0.291777
0.292215
0.292656
0.293098
0.293560
0.294022
0.294480
0.294997
0.295516
0.296020
0.296535
0.297090
0.297663
0.298242
0.298808
0.299357
0.299901
0.300456
0.301000
0.301527
0.302066
0.302617
0.303144
0.303675
0.304199
0.304694
0.305146
0.305593
0.306028
0.306493
0.306922
0.307297
0.307698
0.308026
0.308337
0.308623
0.308903
0.309175
0.309408
0.309620
0.309816
0.309997
0.310153
0.310267
0.310409
0.310533
0.310624
0.310690
0.310740
0.310769
0.310766
