0.744095
0.744195
0.744219
0.744277
0.743656
0.742433
0.741247
0.740995
0.740908
0.740889
0.741037
0.741022
0.741442
0.741541
0.741600
0.741552
0.741014
0.740282
0.739449
0.738707
0.738041
0.737350
0.736399
0.735584
0.735873
0.735974
0.736021
0.736187
0.736804
0.736768
0.736336
0.735564
0.734482
0.733403
0.731826
0.731260
0.732532
0.732564
0.732308
0.732506
0.732639
0.732884
0.733003
0.732032
0.730549
0.728980
0.727923
0.727215
0.726736
0.726509
0.725769
0.726038
0.725740
0.725579
0.725546
0.725312
0.726104
0.726203
0.725615
0.724712
0.723835
0.723103
0.722418
0.721816
0.721184
0.720446
0.719702
0.718974
0.718414
0.717662
0.716945
0.716194
0.715556
0.714911
0.714230
0.713674
0.713004
0.712341
0.711727
0.711069
0.710482
0.709774
0.709108
0.708405
0.707758
0.707110
0.706453
0.705815
0.705161
0.704497
0.703843
0.703220
0.702639
0.701987
0.701349
0.700759
0.700158
0.699500
0.698888
0.698346
0.697740
