-2.788056
-3.143353
-3.545563
-3.847657
-4.996919
-7.321822
-7.031672
1.092812
39.525856
94.874191
126.628342
99.065346
37.000156
-20.480579
-47.979748
-47.860989
-44.157307
-42.340576
-34.534042
-24.119471
-12.021808
0.294919
13.893977
34.163063
88.394524
193.987259
169.304947
107.045387
21.675011
-51.571220
-116.874519
-93.014633
-79.774445
-58.342861
-29.637901
-14.392565
62.748329
195.484497
168.637909
124.525452
52.165104
-34.600239
-70.841949
-60.875523
-58.978405
-47.547333
-16.380451
22.940144
61.418247
89.614014
119.272217
152.736755
190.545349
127.619759
57.468563
8.940959
-20.794964
-38.081478
-41.784855
-46.112938
-40.595261
-26.128023
-14.300258
-6.981646
-4.122806
-2.834908
-2.778914
-2.438424
-1.736369
-0.973751
-0.904058
-0.947033
-0.699588
-0.486867
-0.263136
-0.148120
-0.059154
-0.149941
-0.075243
0.059297
-0.099948
0.052899
-0.231017
-0.050155
-0.079199
-0.074819
-0.115722
-0.149817
-0.163213
-0.175414
-0.094620
-0.058762
0.030791
0.037082
0.045311
0.062284
0.073559
0.130084
0.088845
0.187117
0.182757
