0.963616
0.963614
0.963406
0.962907
0.963470
0.963515
0.963339
0.963168
0.963024
0.962886
0.962679
0.962417
0.962570
0.962634
0.962733
0.962656
0.962239
0.961969
0.961664
0.961229
0.960650
0.959990
0.959211
0.958210
0.957141
0.955840
0.954328
0.952448
0.950537
0.948414
0.946101
0.943743
0.941070
0.938170
0.934832
0.931090
0.927141
0.923118
0.919377
0.915132
0.910751
0.906722
0.902734
0.899152
0.896447
0.893993
0.891872
0.889655
0.887782
0.885842
0.883960
0.882357
0.880879
0.880207
0.879683
0.878978
0.878282
0.878275
0.878320
0.877899
0.878228
0.877978
0.878608
0.879066
0.879483
0.879767
0.879983
0.880051
0.880547
0.880594
0.880225
0.879920
0.880066
0.880128
0.879713
0.879869
0.879994
0.880456
0.880905
0.881146
0.881339
0.881929
0.882188
0.882725
0.883129
0.883247
0.883496
0.883884
0.884052
0.884250
0.884576
0.884773
0.884909
0.885058
0.885305
0.885367
0.885350
0.885514
0.885510
0.885631
0.885759
