0.327070
0.327189
0.327494
0.327804
0.328042
0.328202
0.328200
0.328123
0.328045
0.327930
0.327828
0.327724
0.327612
0.327505
0.327399
0.327307
0.327211
0.327090
0.327020
0.326929
0.326791
0.326702
0.326583
0.326459
0.326349
0.326242
0.326146
0.326046
0.325943
0.325830
0.325740
0.325637
0.325532
0.325440
0.325357
0.325283
0.325204
0.325132
0.325058
0.324970
0.324895
0.324820
0.324735
0.324647
0.324555
0.324460
0.324370
0.324278
0.324194
0.324104
0.324017
0.323929
0.323836
0.323747
0.323654
0.323562
0.323470
0.323377
0.323280
0.323177
0.323067
0.322946
0.322806
0.322672
0.322541
0.322349
0.322175
0.322002
0.321807
0.321610
0.321412
0.321226
0.321016
0.320816
0.320632
0.320435
0.320240
0.320044
0.319731
0.319351
0.319031
0.318822
0.319077
0.319399
0.319783
0.320224
0.320440
0.320562
0.320618
0.320596
0.320509
0.320472
0.320459
0.320415
0.320410
0.320371
0.320330
0.320309
0.320271
0.320231
0.320200
