0.058513
0.058532
0.058527
0.058410
0.058265
0.058159
0.057963
0.057908
0.057949
0.058029
0.058064
0.058128
0.058110
0.058011
0.057899
0.057785
0.057720
0.057607
0.057511
0.057427
0.057359
0.057320
0.057270
0.057162
0.057058
0.056929
0.056834
0.056744
0.056653
0.056581
0.056495
0.056395
0.056293
0.056188
0.056093
0.055991
0.055884
0.055773
0.055790
0.055738
0.055660
0.055587
0.055527
0.055446
0.055373
0.055297
0.055218
0.055146
0.055068
0.054988
0.054902
0.054820
0.054739
0.054666
0.054582
0.054497
0.054389
0.054313
0.054243
0.054159
0.054061
0.053986
0.053896
0.053795
0.053637
0.053505
0.053378
0.053283
0.053138
0.052998
0.052884
0.052758
0.052611
0.052459
0.052319
0.052161
0.052006
0.051841
0.051686
0.051541
0.051390
0.051176
0.051037
0.050988
0.050903
0.050900
0.050992
0.051118
0.051118
0.051127
0.051209
0.051141
0.051121
0.051110
0.051108
0.051109
0.051111
0.051126
0.051155
0.051195
0.051239
