0.201642
-0.389951
-1.927105
-4.372734
-7.331056
-6.725797
-4.681291
-1.699686
3.517357
11.850880
16.552429
17.658079
15.995815
15.466735
13.102528
10.375363
8.382306
6.312441
5.806247
7.226427
7.067783
6.777014
5.811790
4.915301
4.180334
3.516437
3.383147
3.448924
3.351901
3.146905
2.878598
2.891384
2.713192
2.395220
1.567528
0.977578
1.004031
0.960768
0.883660
0.874435
0.876801
0.872260
0.899751
0.858247
0.901668
0.938767
0.962102
0.988807
0.925289
0.818891
0.883871
0.916263
0.967460
0.860683
0.917269
0.921668
0.960252
0.867996
0.871740
0.875239
0.977213
1.014907
0.966896
0.946042
1.018409
1.060259
1.000386
1.150398
1.269887
1.322122
1.269574
1.354549
1.361725
1.320819
1.290710
1.217511
1.174854
1.181461
0.734477
0.059557
-0.255680
-1.919662
-4.250779
-5.829754
-5.152503
-5.975283
-4.911911
-3.841656
-2.791160
-2.890337
-2.423151
-1.099665
-0.371345
0.409089
1.155177
1.907937
1.769055
1.822362
1.665310
1.566044
1.448802
