1.450481
1.454677
1.223715
1.317274
1.167271
1.428706
2.109514
1.967268
2.006407
2.118437
1.440232
0.445480
0.267545
0.280712
0.205258
0.060141
0.057521
-0.011178
-0.370123
-0.613704
-0.673163
-0.586104
-0.576781
-0.764824
-0.468222
-0.761166
-0.274426
-0.382073
-0.150310
-0.125617
-0.262751
-0.267454
-0.447124
-0.865739
-1.118999
-0.825124
-1.085130
-1.137034
-1.437642
-1.501636
-1.089618
-0.563482
-0.406189
0.127724
-0.547641
-0.894366
-1.200012
-1.379127
-1.142030
-2.100683
-2.328202
-1.927296
-2.016013
-2.019674
-1.884155
-2.091846
-1.852172
-2.787651
-4.601508
-4.936963
-5.434152
-5.896992
-6.451756
-5.507516
-4.101965
-2.942054
-2.917790
-5.622046
-7.977293
-10.714632
-7.227072
-6.984036
-6.492357
-6.145960
-8.310385
-7.464739
-7.591548
-6.005554
-4.184124
-3.411642
-2.488425
-0.191942
-3.145952
-6.875414
-8.646315
-4.917262
-0.984115
2.214608
2.341806
-0.596375
-2.702884
-11.312829
-11.270145
-8.875634
-7.295361
-6.893334
-5.022705
-4.031204
-3.073518
-2.784968
-2.042458
