0.514100
0.431197
0.050149
0.313273
0.982565
2.000347
2.293833
2.456795
1.814764
0.064944
-2.293262
0.367288
2.482008
4.075264
4.158312
1.645308
-2.732444
-8.344692
-6.745441
-2.265201
4.467741
7.344298
6.338379
0.060222
-7.685899
-13.310083
-11.266461
-5.879145
-2.839351
2.464931
6.269782
4.894449
1.725711
-3.603894
-8.273755
-14.945659
-14.510791
-12.045829
-7.817050
-2.703268
4.284890
6.564139
6.188424
-0.180735
-5.867905
-10.700603
-8.793518
-7.309929
-2.914400
3.438108
8.422648
10.513504
10.829720
8.015012
2.391440
-4.161772
-4.290438
4.096017
10.363902
9.131104
12.660280
6.606337
0.348864
-6.893991
-3.862173
13.012652
18.317705
17.285028
9.209671
-5.772743
-6.312567
6.766515
15.396833
12.999341
12.114164
4.871036
-3.423723
-1.838027
0.363059
11.191905
14.124482
10.236005
4.694213
-4.382795
-0.450465
3.194092
5.419377
5.960552
5.191972
4.674222
1.234253
2.030151
1.491930
2.033176
1.640806
1.420553
1.073236
1.285278
1.045156
0.998101
0.934194
