0.139838
0.114207
0.058173
0.073163
-0.044356
-0.221820
-0.392420
-0.408539
-0.466076
-0.493350
-0.474261
-0.490783
-0.610244
-0.680836
-0.654235
-0.620862
-0.625824
-0.621509
-0.621326
-0.683208
-0.724632
-0.753577
-0.646783
-0.449058
-0.187375
0.193067
0.436186
0.863373
0.676974
0.691419
0.782190
0.914599
1.003224
0.883063
0.245095
-0.271220
-1.079345
-1.517547
-1.474939
-1.353912
-1.204653
-0.909496
-0.912913
-0.486651
-0.312107
-0.188274
-0.018679
0.024216
-0.000031
0.036034
0.026416
0.403503
0.199634
0.441547
0.713145
1.159235
1.546843
2.107466
2.653165
3.017891
3.074507
3.358027
3.900738
3.992567
4.251233
3.975979
3.678228
3.958107
3.804217
4.169405
4.946672
6.247789
6.692886
7.291507
5.820830
4.740035
4.342397
3.075253
3.956649
2.269957
0.668111
0.668470
1.085243
1.518121
2.027902
1.713571
1.769960
1.745987
2.051160
3.103516
2.766294
2.509817
2.513753
1.999593
1.499305
1.135377
0.970881
0.918056
1.448207
1.517219
1.248217
