2.584978
2.507862
2.134247
1.783412
1.211425
0.913315
0.532191
0.158757
-0.193967
-0.801919
-0.826398
-0.790697
-0.622692
-0.564693
-0.410510
-0.550619
-0.920268
-1.428089
-2.369745
-3.263332
-3.132838
-2.456568
-0.386847
3.040374
7.018158
12.642969
19.442760
25.633266
29.501099
31.463976
34.003822
34.915340
35.994751
35.531689
35.678146
36.186493
35.701439
34.018162
31.578590
28.101803
24.787954
21.441656
17.659218
14.270936
11.740004
10.282141
9.313594
8.569108
7.737658
6.969239
6.335150
5.822385
5.773941
5.318413
4.347625
2.801131
1.085087
-0.095805
-0.711080
-1.122780
-1.255189
-1.365052
-2.123491
-2.820917
-3.838977
-4.334070
-4.804545
-4.848188
-4.611894
-4.497148
-4.286629
-4.315437
-4.348607
-4.287276
-4.221668
-4.117864
-3.860044
-3.669289
-3.349731
-3.012707
-2.566395
-2.221032
-1.795436
-1.402671
-1.209544
-1.155717
-0.979214
-0.574538
-0.387818
-0.386602
-0.323737
-0.297743
-0.259167
-0.264221
-0.114510
-0.021656
-0.031454
-0.079172
-0.118589
-0.065075
0.025629
