1.326402
1.367618
1.407048
1.442979
1.511086
1.564748
1.383810
0.995431
0.630937
0.368173
-0.430894
-0.345663
-0.318907
-0.062241
0.315226
0.406919
0.725855
1.052270
1.475258
2.184753
2.150609
2.302585
2.394578
0.761052
0.439114
0.657519
0.697939
0.819700
0.994821
1.747753
2.755218
2.368959
4.056742
3.271207
2.420438
2.251457
2.106514
0.675448
2.471683
2.016765
3.285986
3.129187
-0.771628
-1.324291
-1.030822
-1.284646
-1.187977
-2.188828
-2.263934
-1.688483
-1.502145
-1.380734
-1.614662
-1.626037
-1.752680
-1.725889
-1.879108
-2.408775
-2.331018
-2.584374
-2.352916
-2.386502
-2.731067
-3.086155
-3.213584
-3.051827
-3.790261
-3.599751
-4.186792
-5.083627
-6.728969
-7.244853
-6.989858
-7.039415
-7.161753
-7.959138
-10.825679
-10.745540
-11.312704
-13.216879
-13.361667
-12.433517
-11.617839
-12.417369
-12.455431
-11.432239
-10.331203
-9.253422
-7.955848
-6.486844
-4.855629
-3.722588
-2.914194
-2.111849
-1.304719
-0.860918
-0.526641
-0.368386
-0.053298
0.124926
0.337277
