0.907165
0.907161
0.907198
0.907252
0.907304
0.907347
0.907386
0.907415
0.907439
0.907470
0.907517
0.907557
0.907613
0.907652
0.907707
0.907774
0.907818
0.907831
0.907844
0.907833
0.907844
0.907822
0.907810
0.907784
0.907753
0.907700
0.907641
0.907556
0.907459
0.907325
0.907169
0.906966
0.906734
0.906460
0.906127
0.905761
0.905358
0.904901
0.904391
0.903790
0.903097
0.902362
0.901537
0.900581
0.899584
0.898519
0.897323
0.896083
0.894736
0.893315
0.891766
0.890107
0.888360
0.886514
0.884577
0.882552
0.880371
0.878130
0.875793
0.873390
0.870883
0.868255
0.865578
0.862723
0.859837
0.856897
0.853894
0.850817
0.847707
0.844639
0.841597
0.838583
0.835647
0.832695
0.829793
0.826928
0.824102
0.821273
0.818532
0.815810
0.813292
0.810872
0.808538
0.806328
0.804272
0.802446
0.800686
0.798990
0.797495
0.796120
0.794892
0.793752
0.792757
0.791844
0.790955
0.790135
0.789366
0.788686
0.788062
0.787531
0.787077
