0.014928
0.014934
0.014914
0.014878
0.014867
0.014830
0.014805
0.014800
0.014783
0.014717
0.014688
0.014674
0.014723
0.014745
0.014891
0.015020
0.015208
0.015276
0.015472
0.015635
0.015786
0.015903
0.016096
0.016310
0.016629
0.016976
0.017367
0.017741
0.018109
0.018626
0.019186
0.019756
0.020238
0.020820
0.021355
0.021755
0.022140
0.022430
0.022704
0.022902
0.023044
0.023290
0.023432
0.023624
0.023664
0.023846
0.023855
0.023760
0.023746
0.023635
0.023477
0.023280
0.023072
0.022909
0.022665
0.022375
0.022052
0.021765
0.021489
0.021328
0.021037
0.020884
0.020593
0.020333
0.020106
0.019814
0.019655
0.019709
0.019349
0.018952
0.018709
0.018498
0.018457
0.018501
0.018307
0.018419
0.018064
0.017984
0.018050
0.017694
0.017394
0.017088
0.016681
0.016362
0.016097
0.015863
0.015690
0.015529
0.015456
0.015290
0.015085
0.015033
0.014935
0.014953
0.015025
0.015134
0.015469
0.015756
0.016059
0.016359
0.016724
