0.925485
0.925503
0.925526
0.925557
0.925581
0.925592
0.925604
0.925619
0.925634
0.925651
0.925680
0.925711
0.925736
0.925762
0.925783
0.925796
0.925824
0.925900
0.926107
0.926349
0.926452
0.926185
0.925474
0.924291
0.922890
0.921361
0.919791
0.918186
0.916542
0.914833
0.913119
0.911360
0.909532
0.907677
0.905797
0.903870
0.901894
0.899859
0.897784
0.895673
0.893525
0.891338
0.889074
0.886812
0.884462
0.882091
0.879651
0.877179
0.874658
0.872083
0.869451
0.866768
0.864040
0.861243
0.858403
0.855508
0.852553
0.849557
0.846487
0.843366
0.840170
0.836908
0.833610
0.830234
0.826785
0.823285
0.819748
0.816076
0.812415
0.808644
0.804812
0.800909
0.796949
0.792894
0.788786
0.784611
0.780272
0.775964
0.771520
0.767096
0.762909
0.760366
0.759224
0.760137
0.761917
0.763501
0.764775
0.765574
0.766201
0.766860
0.767442
0.767993
0.768802
0.769377
0.769879
0.770394
0.770902
0.771435
0.771990
0.772477
0.773046
