1.867422
1.793989
1.753160
1.772601
1.865043
1.992380
2.144926
2.176563
2.285773
2.386357
2.292366
2.099496
1.575916
0.043751
-2.685799
-6.848349
-11.483665
-22.311760
-31.282846
-29.053436
-32.006771
-26.452486
-19.701126
-14.222628
-7.577310
-5.045017
-2.714493
-1.924827
-1.867456
-0.848632
-2.785676
-2.501017
-1.832528
-1.553208
-1.037295
-0.930978
-1.629905
-2.137929
-2.480424
-4.142315
-2.864621
-2.084576
-1.747609
-1.236614
-0.838174
-0.527802
-0.282887
-0.078902
0.141878
0.288318
0.456101
0.564970
0.826492
0.708677
0.906625
0.947076
0.900402
0.911120
1.040009
1.175120
1.180395
1.239912
1.149680
1.147395
1.229062
1.205607
1.265739
1.307607
1.334953
1.381119
1.478411
1.966869
4.132656
5.327003
6.295485
8.623056
11.031088
14.150899
14.031480
18.647215
21.300619
24.161852
19.447229
17.119488
16.956442
15.035272
12.920796
5.672393
5.308710
2.946814
2.864622
3.912413
3.887193
4.781197
5.071768
5.360809
5.980090
6.021198
5.969392
5.900831
6.570210
