1.049246
1.170572
1.246921
1.333001
1.413698
1.494946
1.543359
1.663124
1.771832
1.825056
1.904853
2.038327
2.517051
2.429684
2.421999
2.389318
2.444761
2.376161
2.423649
2.426065
2.341104
2.349582
2.370048
2.326760
2.295480
2.284236
2.245276
2.227508
2.221856
2.216483
2.103341
1.972461
1.842250
1.858866
1.713774
1.608728
1.419271
1.253562
1.125149
1.217231
1.627168
2.197683
3.148788
4.716968
5.544622
5.935815
6.139643
6.244460
6.247177
5.783641
4.713160
3.347538
2.333012
4.669768
6.056791
6.029112
4.336892
0.827605
-4.528519
-10.022213
-14.580148
-16.426044
-15.222356
-15.178358
-16.050858
-15.398737
-12.689054
-10.398883
-8.072142
-4.334839
-2.613622
-0.909212
-0.207684
0.629545
0.642736
0.430709
0.124811
0.017355
-0.165495
-0.130883
-0.225748
-0.285512
-0.485427
-0.620395
-0.604077
-0.453046
-0.218536
0.187637
0.763864
0.830508
1.042620
1.067332
1.113161
1.057234
1.074945
0.977773
0.960266
0.944281
0.830564
0.715242
0.587824
