0.176434
0.176383
0.176344
0.176298
0.176256
0.175776
0.175670
0.175544
0.175544
0.175511
0.175443
0.175355
0.175218
0.175059
0.174868
0.174615
0.174325
0.173977
0.173445
0.172998
0.172552
0.172028
0.171446
0.170942
0.170447
0.169899
0.169162
0.168450
0.167379
0.166162
0.164739
0.163376
0.162030
0.160843
0.159897
0.158217
0.156371
0.154368
0.152606
0.150385
0.148706
0.146948
0.145381
0.143815
0.142178
0.140949
0.139656
0.138793
0.137774
0.136883
0.136230
0.135784
0.135346
0.134814
0.134183
0.133310
0.132661
0.131939
0.131005
0.130225
0.129145
0.128113
0.126974
0.125752
0.124499
0.123225
0.122029
0.120889
0.119577
0.118305
0.117076
0.115880
0.114719
0.113456
0.112332
0.111130
0.109911
0.109117
0.108192
0.107387
0.106377
0.105451
0.104564
0.103743
0.102921
0.102327
0.100908
0.100542
0.100149
0.099789
0.099421
0.098501
0.097919
0.097394
0.096720
0.096168
0.095579
0.094988
0.094385
0.093821
0.093208
