0.263401
0.263429
0.215669
0.215686
0.215706
0.215733
0.215770
0.215791
0.215813
0.215842
0.215985
0.216123
0.216234
0.216349
0.216492
0.216663
0.216837
0.217006
0.217211
0.217496
0.217782
0.218083
0.218359
0.218628
0.218911
0.219215
0.219524
0.219814
0.220054
0.220334
0.220749
0.221147
0.221437
0.221579
0.221838
0.222132
0.222392
0.222649
0.222823
0.222986
0.223190
0.223414
0.223570
0.223642
0.223645
0.223665
0.223699
0.223700
0.223659
0.223582
0.223509
0.223457
0.223429
0.223441
0.223513
0.223622
0.223768
0.223931
0.224101
0.224297
0.224573
0.224842
0.225112
0.225454
0.225832
0.226201
0.226575
0.226947
0.227343
0.227715
0.228148
0.228551
0.228923
0.229297
0.229707
0.230062
0.230403
0.230743
0.231066
0.231355
0.231631
0.231920
0.232136
0.232350
0.232535
0.232688
0.232828
0.232936
0.233011
0.233080
0.233131
0.233153
0.233146
0.233108
0.233086
0.233057
0.233011
0.232948
0.232878
0.232811
0.232742
