0.016549
0.016556
0.016568
0.016587
0.016598
0.016611
0.016610
0.016596
0.016575
0.016519
0.016449
0.016337
0.016241
0.016156
0.016068
0.015879
0.015687
0.015508
0.015320
0.015158
0.015011
0.014854
0.014743
0.014670
0.014555
0.014417
0.014226
0.014009
0.013797
0.013639
0.013522
0.013450
0.013488
0.013530
0.013519
0.013371
0.013092
0.012840
0.012623
0.012448
0.012330
0.012277
0.012361
0.012476
0.012594
0.012660
0.012635
0.012437
0.012170
0.011894
0.011635
0.011395
0.011173
0.010993
0.010858
0.010787
0.010695
0.010618
0.010570
0.010512
0.010462
0.010354
0.010310
0.010303
0.010280
0.010258
0.010234
0.010223
0.010171
0.010102
0.010039
0.009980
0.009904
0.009803
0.009735
0.009658
0.009575
0.009465
0.009352
0.009236
0.009124
0.009022
0.008925
0.008818
0.008725
0.008628
0.008531
0.008424
0.008339
0.008248
0.008166
0.008080
0.008018
0.007938
0.007829
0.007773
0.007702
0.007638
0.007610
0.007587
0.007558
