0.376415
0.359741
0.433930
0.527795
0.289510
-0.528738
-1.818154
-3.434207
-6.520079
-8.479127
-7.429270
-4.206828
-2.333087
-2.033454
-3.751400
-7.343444
-12.680401
-19.888714
-24.253330
-26.425692
-18.263979
-6.967129
4.521421
8.744020
4.937257
-2.374476
-13.606277
-21.129345
-28.642836
-26.842279
-11.669708
13.300449
38.821018
40.397930
29.900513
17.106396
-0.073357
-17.587440
-30.218290
-27.150192
-22.833035
-6.317972
14.280508
33.489323
40.063541
34.799450
26.593418
16.552856
7.379647
-3.331513
-10.972091
-17.257206
-18.472450
-19.784632
-19.817715
-19.195099
-18.295591
-17.453773
-18.310719
-18.030952
-17.226212
-16.010662
-14.407493
-12.946204
-10.913440
-9.269219
-7.744066
-6.780841
-6.197533
-4.330245
-2.901053
-0.748877
1.280800
2.461291
2.759576
2.758046
2.705397
3.072050
3.003353
3.393573
3.910576
4.723078
5.221852
5.793272
6.029749
6.045132
5.982565
6.037004
5.914591
6.009984
6.314275
6.742572
6.703540
6.318307
5.984583
5.708371
5.757081
6.021307
6.139525
6.755247
7.380179
