3.074710
3.576206
4.053281
4.662669
5.094015
5.644700
6.301755
6.631933
7.079897
7.099669
7.087298
7.086882
7.063219
7.213165
7.380986
7.621623
7.851420
8.063928
8.224981
8.308481
8.299177
8.199700
8.045464
7.860206
7.657787
7.353988
6.939434
6.520087
6.080489
5.561882
4.946574
4.153746
3.731779
3.457555
3.294501
3.383675
3.063661
2.788642
2.830270
2.804476
3.170635
3.099302
3.188427
3.178163
3.144736
3.088115
3.218415
2.938873
2.776055
2.703810
2.609161
2.542187
2.601146
2.658671
2.877851
2.895396
2.904197
3.014710
3.390523
3.628390
3.783838
3.802137
3.793843
3.728016
3.661252
3.525817
3.413791
3.315770
3.245394
3.158151
3.034171
2.968951
2.929496
2.909836
2.880795
2.865872
2.823638
2.823118
2.843744
2.867016
2.850538
2.759546
2.663297
2.642052
2.607563
2.460038
2.312163
2.147618
1.990559
1.860154
1.748204
1.614732
1.549840
1.589875
1.696005
1.740795
1.710002
1.560322
1.507444
1.466762
1.391303
