0.405730
0.424888
0.415468
0.407942
0.404817
0.379118
0.213840
-0.041336
-0.343633
-0.763630
-1.551045
-2.266590
-2.756263
-2.806293
-3.069786
-3.389101
-3.932725
-4.535444
-5.090417
-5.979169
-6.461946
-6.844734
-7.523539
-7.509609
-7.677301
-7.921510
-8.321061
-8.542734
-8.990965
-9.313053
-9.913194
-9.931580
-10.121503
-9.860469
-10.230954
-10.650039
-11.812564
-12.991034
-13.708830
-14.282346
-14.903697
-15.021970
-14.778613
-14.719553
-14.545525
-14.576804
-14.780788
-14.836359
-14.807536
-14.629185
-14.266858
-14.383608
-14.080387
-13.760255
-13.253588
-12.641309
-11.557453
-10.100977
-8.934568
-7.535421
-7.040390
-6.281929
-5.198907
-3.863856
-3.837361
-2.066293
0.481196
3.189826
5.565635
7.994636
9.738356
9.175094
10.207453
10.565265
9.400202
9.267168
9.325459
9.118050
9.267820
9.725631
10.292097
11.353590
12.251757
13.182997
13.317098
13.061189
13.641463
14.437991
14.251406
14.654872
15.877372
16.733114
16.689623
16.549332
15.878327
15.101120
14.522900
13.704455
12.861416
12.002978
11.520762
