0.243144
0.243147
0.243168
0.243206
0.243244
0.243272
0.243298
0.243344
0.243415
0.243508
0.243631
0.243779
0.243963
0.244169
0.244400
0.244693
0.244993
0.245268
0.245522
0.245834
0.246220
0.246627
0.247005
0.247370
0.247792
0.248247
0.248757
0.249236
0.249678
0.250107
0.250572
0.251080
0.251559
0.252056
0.252506
0.252914
0.253340
0.253781
0.254284
0.254766
0.255216
0.255615
0.255985
0.256329
0.256670
0.257046
0.257432
0.257803
0.258146
0.258467
0.258787
0.259052
0.259287
0.259440
0.259501
0.259502
0.259505
0.259463
0.259409
0.259373
0.259323
0.259251
0.259249
0.259411
0.259602
0.259858
0.260034
0.260378
0.260783
0.261137
0.261582
0.262081
0.262607
0.263144
0.263711
0.264260
0.264820
0.265416
0.265965
0.266518
0.267105
0.267673
0.268234
0.268748
0.269239
0.269736
0.270203
0.270678
0.271120
0.271533
0.271909
0.272258
0.272576
0.272860
0.273110
0.273347
0.273561
0.273701
0.273832
0.273956
0.274053
