2.574749
2.586318
2.610596
2.659975
2.728977
2.819338
2.930043
3.509109
4.248650
5.269688
6.745334
8.950634
8.667592
9.668893
9.096564
10.283940
10.408611
11.200180
11.566069
12.615585
10.331365
8.998939
10.260712
11.825358
12.380464
14.579969
12.790797
10.463146
9.095191
9.748515
11.267497
11.353332
10.407141
10.123884
9.246778
8.535287
8.820105
7.824061
7.683246
7.008399
7.047109
6.377202
5.507930
3.811600
3.103070
2.150925
2.680979
1.995185
-0.941968
-2.933200
-0.055378
-0.556971
-1.663427
-2.942370
-1.386592
-1.772682
-1.876397
-3.463279
-5.108374
-4.843658
-3.814232
-3.260548
-3.171164
-2.750872
-0.908452
-0.106251
0.277025
0.215967
1.055272
1.456150
1.945172
2.105461
2.379630
2.622724
2.519335
2.735423
3.425200
3.813727
4.172354
4.111330
4.089816
4.199422
4.131090
4.055712
3.870493
3.990999
3.951259
3.795244
3.913064
4.064347
3.792176
3.555348
3.461075
3.147375
2.728657
2.400134
2.768122
2.746991
2.487129
2.389008
2.487769
