-0.409203
-0.393771
-0.388043
-0.389036
-0.388812
-0.369599
-0.468325
-0.680961
-1.056901
-1.420009
-1.737465
-2.344176
-3.505695
-4.014535
-4.317827
-4.508424
-5.109442
-5.654170
-5.738972
-5.561281
-5.607071
-5.876133
-6.130444
-6.715746
-7.442832
-7.255296
-6.973638
-6.961762
-6.961550
-6.641373
-6.459471
-6.548367
-6.769116
-6.785227
-6.832998
-6.804053
-6.727217
-6.639345
-6.490300
-6.358857
-6.495895
-6.578950
-6.623357
-6.704782
-6.833334
-7.148303
-7.463464
-7.932704
-8.602817
-9.206084
-9.304416
-9.063713
-8.880738
-8.733550
-8.678205
-8.917350
-9.514254
-9.792112
-10.418822
-11.162987
-10.210260
-10.538424
-10.723229
-11.353136
-10.968945
-9.832692
-8.544702
-6.194017
-2.552364
1.044496
6.867140
11.183764
14.573174
17.963247
23.219536
25.534456
29.472284
33.051697
33.313972
29.123220
35.097855
32.028542
27.019527
22.497620
19.124897
14.890984
12.470674
9.517570
8.419883
9.144710
8.875041
11.971439
14.998451
17.242096
19.201077
19.844761
19.995136
20.035559
20.649534
20.192417
20.083920
