1.329302
1.341083
1.358884
1.371882
1.397137
1.421575
1.436426
1.430439
1.403274
1.503950
1.737374
2.024642
2.597058
3.503376
4.774042
4.737019
5.043968
5.413116
4.547119
4.516953
4.800393
5.235663
5.527700
5.916100
6.189126
6.480835
6.616038
6.791589
6.838291
7.528137
8.206949
8.874171
9.661309
10.933503
11.171276
10.830827
9.744848
8.960028
8.203601
7.792255
7.118527
6.860769
6.634948
6.538574
6.393213
6.490644
6.361733
6.249838
6.046111
5.793441
5.360955
4.652946
4.041341
3.066442
3.083345
3.156750
3.145930
3.237435
3.179888
1.914892
1.077473
0.538373
-0.360883
-2.063778
0.529941
0.152414
-0.156360
-0.615458
-1.335750
-1.476701
-1.078231
-0.334098
0.814776
0.664447
1.369055
1.829034
0.985480
0.325094
-0.993287
-2.630569
-3.425499
-4.234682
-5.302530
-12.031390
-15.909711
-19.475258
-16.604551
-13.082742
-11.903966
-9.447310
-8.023622
-5.337651
-1.119042
7.781081
11.438743
8.820477
-3.584543
-7.727247
-9.110418
-9.553370
-10.443382
