0.280310
0.280039
0.279813
0.279636
0.279477
0.279371
0.279202
0.279001
0.278817
0.278675
0.278675
0.278664
0.278638
0.278679
0.278863
0.279138
0.279413
0.279819
0.280351
0.280967
0.281706
0.282601
0.283591
0.284612
0.285787
0.287090
0.288460
0.289774
0.291157
0.292547
0.293992
0.295506
0.297167
0.298845
0.300408
0.301963
0.303560
0.305146
0.306761
0.308327
0.309847
0.311337
0.312915
0.314372
0.315577
0.316543
0.317305
0.318027
0.318639
0.319191
0.319624
0.319986
0.320335
0.320600
0.320831
0.320888
0.320643
0.319927
0.319139
0.318491
0.318758
0.319099
0.320001
0.320586
0.321783
0.323326
0.324563
0.326866
0.328493
0.330599
0.332407
0.334093
0.335708
0.337245
0.338739
0.340164
0.341509
0.342794
0.344051
0.345187
0.346258
0.347284
0.348273
0.349076
0.349572
0.350025
0.350441
0.350773
0.351006
0.351132
0.351084
0.351031
0.350909
0.350659
0.350385
0.350052
0.349688
0.349271
0.348848
0.348402
0.347935
