0.198257
0.180335
0.199429
0.227635
0.218142
0.215072
0.187594
0.081737
-0.331623
-0.802449
-1.163589
-1.031180
-0.846435
-0.703245
-0.573901
-0.460769
-0.201814
0.455817
0.998630
2.138167
2.991672
3.993693
4.889084
5.404781
6.060655
6.400983
6.847394
7.517534
8.408588
9.022702
9.875185
9.392242
9.959675
10.811966
11.083553
11.295528
10.966911
10.616589
9.900706
9.318321
8.491298
7.844592
7.408485
7.318613
7.704223
8.182165
7.788546
6.985932
6.988477
7.639926
8.174275
8.474228
7.568210
6.950052
6.534497
6.006989
5.755119
5.367722
5.367969
5.205326
4.826594
3.925321
2.236228
0.839358
0.738768
1.929788
2.608745
1.654672
-4.002812
-4.866595
-11.124515
-16.788134
-9.213344
-7.356538
-5.612110
-4.198969
-1.530962
0.354526
1.543079
3.143439
3.666779
4.337436
3.836917
3.142704
2.406358
2.177465
1.742494
0.966543
0.343555
0.030487
-0.261205
-0.331291
-1.618991
-2.072804
-2.421469
-3.126420
-3.689516
-3.285838
-3.012336
-2.284910
-1.933655
