0.941891
0.941890
0.941891
0.941893
0.941894
0.941893
0.941892
0.941891
0.941892
0.941891
0.941893
0.941897
0.941895
0.941889
0.941876
0.941843
0.941779
0.941674
0.941535
0.941373
0.941206
0.941010
0.940789
0.940540
0.940261
0.939946
0.939597
0.939222
0.938806
0.938344
0.937835
0.937271
0.936675
0.936021
0.935311
0.934551
0.933757
0.932926
0.932066
0.931191
0.930285
0.929363
0.928414
0.927441
0.926455
0.925463
0.924472
0.923481
0.922494
0.921517
0.920565
0.919625
0.918713
0.917834
0.917048
0.916335
0.915700
0.915140
0.914713
0.914352
0.914055
0.913741
0.913393
0.913061
0.912757
0.912514
0.912321
0.912164
0.912025
0.911909
0.911818
0.911748
0.911697
0.911665
0.911642
0.911618
0.911592
0.911571
0.911551
0.911528
0.911503
0.911473
0.911452
0.911421
0.911393
0.911371
0.911349
0.911321
0.911298
0.911273
0.911251
0.911223
0.911198
0.911176
0.911152
0.911129
0.911108
0.911084
0.911064
0.911044
0.911026
