0.946437
0.946466
0.946497
0.946531
0.946565
0.946596
0.946633
0.946665
0.946696
0.946711
0.946710
0.946692
0.946638
0.946570
0.946479
0.946380
0.946260
0.946118
0.945934
0.945720
0.945472
0.945164
0.944821
0.944474
0.944095
0.943675
0.943179
0.942635
0.942055
0.941415
0.940721
0.939990
0.939207
0.938325
0.937370
0.936368
0.935300
0.934189
0.933015
0.931766
0.930458
0.929085
0.927668
0.926181
0.924605
0.922959
0.921216
0.919467
0.917621
0.915692
0.913687
0.911587
0.909433
0.907230
0.905002
0.902715
0.900408
0.898027
0.895562
0.893097
0.890567
0.888039
0.885492
0.882891
0.880254
0.877595
0.874932
0.872248
0.869565
0.866920
0.864291
0.861687
0.859164
0.856670
0.854219
0.851802
0.849431
0.847142
0.844911
0.842797
0.840701
0.838701
0.836789
0.834939
0.833199
0.831494
0.829916
0.828435
0.826980
0.825640
0.824430
0.823301
0.822231
0.821220
0.820352
0.819504
0.818688
0.817932
0.817185
0.816472
0.815793
