-0.040747
-0.040715
-0.040694
-0.040664
-0.040660
-0.040665
-0.040660
-0.040658
-0.040658
-0.040661
-0.040695
-0.040728
-0.040810
-0.040870
-0.040934
-0.040964
-0.041011
-0.041047
-0.041064
-0.041099
-0.041135
-0.041158
-0.041178
-0.041193
-0.041234
-0.041262
-0.041285
-0.041272
-0.041273
-0.041267
-0.041268
-0.041260
-0.041245
-0.041227
-0.041236
-0.041183
-0.041140
-0.041025
-0.040945
-0.040859
-0.040674
-0.040537
-0.040465
-0.040416
-0.040360
-0.040369
-0.040420
-0.040474
-0.040553
-0.040691
-0.040811
-0.040968
-0.041211
-0.041392
-0.041505
-0.041561
-0.041532
-0.041493
-0.041462
-0.041432
-0.041367
-0.041322
-0.041275
-0.041193
-0.041094
-0.040989
-0.040925
-0.040860
-0.040809
-0.040721
-0.040662
-0.040604
-0.040583
-0.040556
-0.040528
-0.040537
-0.040533
-0.040547
-0.040554
-0.040610
-0.040588
-0.040581
-0.040642
-0.040701
-0.040723
-0.040778
-0.040833
-0.040933
-0.041022
-0.041106
-0.041217
-0.041327
-0.041434
-0.041561
-0.041671
-0.041810
-0.041949
-0.042079
-0.042197
-0.042323
-0.042453
