1.934233
1.814502
1.733164
1.616336
1.586222
1.421628
1.265371
1.091797
0.869308
0.736487
0.846303
1.149794
1.286437
1.299578
1.348405
1.358769
0.878868
0.710698
0.365135
0.322470
0.544088
0.511739
0.418509
0.474090
0.538085
0.704689
0.766638
0.696379
0.872144
0.871477
0.875307
0.971299
1.033676
0.949166
0.924846
0.862957
0.643443
0.235054
-0.120182
-0.177836
-0.542392
-1.640265
-2.097168
-1.901700
-1.897810
-2.602114
-3.200317
-2.841055
-3.368256
-3.542625
-4.086071
-3.964746
-3.870764
-3.807878
-3.464853
-2.811138
-1.553666
-0.821112
0.892665
2.308843
3.538504
4.208217
4.899219
5.559735
4.683329
6.878281
8.255047
9.041788
9.618938
10.053169
8.254769
8.694941
8.524064
7.893031
8.128856
8.314367
8.217873
7.674222
8.175826
8.011225
7.790560
6.254420
6.367915
7.368620
5.808233
3.829229
5.869124
6.255539
6.232665
6.291295
6.426965
6.303406
6.330737
6.225274
6.376987
6.334618
6.354533
6.458770
6.417661
6.390626
6.337745
