0.946865
0.946897
0.946931
0.946966
0.946990
0.947006
0.947018
0.947033
0.947054
0.947083
0.947131
0.947166
0.947191
0.947230
0.947276
0.947280
0.947278
0.947268
0.947203
0.947120
0.947000
0.946892
0.946743
0.946547
0.946306
0.946056
0.945789
0.945498
0.945172
0.944809
0.944425
0.944000
0.943477
0.942841
0.942159
0.941400
0.940509
0.939597
0.938672
0.937730
0.936924
0.936207
0.935538
0.934954
0.934403
0.933889
0.933430
0.932986
0.932505
0.931993
0.931398
0.930688
0.929908
0.929077
0.928193
0.927334
0.926457
0.925531
0.924493
0.923387
0.922177
0.920895
0.919538
0.918084
0.916582
0.914958
0.913280
0.911512
0.909622
0.907666
0.905626
0.903508
0.901275
0.898893
0.896425
0.893870
0.891234
0.888576
0.885883
0.883188
0.880466
0.877755
0.875002
0.872227
0.869472
0.866784
0.864184
0.861573
0.858988
0.856527
0.854076
0.851664
0.849350
0.847152
0.845046
0.843151
0.841235
0.839458
0.837638
0.835966
0.834514
