0.347286
0.347201
0.347121
0.347035
0.346939
0.346948
0.347033
0.347150
0.347320
0.347552
0.347880
0.348319
0.348842
0.349441
0.350122
0.350869
0.351619
0.352345
0.353033
0.353749
0.354396
0.354890
0.355352
0.355666
0.355928
0.356113
0.356181
0.356090
0.355919
0.355734
0.355367
0.354891
0.354560
0.354447
0.354431
0.354542
0.354812
0.355150
0.355578
0.356091
0.356636
0.357293
0.357978
0.358757
0.359509
0.360289
0.361096
0.361913
0.362738
0.363576
0.364428
0.365203
0.365978
0.366827
0.367659
0.368342
0.369167
0.369921
0.370673
0.371374
0.372073
0.372755
0.373361
0.373983
0.374527
0.375009
0.375522
0.375960
0.376343
0.376720
0.377096
0.377564
0.378049
0.378497
0.378948
0.379400
0.379785
0.380158
0.380675
0.381222
0.381770
0.382316
0.382902
0.383530
0.384065
0.384541
0.385093
0.385613
0.386084
0.386551
0.386932
0.387206
0.387463
0.387655
0.387834
0.387913
0.387964
0.387996
0.388008
0.387960
0.387886
