-0.106501
-0.106510
-0.106519
-0.106529
-0.106533
-0.106536
-0.106531
-0.106501
-0.106463
-0.106405
-0.106366
-0.106304
-0.106268
-0.106211
-0.106147
-0.106076
-0.106000
-0.105922
-0.105832
-0.105742
-0.105658
-0.105582
-0.105485
-0.105445
-0.105330
-0.105203
-0.105163
-0.104942
-0.104790
-0.104643
-0.104487
-0.104302
-0.104116
-0.103926
-0.103744
-0.103563
-0.103344
-0.103133
-0.102944
-0.102805
-0.102664
-0.102507
-0.102387
-0.102294
-0.102164
-0.102081
-0.101985
-0.101918
-0.101847
-0.101775
-0.101686
-0.101601
-0.101517
-0.101431
-0.101350
-0.101313
-0.101227
-0.101163
-0.101136
-0.101061
-0.101008
-0.100953
-0.100913
-0.100838
-0.100739
-0.100618
-0.100490
-0.100382
-0.100280
-0.100189
-0.100108
-0.100027
-0.099958
-0.099896
-0.099773
-0.099660
-0.099525
-0.099382
-0.099297
-0.099195
-0.099073
-0.098928
-0.098816
-0.098684
-0.098545
-0.098424
-0.098296
-0.098204
-0.098225
-0.098137
-0.098110
-0.098057
-0.097990
-0.097937
-0.097912
-0.097878
-0.097836
-0.097809
-0.097791
-0.097779
-0.097791
