0.059765
0.059774
0.059774
0.059774
0.059770
0.059772
0.059772
0.059783
0.059776
0.059767
0.059779
0.059792
0.059798
0.059806
0.059820
0.059820
0.059828
0.059834
0.059839
0.059847
0.059800
0.059748
0.059689
0.059623
0.059543
0.059428
0.059307
0.059215
0.059106
0.058984
0.058895
0.058794
0.058726
0.058574
0.058495
0.058430
0.058359
0.058254
0.058143
0.058017
0.057891
0.057733
0.057541
0.057351
0.057195
0.057101
0.057068
0.057041
0.057057
0.057100
0.057142
0.057176
0.057190
0.057181
0.057169
0.057071
0.057012
0.056926
0.056864
0.056758
0.056670
0.056581
0.056508
0.056432
0.056346
0.056252
0.056174
0.056115
0.056070
0.056026
0.055993
0.055954
0.055931
0.055910
0.055884
0.055855
0.055828
0.055780
0.055742
0.055719
0.055700
0.055680
0.055658
0.055641
0.055615
0.055592
0.055555
0.055510
0.055460
0.055416
0.055372
0.055345
0.055315
0.055289
0.055261
0.055224
0.055201
0.055167
0.055140
0.055089
0.055041
