0.959012
0.959029
0.959053
0.959082
0.959107
0.959123
0.959137
0.959148
0.959166
0.959191
0.959208
0.959222
0.959247
0.959247
0.959225
0.959169
0.959075
0.958958
0.958800
0.958594
0.958373
0.958101
0.957764
0.957397
0.956937
0.956414
0.955826
0.955166
0.954429
0.953636
0.952784
0.951867
0.950899
0.949854
0.948750
0.947545
0.946322
0.944997
0.943610
0.942154
0.940658
0.939088
0.937455
0.935788
0.934086
0.932338
0.930551
0.928746
0.926922
0.925060
0.923174
0.921278
0.919357
0.917460
0.915569
0.913661
0.911782
0.909945
0.908133
0.906361
0.904665
0.902999
0.901354
0.899769
0.898243
0.896809
0.895487
0.894287
0.893161
0.892197
0.891303
0.890491
0.889742
0.889099
0.888536
0.888070
0.887682
0.887389
0.887182
0.887135
0.887092
0.887058
0.887142
0.887160
0.887191
0.887286
0.887393
0.887473
0.887621
0.887696
0.887830
0.887957
0.888072
0.888208
0.888330
0.888459
0.888588
0.888703
0.888833
0.888977
0.889093
