-0.435375
-0.940507
-1.252470
-1.262939
-1.358688
-1.329836
-1.381865
-1.416994
-1.681176
-1.779638
-1.960471
-2.035861
-1.950595
-1.782303
-1.604542
-1.442771
-1.192153
-0.895205
-0.710011
-0.592834
-0.463444
-0.279146
-0.237062
0.053134
0.625797
1.790001
3.124970
4.438340
5.902878
7.791486
10.319161
12.647947
13.662472
13.919699
13.487156
11.776513
8.666415
3.851801
-0.301585
-4.221054
-8.034039
-10.122425
-11.811460
-13.756654
-14.500044
-14.644496
-14.217730
-13.596399
-13.056034
-12.902298
-12.166797
-11.380485
-10.770868
-10.254152
-9.438214
-9.019808
-8.351283
-7.662416
-6.856079
-5.940953
-5.009266
-4.190831
-2.968575
-1.893010
-0.348776
0.964735
2.880085
4.328172
6.158502
8.119203
9.118946
9.222455
9.385726
9.324681
9.206194
9.360520
9.000968
8.187534
7.401446
7.030645
6.502573
5.872455
5.497955
4.983819
4.618795
4.337755
4.050384
3.827328
3.571962
3.348956
3.215868
3.057741
2.906971
2.740714
2.599008
2.410572
2.320595
2.215614
2.144620
2.079633
1.960536
