1.671300
1.938518
2.182515
2.356481
2.484237
2.618757
2.820447
2.845508
3.185456
3.478025
3.507919
3.865483
4.375351
4.388274
4.812474
4.967447
5.032146
5.132294
6.289342
6.779976
7.425380
7.818329
8.048626
8.791966
8.689251
9.309731
9.794374
9.659397
8.714654
8.488564
8.188294
7.751808
7.852032
8.501575
7.450380
7.422505
7.226777
7.030551
7.719095
7.316260
6.718382
6.418708
6.235298
5.190519
4.298166
3.902555
1.991322
1.030130
-0.036502
-0.003378
-1.871261
-2.906694
-0.042289
2.825581
2.135548
1.342606
1.232981
1.482247
1.395022
-1.827404
-0.424594
-0.663287
-0.155627
1.190262
2.151968
3.012576
2.888837
3.156615
3.152652
3.387349
2.187543
0.545254
1.908993
2.826776
2.874504
2.851296
3.180359
3.134788
2.863153
2.764492
4.534914
3.875787
3.460150
3.285698
3.429273
3.987573
3.867341
3.930684
3.402339
1.489444
1.657695
1.754278
2.468622
2.362659
3.018316
2.956704
2.868779
3.023674
2.958757
3.248029
3.083911
