0.783087
1.070215
1.457274
1.907341
2.202543
2.361207
2.582182
3.024779
3.542538
4.190011
4.962967
5.465821
5.761281
5.935717
5.966993
5.933815
5.790466
5.638394
5.699692
5.852267
6.025337
6.197805
6.316818
6.393394
6.388476
6.287096
6.329452
6.453485
6.533257
6.495579
6.499414
6.252340
6.049585
5.749257
5.652782
5.513206
5.407784
5.421403
5.331847
5.251726
5.206638
5.164335
4.930522
4.828004
4.692771
4.641610
4.572873
4.289096
4.067665
4.039237
4.076692
3.848928
3.672480
3.469007
3.200336
3.107014
2.832169
2.708153
2.559244
2.515325
2.479526
2.326444
2.178674
2.063481
1.960961
1.827019
1.705630
1.606404
1.495200
1.408031
1.346508
1.334789
1.364192
1.258745
1.150540
1.059215
0.965062
0.638704
0.470497
0.292199
0.163465
0.042147
0.112171
0.011564
-0.061190
-0.093359
-0.098886
-0.125656
-0.178219
-0.178385
-0.190579
-0.237172
-0.287422
-0.287975
-0.238696
-0.149400
-0.124699
-0.113816
-0.105268
-0.117739
-0.127916
