0.481901
0.487940
0.487400
0.464222
0.376143
0.186066
-0.056503
-0.303012
-0.616361
-0.978574
-1.350100
-1.870933
-2.381507
-2.743575
-2.978079
-3.291810
-3.724821
-3.870099
-3.851671
-3.655475
-3.255951
-2.662412
-2.102202
-1.658062
-1.107115
-0.785948
-0.387230
-0.495681
-1.022595
-0.640913
-0.084537
0.353900
0.165651
0.595765
1.557584
1.755589
1.970530
2.486069
3.002760
4.408323
6.140947
7.337302
8.281901
9.725481
10.053353
11.132666
11.154639
11.578504
11.574736
12.005811
13.019964
14.078302
13.244862
13.498417
13.132322
12.541460
11.939248
11.189475
10.107591
9.386574
8.395345
7.732886
6.880905
6.181461
5.477782
4.640658
4.013093
3.914201
3.923865
3.994057
3.683571
3.389172
3.045004
2.403635
1.798322
0.976219
0.184341
-0.231550
-1.557168
-2.801271
-3.976255
-5.470092
-6.733539
-7.018355
-6.781762
-6.809467
-7.123989
-7.850174
-8.961640
-9.335940
-9.982235
-10.407087
-11.059709
-11.390833
-11.545487
-11.269674
-10.644083
-10.181023
-10.071702
-10.397354
-10.673416
