2.168535
2.164250
2.163519
2.176241
2.189502
2.197715
2.224292
2.180856
2.220404
2.296683
2.464798
2.626524
2.754804
2.931235
3.145334
3.120708
3.287754
3.437998
3.342562
3.364132
3.218430
3.230619
3.352367
3.194653
3.317460
3.377207
3.458221
3.467018
3.858642
4.272903
4.473810
4.908627
4.768412
4.642890
5.054006
4.755184
4.850119
4.288282
5.908775
4.636068
5.006605
5.086566
5.122944
4.731779
4.638258
4.421968
4.215765
3.985895
3.618109
3.478612
3.492769
3.224031
3.187677
3.180531
2.667211
1.164849
0.190324
-0.399232
-0.698732
-0.821431
-2.981906
-3.111401
-4.174372
-3.762869
-4.924631
-5.619053
-6.167274
-5.300341
-5.675211
-5.559034
-6.185864
-6.612012
-7.273668
-7.821793
-8.462018
-8.593207
-8.458255
-7.713919
-6.383448
-4.597868
-4.879025
-5.073837
-5.245328
-4.685067
-4.086701
-3.050265
-2.568693
-2.270591
-1.969057
-1.634952
-0.978472
-1.044586
-0.471858
-0.094021
-0.679109
-1.231605
-1.336192
-1.349654
0.033089
0.681067
0.632317
