-0.400971
-0.399816
-0.394796
-0.416413
-0.522399
-0.638647
-0.797555
-1.012831
-1.263054
-1.604372
-1.902469
-2.347906
-2.619741
-2.990101
-3.411579
-3.849910
-4.868801
-6.333531
-7.377822
-8.726624
-9.081079
-9.590706
-9.498493
-9.531887
-10.899547
-13.345943
-16.970907
-17.857096
-19.356903
-19.273617
-17.503929
-19.071672
-19.690279
-18.566931
-13.963706
-14.374433
-12.467568
-11.336143
-10.345585
-9.782045
-8.840065
-7.549801
-6.692521
-6.355350
-5.457325
-4.235882
-2.226737
-0.853480
1.000279
3.973884
6.814945
8.886383
10.906079
11.918933
14.186205
16.622772
17.836369
21.124973
21.685555
23.007404
22.328979
22.391106
22.711922
23.122002
21.471827
20.709286
19.562696
17.241165
14.791554
12.665236
10.374419
9.128470
7.819700
8.622210
9.862305
10.097181
10.930928
10.041845
8.987552
9.195350
8.871245
8.635554
7.978609
7.247070
7.173072
6.985534
7.163576
7.329023
7.660902
8.525645
8.590695
8.536227
7.114610
5.389800
4.882923
4.834659
4.764176
4.573964
4.117817
4.293037
5.328130
