0.716570
0.716583
0.716830
0.717105
0.717498
0.718181
0.718863
0.719771
0.720749
0.721512
0.722555
0.723690
0.725171
0.726400
0.726970
0.727674
0.728765
0.729960
0.730899
0.731636
0.732812
0.734061
0.734416
0.735168
0.736574
0.737766
0.738618
0.739739
0.740776
0.741522
0.742193
0.742631
0.742945
0.743185
0.743533
0.743995
0.744432
0.744856
0.745651
0.745964
0.746409
0.746664
0.746486
0.746106
0.745538
0.744848
0.744119
0.743730
0.743263
0.742942
0.742210
0.741163
0.739854
0.738575
0.737062
0.735430
0.733658
0.732076
0.730614
0.729341
0.728357
0.727171
0.725917
0.724896
0.724252
0.723781
0.724127
0.724379
0.724738
0.724899
0.725078
0.725738
0.726521
0.726963
0.728404
0.729754
0.730438
0.731723
0.733133
0.733866
0.735096
0.736301
0.737351
0.737994
0.738845
0.739556
0.740208
0.740907
0.741889
0.743335
0.744163
0.744502
0.745493
0.746180
0.746798
0.747799
0.748515
0.749236
0.749726
0.750006
0.750223
