0.338378
0.082867
0.082878
0.082895
0.082892
0.082916
0.082982
0.083066
0.083209
0.083387
0.083590
0.083836
0.084153
0.084570
0.084991
0.085474
0.085992
0.086561
0.087085
0.087716
0.088351
0.089011
0.089713
0.090372
0.091005
0.091630
0.092203
0.092714
0.093147
0.093504
0.093793
0.093962
0.094067
0.094199
0.094282
0.094406
0.094606
0.094838
0.095118
0.095391
0.095725
0.096189
0.096670
0.097153
0.097681
0.098327
0.098955
0.099687
0.100426
0.101152
0.101889
0.102639
0.103397
0.104179
0.104950
0.105734
0.106513
0.107286
0.108147
0.108981
0.109789
0.110645
0.111462
0.112248
0.113160
0.113950
0.114749
0.115524
0.116316
0.117099
0.117794
0.118509
0.119306
0.120009
0.120596
0.121142
0.121637
0.122047
0.122437
0.122787
0.123064
0.123312
0.123527
0.123737
0.123891
0.124038
0.124176
0.124296
0.124417
0.124527
0.124631
0.124722
0.124808
0.124888
0.124949
0.125004
0.125060
0.125110
0.125135
0.125165
0.125210
