2.350823
2.297490
2.299711
2.403884
2.696574
3.149411
3.866809
5.746387
5.412369
5.982540
6.981962
8.324462
9.423697
10.646875
11.369596
11.642723
11.941312
12.658826
12.847269
13.244262
13.511360
13.941893
13.680112
13.251328
13.035262
12.417042
12.099754
11.634674
11.182486
10.409827
9.764718
9.345057
9.441313
9.294857
8.616282
8.185785
7.933700
7.992797
8.052739
7.901779
7.596177
7.056330
6.779089
6.914914
7.030685
7.304870
7.608520
8.068953
7.973279
8.230809
7.707148
7.541424
7.632140
7.453595
6.627573
5.210097
5.015811
5.440985
4.971572
4.307338
2.906902
2.598530
3.315268
2.594220
2.281514
2.108294
2.152229
2.516136
1.423514
0.129740
-0.336419
-0.676681
-3.414038
-4.385283
-3.615676
-0.283816
0.095915
-0.821262
-0.009084
0.358220
0.739178
1.198161
1.183262
1.176062
1.351999
1.825182
1.493410
1.722904
2.195170
2.359922
2.610554
2.538466
2.805829
2.927643
2.587167
2.593107
2.661007
2.595586
2.555379
2.300381
2.177135
