0.035749
0.035770
0.035776
0.035760
0.035761
0.035776
0.035781
0.035780
0.035810
0.035818
0.035853
0.035908
0.035979
0.036031
0.036052
0.036086
0.036100
0.036125
0.036131
0.036113
0.036098
0.036063
0.036029
0.035954
0.035806
0.035635
0.035448
0.035201
0.034847
0.034499
0.034222
0.034007
0.033812
0.033722
0.033655
0.033620
0.033592
0.033582
0.033564
0.033564
0.033527
0.033482
0.033455
0.033404
0.033347
0.033283
0.033196
0.033099
0.033055
0.032998
0.032942
0.032833
0.032737
0.032680
0.032626
0.032569
0.032490
0.032430
0.032360
0.032292
0.032246
0.032199
0.032156
0.032107
0.032073
0.032049
0.032030
0.032015
0.032001
0.031983
0.031944
0.031942
0.031915
0.031896
0.031879
0.031861
0.031845
0.031833
0.031821
0.031808
0.031796
0.031789
0.031782
0.031762
0.031749
0.031739
0.031731
0.031717
0.031703
0.031685
0.031674
0.031661
0.031643
0.031626
0.031610
0.031591
0.031574
0.031557
0.031540
0.031523
0.031505
