-0.233980
-0.350418
-0.401070
-0.330026
-0.378126
-0.437950
-0.469379
-0.514738
-0.402645
-0.050324
0.109185
0.448669
0.896941
1.059521
1.440217
2.118144
2.777730
3.825221
5.306219
7.617300
11.179296
14.952365
17.203493
19.098221
20.152952
16.171419
8.795192
-1.239668
-11.754940
-21.971138
-27.881260
-29.840660
-28.978903
-26.982315
-24.482973
-21.670578
-18.532131
-15.747901
-12.992175
-10.487612
-8.325634
-6.552363
-4.960494
-3.253399
-2.866494
-2.265468
-1.468250
-0.052459
1.261137
1.604263
2.592098
3.908850
5.143932
6.267242
7.187544
7.700018
7.807315
7.761127
7.733502
7.527419
7.205895
7.004122
6.820705
6.589699
6.511936
6.629961
6.530381
6.045552
5.758929
5.398730
5.094775
4.806431
4.503738
4.205182
3.925399
3.682321
3.434794
3.243678
3.007468
2.849601
2.578182
2.382924
2.133852
1.962705
1.813673
1.701433
1.528701
1.379171
1.297672
1.228490
1.164676
1.142061
1.107851
1.097052
1.089609
1.068280
1.081105
1.061448
1.058402
1.089421
0.998776
