0.973023
0.973022
0.973014
0.973020
0.973037
0.973041
0.973020
0.973018
0.972992
0.972928
0.972877
0.972850
0.972835
0.972847
0.972868
0.972808
0.972769
0.972729
0.972677
0.972604
0.972576
0.972657
0.972538
0.972418
0.972338
0.972257
0.972206
0.972141
0.972063
0.971977
0.971897
0.971863
0.971768
0.971720
0.971699
0.971668
0.971613
0.971567
0.971497
0.971458
0.971423
0.971403
0.971169
0.971013
0.970975
0.970945
0.970852
0.970845
0.970829
0.970729
0.970747
0.970744
0.970669
0.970682
0.970638
0.970615
0.970596
0.970550
0.970507
0.970483
0.970454
0.970402
0.970342
0.970285
0.970222
0.970156
0.970076
0.969999
0.969934
0.969857
0.969789
0.969696
0.969604
0.969506
0.969408
0.969310
0.969242
0.969156
0.969057
0.969008
0.969014
0.968950
0.968898
0.968911
0.968891
0.968864
0.968853
0.968849
0.968847
0.968876
0.968885
0.968895
0.968899
0.968901
0.968913
0.968920
0.968929
0.968926
0.968907
0.968910
0.968903
