1.128493
1.038766
0.872486
0.752533
0.591762
0.566463
0.500174
0.445545
0.455680
0.416422
0.350234
0.279110
0.162281
0.117730
0.063651
0.024856
-0.081959
-0.142980
-0.220002
-0.385301
-0.609550
-0.740548
-0.929525
-0.978978
-0.982695
-1.061694
-1.060966
-1.165932
-1.178452
-1.250548
-1.318854
-1.238002
-1.192975
-1.154993
-1.158608
-0.972182
-1.007982
-1.059838
-0.884520
-0.168471
-0.091429
0.132874
0.081140
0.091805
0.075231
0.025436
-0.076533
-0.000095
0.322147
0.508439
0.595223
0.760050
0.805318
0.881828
1.068694
1.220946
1.373710
1.484756
1.754319
2.093391
2.345433
2.506046
2.503235
2.564280
2.676115
2.760385
2.735528
2.733599
2.679624
2.644223
2.708706
2.703604
2.684317
2.674256
2.625548
2.652627
2.647960
2.693317
2.775038
2.947765
3.108534
3.243628
3.354882
3.248508
2.920763
2.610251
2.692456
3.233952
3.327683
3.287922
3.223596
2.656806
2.619759
2.635845
2.612441
2.536598
2.443278
2.383363
2.324607
2.333610
2.230823
