0.176772
0.160305
0.123385
0.139947
0.248348
0.233208
0.286224
0.274928
0.336567
0.374776
0.259959
0.245956
0.213962
0.207200
0.189796
0.238796
0.202566
0.188824
0.167101
0.063593
-0.094743
-0.119410
0.013184
-0.108487
-0.098643
-0.107745
0.024922
0.075604
0.088462
0.038768
0.149145
0.090287
0.073076
0.090495
0.152304
0.177946
0.112855
0.047245
0.217362
0.249348
0.402572
0.375659
0.460169
0.243898
0.195358
0.057338
0.036167
-0.143915
-0.072290
-0.048313
-0.080783
-0.169771
0.095488
-0.060426
-0.280540
-0.361752
-0.452174
-0.539462
-0.545927
-0.627357
-0.626806
-0.662721
-0.572518
-0.550976
-0.504637
-0.548074
-0.548111
-0.497215
-0.453365
-0.459534
-0.456959
-0.431553
-0.402351
-0.396620
-0.411433
-0.460817
-0.455388
-0.423287
-0.423383
-0.478506
-0.491832
-0.540389
-0.491871
-0.507578
-0.487334
-0.638207
-0.535736
-0.437601
-0.572142
-0.466983
-0.600666
-0.636568
-0.627464
-0.656499
-0.613241
-0.601921
-0.600565
-0.585464
-0.560441
-0.551230
-0.529268
