0.252536
0.252484
0.252417
0.252344
0.252271
0.252344
0.252411
0.252104
0.251345
0.250031
0.248892
0.247531
0.246116
0.245178
0.243780
0.242322
0.240832
0.238751
0.236299
0.234290
0.232657
0.232026
0.231358
0.230521
0.229610
0.228349
0.227023
0.225763
0.224246
0.223218
0.222168
0.221225
0.220067
0.219171
0.218282
0.217447
0.216597
0.215865
0.214979
0.214181
0.213501
0.212676
0.211877
0.211167
0.210380
0.209614
0.209041
0.208438
0.207820
0.207080
0.206246
0.205300
0.204340
0.203255
0.202173
0.201140
0.200085
0.198892
0.197807
0.196745
0.195776
0.194744
0.193727
0.192789
0.191779
0.190795
0.189687
0.188638
0.187533
0.186463
0.185466
0.184467
0.183488
0.182549
0.181613
0.180719
0.179858
0.179283
0.178630
0.178006
0.177434
0.176849
0.175857
0.174832
0.173954
0.173016
0.171800
0.170594
0.169165
0.167876
0.166728
0.165518
0.164411
0.163588
0.162511
0.161517
0.160365
0.159147
0.157895
0.156656
0.155412
