2.194582
2.188894
2.182264
2.171388
2.170753
2.173391
2.153537
2.356314
2.411715
2.239011
2.725851
3.871661
3.481732
3.608891
3.224058
2.071687
1.257694
-0.022150
-1.382516
-0.507242
-1.071977
-0.883611
0.400243
1.860480
7.122664
10.212885
9.261720
9.272448
8.755617
8.039536
7.692621
6.816353
2.825006
2.645742
2.116610
2.247464
2.693290
2.610108
2.470392
1.682110
1.487199
1.338139
1.231757
1.612260
1.701612
1.480069
1.547076
1.507765
1.278232
1.068512
1.140333
2.392513
3.137850
4.462643
4.978088
5.658338
5.886548
6.364858
7.014786
7.841315
4.253240
5.418273
6.064719
6.981146
6.660677
7.157247
7.522914
6.982943
7.165451
6.657899
6.153498
5.606393
5.319404
5.438030
4.946476
4.580217
4.290847
4.111689
4.889749
3.471133
2.593875
2.518116
2.477968
3.666610
8.174074
5.900464
1.609339
2.070446
4.772665
1.861076
3.721049
4.210925
4.949984
3.919476
3.536225
3.246992
1.843419
-0.062334
-0.776465
-0.914920
-1.276094
