0.941900
0.941900
0.941901
0.941902
0.941900
0.941900
0.941898
0.941897
0.941897
0.941908
0.941913
0.941912
0.941914
0.941908
0.941911
0.941875
0.941912
0.941977
0.942093
0.942229
0.942270
0.941996
0.941543
0.940962
0.940345
0.939681
0.939006
0.938313
0.937616
0.936895
0.936156
0.935403
0.934635
0.933862
0.933052
0.932232
0.931376
0.930525
0.929639
0.928735
0.927814
0.926871
0.925906
0.924927
0.923922
0.922893
0.921839
0.920767
0.919664
0.918541
0.917397
0.916219
0.915026
0.913797
0.912538
0.911257
0.909944
0.908606
0.907233
0.905827
0.904382
0.902900
0.901390
0.899848
0.898262
0.896653
0.895010
0.893302
0.891597
0.889831
0.888043
0.886205
0.884331
0.882403
0.880453
0.878461
0.876429
0.874351
0.872237
0.870081
0.867881
0.865624
0.863301
0.860939
0.858938
0.858127
0.858212
0.858931
0.859573
0.859952
0.860126
0.860309
0.860399
0.860549
0.860672
0.860815
0.860966
0.861097
0.861240
0.861380
0.861520
