0.954513
0.954518
0.954525
0.954530
0.954532
0.954536
0.954541
0.954551
0.954558
0.954564
0.954570
0.954574
0.954582
0.954582
0.954584
0.954569
0.954527
0.954444
0.954331
0.954183
0.953943
0.953628
0.953234
0.952775
0.952280
0.951759
0.951160
0.950519
0.949806
0.949011
0.948165
0.947272
0.946330
0.945359
0.944344
0.943304
0.942209
0.941078
0.939912
0.938709
0.937473
0.936193
0.934901
0.933595
0.932300
0.931014
0.929781
0.928581
0.927369
0.926232
0.925136
0.924002
0.922969
0.921988
0.921095
0.920385
0.919730
0.919131
0.918621
0.918156
0.917836
0.917526
0.917315
0.917146
0.916976
0.916863
0.916774
0.916661
0.916576
0.916506
0.916385
0.916297
0.916215
0.916119
0.916000
0.915874
0.915776
0.915664
0.915559
0.915477
0.915372
0.915274
0.915178
0.915077
0.914994
0.914917
0.914873
0.914856
0.914861
0.914864
0.914883
0.914896
0.914901
0.914930
0.914969
0.915008
0.915055
0.915106
0.915145
0.915186
0.915227
