0.252889
0.252918
0.252975
0.253061
0.253191
0.253397
0.253610
0.253853
0.254136
0.254449
0.254743
0.255050
0.255379
0.255723
0.256064
0.256374
0.256691
0.256936
0.257152
0.257343
0.257537
0.257694
0.257828
0.257951
0.258052
0.258091
0.258113
0.258122
0.258103
0.258076
0.257934
0.257802
0.257760
0.257774
0.257928
0.258147
0.258398
0.258698
0.258970
0.259271
0.259564
0.259920
0.260294
0.260667
0.261026
0.261391
0.261745
0.262088
0.262378
0.262683
0.263011
0.263272
0.263496
0.263757
0.263965
0.264132
0.264309
0.264508
0.264690
0.264916
0.265132
0.265274
0.265391
0.265546
0.265699
0.265842
0.266014
0.266201
0.266386
0.266552
0.266714
0.266871
0.267000
0.267129
0.267270
0.267390
0.267495
0.267567
0.267648
0.267708
0.267752
0.267779
0.267795
0.267803
0.267812
0.267838
0.267814
0.267810
0.267792
0.267778
0.267762
0.267750
0.267736
0.267727
0.267712
0.267704
0.267685
0.267672
0.267653
0.267648
0.267632
