0.044084
0.044125
0.044159
0.044184
0.044215
0.044254
0.044276
0.044288
0.044304
0.044299
0.044213
0.044202
0.044215
0.044187
0.044128
0.044064
0.043993
0.043936
0.043833
0.043785
0.043711
0.043609
0.043449
0.043262
0.043121
0.043090
0.042966
0.042878
0.042812
0.042721
0.042598
0.042428
0.042271
0.042008
0.041752
0.041608
0.041479
0.041304
0.041118
0.040911
0.040714
0.040531
0.040377
0.040265
0.040056
0.039866
0.039678
0.039488
0.039321
0.039138
0.038978
0.038836
0.038733
0.038641
0.038627
0.038617
0.038633
0.038686
0.038673
0.038726
0.038693
0.038756
0.038846
0.038932
0.039006
0.039095
0.039195
0.039299
0.039392
0.039480
0.039539
0.039610
0.039682
0.039733
0.039786
0.039830
0.039863
0.039896
0.039907
0.039938
0.039948
0.039960
0.039980
0.040008
0.040019
0.040035
0.040061
0.040078
0.040113
0.040157
0.040188
0.040219
0.040249
0.040284
0.040318
0.040352
0.040385
0.040417
0.040433
0.040445
0.040455
