-0.001431
-0.113184
-0.162802
-0.265781
-0.394490
-0.511069
-0.611921
-0.734542
-0.866412
-1.015866
-1.171443
-1.408920
-1.637469
-1.680871
-1.673662
-1.612443
-1.549440
-1.484644
-1.432210
-1.209841
-1.342215
-1.619366
-1.677067
-1.447032
-1.231047
-0.592640
0.241244
1.479745
2.379190
3.012197
2.507836
0.925626
-0.063097
-0.745606
-0.792226
-0.556506
-0.640562
-0.762125
-0.587808
-0.504310
-0.245242
-0.233782
-0.134076
0.267012
0.736488
0.890133
1.343820
1.912883
2.519420
2.779965
3.074126
4.151309
6.425099
10.091559
15.429059
19.964649
23.918184
24.223330
21.634474
18.472540
13.487926
5.704572
-3.225426
-10.279043
-17.391144
-20.948997
-20.482233
-19.380054
-17.756731
-15.348144
-12.391882
-9.594238
-7.077471
-5.426324
-4.051122
-2.656279
-0.909956
0.111568
1.323310
2.586553
2.853980
3.038102
3.372650
3.755476
3.221531
2.928111
2.785621
2.589260
2.403594
2.249085
2.129669
2.027960
1.898457
1.658011
1.476295
1.403458
1.455320
1.469061
1.273801
1.324224
1.331156
