0.437533
0.437478
0.437401
0.437343
0.437292
0.437330
0.437427
0.437608
0.437808
0.438086
0.438465
0.438878
0.439370
0.439976
0.440639
0.441410
0.442304
0.443339
0.444317
0.445362
0.446350
0.447293
0.448150
0.449052
0.449959
0.450955
0.451908
0.452707
0.453517
0.454342
0.455026
0.455688
0.456406
0.457031
0.457565
0.458018
0.458480
0.458844
0.459052
0.459244
0.459392
0.459526
0.459676
0.459694
0.459609
0.459398
0.459150
0.458758
0.458274
0.457703
0.457164
0.456556
0.456014
0.455439
0.454742
0.454322
0.454207
0.454175
0.454107
0.454075
0.454203
0.454435
0.454989
0.455566
0.456188
0.456968
0.457753
0.458580
0.459369
0.460121
0.461032
0.461969
0.462929
0.463930
0.465065
0.466232
0.467220
0.468266
0.469311
0.470353
0.471415
0.472285
0.473350
0.474356
0.475310
0.476324
0.477306
0.478173
0.479060
0.479869
0.480597
0.481338
0.481983
0.482564
0.483040
0.483426
0.483669
0.483893
0.484012
0.484066
0.484056
