0.546456
0.651453
0.716964
0.771383
0.813117
0.932613
1.040228
1.171743
1.287251
1.343969
1.475521
1.505873
1.574217
1.612089
1.686990
1.728247
1.884242
2.213457
2.256152
2.219820
1.992970
1.843720
1.728772
1.576773
1.321394
1.028830
0.599726
0.174760
-0.222398
-0.444888
-0.631159
-0.881868
-1.279236
-1.695871
-2.085104
-2.680256
-3.370738
-3.937393
-4.865884
-5.029182
-5.514191
-6.132906
-6.985102
-8.117170
-8.764286
-8.873168
-8.747452
-8.854095
-8.030823
-7.643221
-7.047499
-6.019795
-5.422326
-4.613922
-2.911458
-0.478977
2.187800
4.023643
5.712547
7.325017
8.263522
9.216039
10.158296
11.075669
11.808501
12.373297
11.999212
11.449532
11.225349
11.302061
10.796205
10.167881
9.391741
8.965760
8.399484
8.086301
7.934346
7.742344
7.480213
7.179637
7.068270
7.136838
6.940051
6.578467
6.325414
5.898822
5.466971
4.885142
4.480810
4.297977
4.081884
3.712736
3.467952
3.268660
3.388321
3.233458
3.126026
2.960906
2.801152
2.571876
2.238881
