-0.613159
-0.614136
-0.611816
-0.610229
-0.613892
-0.617310
-0.615479
-0.614624
-0.609497
-0.612305
-0.612915
-0.613647
-0.616821
-0.650879
-0.578857
-0.384033
-0.375610
-0.282104
-0.493042
-0.498413
-0.540283
-0.449585
-0.407227
-0.298828
-0.221436
-0.150757
-0.099121
0.068848
0.188843
0.293457
0.423340
0.437988
0.498047
0.554810
0.617676
0.694702
0.709595
0.789185
0.810303
0.803833
0.798828
0.900024
0.959595
1.004639
0.892212
0.956543
0.878662
0.949341
0.977539
0.938232
0.903198
0.912476
0.920410
0.908936
0.817871
0.772583
0.785645
0.695312
0.643555
0.595215
0.557983
0.500610
0.377563
0.263550
0.206421
0.048828
-0.016602
-0.088135
-0.167358
-0.205688
-0.164917
-0.111450
-0.162842
-0.135986
-0.337158
-0.496704
-0.522705
-0.566528
-0.555298
-0.648560
-0.671997
-0.769531
-0.699463
-0.740112
-0.700317
-0.572876
-0.524902
-0.443970
-0.444824
-0.378296
-0.378174
-0.489868
-0.498413
-0.463135
-0.400146
-0.407227
-0.364136
-0.253418
-0.198975
-0.062134
0.103516
