0.427246
0.000000
8.972168
8.422852
2.990723
5.737305
7.080078
20.385742
-2.319336
-11.901855
-10.314941
9.094238
6.713867
14.770508
18.615723
21.484375
18.432617
16.296387
21.301270
12.084961
-1.892090
-1.037598
-4.089355
-5.859375
-0.061035
2.685547
-12.329102
-10.314941
-18.798828
-12.207031
-5.798340
-13.793945
-5.859375
-10.864258
-34.362793
2.746582
4.333496
4.211426
9.216309
12.634277
5.065918
5.981445
-3.112793
10.620117
-1.770020
-19.775391
-16.418457
-20.751953
-19.897461
-20.996094
-26.367188
-23.071289
-23.193359
-24.047852
-25.024414
-17.028809
10.681152
12.084961
11.169434
-0.732422
32.165527
6.958008
-5.310059
-11.718750
-15.747070
-22.155762
-23.864746
-31.677246
-14.892578
-22.277832
-7.934570
6.408691
36.621094
20.935059
26.123047
13.366699
9.155273
14.770508
13.488770
-0.976562
-8.300781
-2.075195
3.906250
6.530762
2.929688
12.573242
9.521484
12.634277
8.789062
18.066406
22.888184
33.264160
25.329590
30.151367
15.747070
8.117676
0.061035
-6.408691
-0.122070
-7.019043
-2.197266
