0.049016
-0.010949
-0.065461
-0.421844
-1.654694
-4.613337
-12.044737
-27.369431
-50.559231
-73.832489
-85.548370
-90.461807
-94.316528
-91.976814
-86.490082
-76.815994
-63.168255
-48.481594
-33.330036
-20.069870
-2.485214
16.802565
37.152779
55.042046
68.292191
77.631432
84.124214
86.283562
87.466835
91.399490
91.908119
87.375542
80.326004
69.733597
58.551495
45.557411
34.803661
26.400993
20.280729
14.903163
11.904371
9.247463
7.153558
5.925812
5.028916
4.103757
3.361915
3.018508
2.659734
2.394503
2.132566
1.895342
1.726332
1.515556
1.390328
1.222132
1.165282
1.058002
1.021375
0.925863
0.878935
0.772211
0.704215
0.670803
0.664758
0.624510
0.593128
0.553485
0.535055
0.475317
0.461102
0.436075
0.424241
0.397651
0.372713
0.357724
0.339565
0.322474
0.318033
0.308196
0.275014
0.248781
0.223792
0.217401
0.204551
0.185679
0.172553
0.161636
0.149657
0.139749
0.127271
0.118277
0.105321
0.091458
0.078131
0.069457
0.061128
0.050458
0.051999
0.040612
0.035965
