0.073425
0.200086
0.256514
0.344633
0.409159
0.996784
-0.022925
-0.085962
0.568443
-0.299766
1.624348
2.812209
1.814309
1.925346
2.476117
-1.126485
-1.755949
1.903829
2.960668
2.987273
0.455450
2.557865
6.031586
3.208401
-7.624812
-13.086147
-9.090853
-3.373595
2.107633
-4.844027
-10.558082
-0.032598
11.915736
3.089160
4.134605
11.264211
-5.583318
-4.279367
4.154766
0.987523
-3.158778
-2.193425
-0.236862
0.126391
1.868440
3.349807
3.464410
2.810916
2.578993
2.273270
2.037946
1.829167
1.700283
1.645728
1.505558
1.489287
1.450302
1.376955
1.319018
1.366531
1.358441
2.103157
2.749639
1.065269
0.208560
-0.344318
-0.562133
-0.678316
-0.629096
-0.590361
-0.591646
-0.530112
-0.489004
-0.462131
-0.425127
-0.403784
-0.401979
-0.403138
-0.350649
-0.260258
-0.221204
-0.204756
-0.170340
-0.173158
-0.099358
-0.086864
-0.085954
-0.083027
-0.070230
-0.066021
-0.056370
-0.052814
-0.049462
-0.037557
-0.027967
-0.022197
-0.010208
-0.014725
-0.015906
-0.000317
0.004171
