0.924240
0.924267
0.924291
0.924313
0.924328
0.924346
0.924363
0.924380
0.924404
0.924433
0.924463
0.924493
0.924529
0.924560
0.924586
0.924607
0.924628
0.924645
0.924656
0.924673
0.924669
0.924649
0.924635
0.924601
0.924563
0.924503
0.924396
0.924265
0.924135
0.923981
0.923823
0.923637
0.923407
0.923144
0.922877
0.922552
0.922211
0.921827
0.921412
0.920960
0.920473
0.919966
0.919399
0.918777
0.918096
0.917321
0.916401
0.915418
0.914367
0.913237
0.912050
0.910765
0.909378
0.907916
0.906358
0.904672
0.902910
0.901045
0.899140
0.897153
0.895080
0.892945
0.890760
0.888511
0.886184
0.883811
0.881340
0.878839
0.876237
0.873627
0.871004
0.868355
0.865698
0.863053
0.860395
0.857843
0.855284
0.852740
0.850232
0.847867
0.845602
0.843366
0.841180
0.839082
0.837018
0.834998
0.833054
0.831299
0.829659
0.828084
0.826658
0.825304
0.824093
0.822938
0.821880
0.820896
0.820001
0.819161
0.818505
0.817896
0.817398
