2.511537
2.490126
2.516073
2.608900
2.760340
2.939185
3.121869
3.287313
3.825099
4.285563
4.639402
4.904969
5.388484
5.897129
6.483339
6.686149
7.022935
7.251056
7.156991
7.319647
6.815066
6.772030
6.365946
6.136217
5.843421
5.699341
5.846293
6.040510
6.018235
6.242326
5.837258
6.097203
6.451131
6.583990
6.703487
6.490538
6.483205
6.321376
6.210266
6.289234
6.416072
6.340542
6.229500
6.191837
5.571259
5.164758
5.346849
5.412015
5.359961
4.808294
4.601199
4.955813
4.814883
3.667488
3.723503
4.792866
3.627015
2.919680
2.483530
1.964243
1.907034
0.173064
0.017000
-0.053232
-0.182557
-0.060492
-0.168457
0.020618
0.899745
1.148888
1.461157
1.105026
1.310424
1.245813
1.277845
1.274534
1.743231
2.285843
2.585129
2.884303
2.843113
2.785406
2.876578
2.776283
3.021971
2.885093
2.760827
2.602919
2.496350
2.221803
1.839128
1.714488
1.385749
1.280469
1.219649
1.428555
1.663445
1.883030
2.018068
2.244623
2.423253
