0.879229
0.879399
0.879161
0.878596
0.877733
0.876399
0.874602
0.872098
0.868840
0.865034
0.860981
0.856831
0.852996
0.849532
0.846548
0.843917
0.841762
0.840031
0.838771
0.838091
0.837747
0.837681
0.837806
0.838002
0.838212
0.838420
0.838654
0.838891
0.839117
0.839355
0.839599
0.839841
0.840069
0.840302
0.840536
0.840775
0.840991
0.841229
0.841467
0.841699
0.841931
0.842160
0.842385
0.842620
0.842853
0.843082
0.843311
0.843532
0.843749
0.843975
0.844193
0.844426
0.844652
0.844879
0.845100
0.845323
0.845541
0.845749
0.845969
0.846185
0.846397
0.846616
0.846833
0.847119
0.847338
0.847552
0.847766
0.847985
0.848187
0.848398
0.848616
0.848835
0.849042
0.849236
0.849432
0.849638
0.849845
0.850045
0.850245
0.850439
0.850637
0.850833
0.851032
0.851216
0.851414
0.851613
0.851805
0.851990
0.852202
0.852392
0.852553
0.852749
0.852946
0.853139
0.853341
0.853517
0.853711
0.853904
0.854091
0.854287
0.854477
