0.298109
0.426486
0.426059
0.425617
0.425268
0.425032
0.424805
0.424825
0.425107
0.425427
0.425855
0.426385
0.427078
0.428044
0.429078
0.430321
0.431650
0.433038
0.434647
0.436237
0.437888
0.439410
0.441095
0.442380
0.443999
0.445766
0.447385
0.448961
0.450430
0.451793
0.453266
0.454227
0.455511
0.456814
0.457727
0.458417
0.459068
0.459560
0.459833
0.459909
0.460040
0.459865
0.459398
0.458962
0.458302
0.457622
0.456877
0.456347
0.456044
0.455996
0.456304
0.456737
0.457288
0.458118
0.459101
0.460084
0.461257
0.462848
0.464160
0.465577
0.467208
0.468740
0.470288
0.471814
0.473321
0.474660
0.475949
0.477127
0.478139
0.478906
0.479481
0.480073
0.480513
0.480796
0.480905
0.480809
0.480697
0.480430
0.479956
0.479437
0.478924
0.478313
0.477706
0.477095
0.476481
0.475908
0.475374
0.474832
0.474247
0.473670
0.473168
0.472714
0.472275
0.471811
0.471297
0.470750
0.470172
0.469541
0.468966
0.468385
0.467756
