0.863019
0.863317
0.863620
0.863901
0.864152
0.864426
0.864737
0.865024
0.865314
0.865597
0.865884
0.866175
0.866490
0.866761
0.866966
0.867192
0.867315
0.867415
0.867353
0.867229
0.867031
0.866743
0.866339
0.865728
0.864917
0.863662
0.862144
0.860282
0.858172
0.855849
0.853361
0.850666
0.847822
0.844775
0.841846
0.838853
0.835690
0.832372
0.828653
0.824683
0.820589
0.816337
0.811953
0.807357
0.802467
0.797294
0.791876
0.786327
0.780712
0.774843
0.768939
0.762943
0.756853
0.750640
0.744228
0.737709
0.731103
0.724552
0.717846
0.711306
0.704806
0.698393
0.692018
0.685868
0.679949
0.674214
0.668727
0.663535
0.658426
0.653867
0.649768
0.646066
0.643371
0.641438
0.639649
0.638439
0.637843
0.637443
0.637167
0.637002
0.637167
0.637886
0.638649
0.639341
0.640185
0.641362
0.642712
0.644049
0.645324
0.646611
0.648075
0.649434
0.650748
0.652059
0.653390
0.654632
0.655886
0.657120
0.658428
0.659636
0.660998
