-0.755953
-0.735372
-0.799021
-0.851850
-1.108112
-1.279792
-1.428514
-1.609853
-1.782746
-1.786549
-1.582621
-0.853411
0.243710
1.530009
2.901267
3.249209
4.024785
4.991166
5.712759
5.816617
5.924811
5.488780
5.435448
5.981377
6.509412
7.173707
7.707715
8.065781
9.477288
11.306082
12.692876
13.972714
15.066392
15.606243
15.837645
15.499871
16.285284
15.671659
15.066062
14.656177
13.468873
11.620360
10.026220
7.631469
5.856854
3.386066
1.932635
-0.506396
-2.437108
-3.509127
-4.045576
-4.390136
-4.494372
-4.440174
-4.773660
-4.696266
-4.898528
-5.539816
-6.095363
-6.193324
-5.478194
-5.130049
-4.470674
-4.592156
-4.390458
-4.262091
-4.082726
-4.083156
-5.060490
-5.796571
-5.963122
-5.997957
-5.929738
-5.906629
-5.413462
-4.373376
-3.438803
-2.463581
-1.360078
-0.978323
-0.963040
-0.693187
-0.298719
-0.129550
0.140099
0.134695
0.172969
0.192078
0.174061
0.131356
0.436211
0.186839
0.219050
0.353610
0.199061
-0.108235
-0.170456
-0.385025
-0.312536
-0.040206
-0.079580
