0.728992
0.338754
0.797274
0.429659
0.772398
3.841508
8.769599
-0.986271
-17.495165
-18.042568
-53.481495
-41.873920
-56.273720
-13.778489
41.918793
-38.870365
-21.782547
24.419596
-5.228481
-15.479709
-12.731790
-21.222490
-12.557959
-13.163649
-9.965209
-10.625128
12.012876
16.140560
-8.135107
-21.722055
-15.670808
19.287701
-34.501034
30.865562
20.949867
31.970133
25.597979
61.396698
41.230404
-19.121517
-59.583340
-30.041544
-12.896931
16.048780
-16.493341
-21.728724
8.717877
46.672718
45.096985
63.268990
32.169991
-23.838625
-32.036133
-11.372275
-15.794886
-2.568687
-11.504468
-4.001425
-4.580623
-2.406150
-1.736308
-1.456117
0.516702
1.240042
1.095793
3.209336
5.477491
-0.514933
-1.455836
-1.380731
-1.350627
-0.997690
-0.393675
-0.293911
-0.153361
-0.424072
-0.382792
-0.058999
-0.185322
0.124488
-0.001236
0.085497
0.013313
0.135738
0.174554
0.202456
0.230802
0.194064
0.184551
0.190201
0.187148
0.171256
0.161654
0.215960
0.167183
0.105137
0.110328
0.240608
0.207484
0.182832
0.187053
