0.921521
0.921651
0.921774
0.921880
0.921965
0.922044
0.922093
0.922146
0.922231
0.922322
0.922407
0.922500
0.922608
0.922804
0.923004
0.923151
0.923250
0.923351
0.923493
0.924259
0.929118
0.933108
0.933486
0.929922
0.926350
0.922672
0.918858
0.915048
0.911077
0.907096
0.903022
0.898871
0.894648
0.890310
0.885934
0.881513
0.878426
0.879818
0.884693
0.888148
0.889294
0.889643
0.889822
0.890079
0.890137
0.890345
0.890413
0.890601
0.890728
0.890819
0.890959
0.891099
0.891236
0.891399
0.891541
0.891647
0.891812
0.891976
0.892156
0.892272
0.892429
0.892581
0.892794
0.892974
0.893200
0.893350
0.893546
0.893718
0.893848
0.894008
0.894203
0.894322
0.894494
0.894599
0.894777
0.894925
0.895075
0.895213
0.895354
0.895503
0.895634
0.895776
0.895917
0.896073
0.896209
0.896362
0.896501
0.896664
0.896796
0.896941
0.897086
0.897208
0.897374
0.897505
0.897643
0.897775
0.897906
0.898046
0.898190
0.898343
0.898490
