1.903550
2.590237
3.237688
3.748278
4.170621
4.566736
4.694515
4.948493
5.340801
5.548836
6.104795
6.695734
7.504817
8.366605
9.277437
10.852382
11.576860
12.207879
11.766445
10.390742
9.491078
8.616391
7.839695
7.166104
5.953147
6.270638
5.849925
6.360871
6.290045
6.120717
6.072313
5.453819
5.212982
5.032359
4.804173
5.131229
5.566951
4.783200
4.260457
4.256923
4.196373
3.777423
3.199220
2.821747
1.825235
0.596827
0.418663
0.867724
1.259396
1.817545
1.238257
0.171482
-0.873230
-2.376679
-1.861220
-2.386040
-2.529153
-1.938968
-0.127255
-0.868774
0.025720
1.295614
3.039322
4.068897
4.689509
5.137064
5.662706
5.109474
5.298442
4.592643
4.954498
5.555385
5.468059
5.240123
5.093902
5.118094
4.803740
4.534039
4.405786
4.313503
3.423221
3.123496
3.662062
3.534690
3.074652
2.973033
2.817264
2.887085
2.875393
2.972307
2.976533
2.967994
2.972033
3.110589
3.308273
3.352492
3.493465
3.743062
4.069563
4.373627
4.727758
