0.874390
0.874396
0.874407
0.874426
0.874440
0.874476
0.874481
0.874494
0.874515
0.874527
0.874543
0.874564
0.874574
0.874580
0.874532
0.874537
0.874403
0.874060
0.873673
0.872966
0.872139
0.871154
0.869960
0.868587
0.867116
0.865504
0.863842
0.862035
0.860069
0.857980
0.855803
0.853419
0.850723
0.847694
0.844196
0.840212
0.835634
0.830610
0.825272
0.819570
0.813523
0.807167
0.800561
0.793656
0.786530
0.779126
0.771562
0.763806
0.755882
0.747794
0.739630
0.731324
0.722941
0.714804
0.706638
0.698806
0.691256
0.684082
0.677837
0.672068
0.667184
0.662821
0.659631
0.657243
0.655239
0.653606
0.652805
0.652469
0.652405
0.652338
0.652742
0.653146
0.653859
0.654440
0.655219
0.656190
0.657177
0.658205
0.659250
0.660434
0.661737
0.663076
0.664443
0.665437
0.666956
0.668168
0.669306
0.670510
0.671491
0.672743
0.673937
0.675135
0.676378
0.677581
0.678792
0.680009
0.681213
0.682386
0.683576
0.684749
0.685912
