0.231905
0.231910
0.231924
0.231943
0.231914
0.231844
0.231883
0.231778
0.231629
0.231583
0.231569
0.231513
0.231448
0.231511
0.231605
0.231672
0.231780
0.231793
0.231876
0.232059
0.232316
0.232466
0.232893
0.233298
0.233769
0.234196
0.234859
0.235342
0.235796
0.236321
0.236811
0.237267
0.237767
0.238160
0.238311
0.238300
0.238202
0.237932
0.237332
0.236445
0.235297
0.233597
0.231677
0.230373
0.229413
0.228924
0.228706
0.228972
0.229739
0.230208
0.231141
0.232560
0.233538
0.234591
0.235991
0.237719
0.239107
0.240058
0.240794
0.241570
0.242176
0.242758
0.243272
0.243766
0.244137
0.244396
0.244660
0.244717
0.244643
0.244591
0.244535
0.244375
0.244216
0.243974
0.242985
0.242206
0.241471
0.240634
0.239960
0.239321
0.238761
0.238138
0.237570
0.237036
0.236508
0.236021
0.235539
0.235018
0.234503
0.234007
0.233526
0.233047
0.232575
0.232148
0.231747
0.231362
0.230960
0.230573
0.230131
0.229557
0.229001
