0.187697
0.161586
0.227242
0.249643
0.310820
0.550308
0.900100
1.202766
1.563634
2.015210
2.646663
3.228754
3.589162
4.304840
5.327219
6.033972
6.486600
6.730067
7.152022
7.543587
7.780598
7.979941
8.238991
8.481490
8.852415
9.115328
9.441620
9.548248
9.510463
9.184018
8.677592
8.247773
7.632951
7.244360
6.882499
6.389766
5.651872
4.896136
4.224941
3.640524
3.487536
3.322168
2.988116
2.450284
1.673291
1.368539
1.075640
1.107406
1.175566
0.905904
0.671366
0.615435
0.682628
0.855523
0.812036
0.699158
0.626077
0.613241
0.408492
0.128661
0.151997
0.054165
-0.429005
-0.758141
-0.852333
-1.092229
-1.358561
-1.805132
-2.261217
-2.402819
-2.605914
-2.642831
-2.763774
-2.857659
-2.849268
-2.855857
-2.861869
-2.888250
-2.877358
-2.830873
-2.782607
-2.771986
-2.759871
-2.878550
-2.921726
-2.951855
-2.961507
-2.992773
-2.992706
-2.996475
-3.009319
-3.021466
-3.006410
-2.973067
-2.930867
-2.898691
-2.881176
-2.951255
-2.968773
-2.975813
-3.025129
