0.866235
0.846370
0.810605
0.892107
1.052815
1.305386
1.629604
2.153516
2.990906
3.609125
4.329022
4.947525
5.090687
4.867464
3.698558
2.101176
-0.202482
-2.738636
-4.162214
-4.238020
-3.455644
-3.271199
-2.616135
-2.594183
-2.476876
-2.293534
-2.531990
-2.570026
-2.309978
-2.224684
-1.966094
-1.743016
-1.902431
-1.504398
-1.646670
-1.977336
-1.878223
-1.885979
-1.787312
-1.648878
-1.416895
-1.171234
-1.101200
-0.872377
-0.620387
-0.153347
-0.119058
0.142858
0.525898
0.510862
0.506612
0.691908
0.331367
-1.013560
-3.156184
-5.510065
-6.776828
-6.477916
-6.387980
-6.767424
-6.320563
-5.886439
-5.372563
-4.845831
-4.439162
-3.851111
-3.359875
-2.940260
-2.688149
-2.487109
-2.094053
-1.645053
-1.545112
-1.287709
-1.085285
-0.952685
-0.795520
-0.634214
-0.525866
-0.417042
-0.327618
-0.294220
-0.239282
-0.162231
-0.151667
-0.100560
-0.074698
-0.079291
-0.063644
-0.041960
-0.035718
-0.023196
-0.037570
-0.029953
-0.020782
-0.010194
-0.009872
-0.009570
0.010665
0.021009
0.042943
