-1.613433
-1.699832
-1.774280
-1.827217
-1.870854
-2.133975
-2.777035
-3.844887
-5.523952
-8.665324
-13.599470
-19.295586
-25.916870
-34.180550
-38.787823
-41.653114
-47.091839
-56.745743
-66.412270
-70.419479
-71.833794
-70.735802
-65.903534
-58.766403
-51.043102
-44.479675
-39.029514
-33.605415
-26.808178
-20.957573
-14.737582
-10.437666
-7.617747
-5.587668
-1.629847
-1.280400
0.819851
1.324412
1.370620
1.543184
2.038412
2.432739
2.837826
3.626476
4.431707
6.852141
10.239468
15.270591
25.520731
36.145046
47.135815
59.038479
68.195473
71.103172
71.088684
66.433884
62.341858
60.570835
60.397717
60.095066
59.176296
56.376019
51.646465
46.227917
40.133770
32.406136
25.782400
19.933758
15.634680
12.065695
9.348994
7.616683
6.111726
4.661359
4.031386
3.559511
3.292113
2.854244
2.505864
2.209181
1.935796
1.713325
1.496337
1.376303
1.244663
1.137976
1.068866
0.988175
0.908714
0.844555
0.759334
0.691741
0.633382
0.586241
0.543133
0.497896
0.458961
0.428334
0.405166
0.391173
0.368643
