-0.058993
-0.059005
-0.059022
-0.059045
-0.059059
-0.059065
-0.059065
-0.059064
-0.059096
-0.059110
-0.059128
-0.059130
-0.059126
-0.059108
-0.059097
-0.059112
-0.059131
-0.059196
-0.059205
-0.059236
-0.059268
-0.059316
-0.059357
-0.059375
-0.059396
-0.059424
-0.059445
-0.059487
-0.059546
-0.059640
-0.059747
-0.059832
-0.059900
-0.059942
-0.059950
-0.059956
-0.059969
-0.059926
-0.059922
-0.059943
-0.059985
-0.060036
-0.060178
-0.060380
-0.060540
-0.060677
-0.060779
-0.060857
-0.060895
-0.060843
-0.060765
-0.060669
-0.060569
-0.060445
-0.060327
-0.060269
-0.060266
-0.060286
-0.060328
-0.060402
-0.060474
-0.060496
-0.060428
-0.060340
-0.060307
-0.060246
-0.060222
-0.060208
-0.060291
-0.060340
-0.060413
-0.060476
-0.060492
-0.060504
-0.060493
-0.060504
-0.060528
-0.060578
-0.060660
-0.060767
-0.060846
-0.060951
-0.061036
-0.061102
-0.061135
-0.061122
-0.061125
-0.061141
-0.061171
-0.061201
-0.061243
-0.061324
-0.061404
-0.061442
-0.061462
-0.061436
-0.061430
-0.061453
-0.061493
-0.061533
-0.061563
