0.266149
0.419764
0.745974
1.670998
3.099030
4.204792
2.467354
0.282230
-1.420901
-0.800657
2.217510
7.468534
13.957006
19.422256
20.835125
17.269482
10.707098
3.122026
-2.714994
-3.482768
-0.746718
6.087842
14.401080
20.105307
20.710155
15.564099
4.514244
-8.383815
-15.394314
-15.981535
-11.434563
-4.459622
6.859577
18.955662
26.613836
20.874258
13.468313
3.418793
-8.675200
-19.358673
-27.543512
-28.013857
-24.795187
-14.627027
-1.120387
13.365716
25.124369
24.799587
20.658634
10.534628
-1.232813
-9.629952
-16.775774
-17.275288
-14.369400
-9.325114
-2.005485
3.234571
7.567327
10.166967
10.110549
6.708896
0.018681
-8.432278
-14.723308
-14.251373
-8.717407
0.989700
9.090525
14.460044
15.843725
13.532535
7.270557
-2.155552
-12.066577
-18.877142
-16.001768
-8.909917
1.237248
11.981160
17.767212
15.617469
10.053660
-0.265875
-10.680058
-19.879423
-21.411556
-15.702129
-5.790600
7.441879
16.213711
18.472567
14.788779
9.874177
1.946331
-5.509345
-11.401052
-12.482528
-10.768897
-7.115597
-5.106518
