0.354684
0.354660
0.354639
0.354618
0.354603
0.354611
0.354623
0.354646
0.354680
0.354742
0.354836
0.354964
0.355093
0.355241
0.355415
0.355643
0.355892
0.356161
0.356440
0.356756
0.357127
0.357519
0.357914
0.358306
0.358736
0.359174
0.359623
0.360051
0.360461
0.360866
0.361270
0.361622
0.361928
0.362205
0.362470
0.362730
0.362915
0.363062
0.363201
0.363352
0.363487
0.363597
0.363677
0.363744
0.363806
0.363843
0.363848
0.363831
0.363805
0.363745
0.363639
0.363516
0.363336
0.363142
0.362959
0.362760
0.362619
0.362520
0.362465
0.362442
0.362479
0.362531
0.362601
0.362792
0.362981
0.363265
0.363571
0.363843
0.364195
0.364569
0.364923
0.365368
0.365867
0.366311
0.366767
0.367198
0.367698
0.368195
0.368592
0.369030
0.369404
0.369742
0.370058
0.370327
0.370594
0.370812
0.371023
0.371247
0.371433
0.371621
0.371798
0.371962
0.372112
0.372254
0.372402
0.372537
0.372656
0.372768
0.372880
0.372986
0.373058
