0.741413
0.741775
0.742126
0.742474
0.742831
0.743182
0.743446
0.743621
0.743718
0.743751
0.743743
0.743693
0.743556
0.743348
0.742994
0.742493
0.741814
0.740949
0.739957
0.738831
0.737546
0.736207
0.734781
0.733250
0.731703
0.729966
0.728019
0.726044
0.724008
0.721824
0.719629
0.717419
0.715325
0.713315
0.711636
0.710348
0.709178
0.708187
0.707251
0.706146
0.704801
0.703257
0.701439
0.699456
0.697486
0.695640
0.693816
0.692022
0.690324
0.688754
0.687282
0.685882
0.684565
0.683341
0.682280
0.681419
0.680636
0.679889
0.679226
0.678646
0.678198
0.677849
0.677535
0.677289
0.677056
0.676887
0.676722
0.676583
0.676539
0.676564
0.676653
0.676744
0.676879
0.677085
0.677329
0.677610
0.677892
0.678196
0.678556
0.678926
0.679317
0.679720
0.680168
0.680626
0.681115
0.681628
0.682154
0.682681
0.683215
0.683774
0.684361
0.684948
0.685535
0.686146
0.686766
0.687384
0.688020
0.688691
0.689345
0.690022
0.690689
