-0.056089
-0.056023
-0.055970
-0.055918
-0.055959
-0.055978
-0.056005
-0.055868
-0.055809
-0.055721
-0.055662
-0.055534
-0.055505
-0.055534
-0.055664
-0.055824
-0.055976
-0.056174
-0.056398
-0.056641
-0.056880
-0.057144
-0.057389
-0.057641
-0.057945
-0.058257
-0.058590
-0.058793
-0.059009
-0.059219
-0.059330
-0.059399
-0.059462
-0.059476
-0.059546
-0.059618
-0.059695
-0.059801
-0.059949
-0.060057
-0.060143
-0.060287
-0.060347
-0.060452
-0.060561
-0.060672
-0.060722
-0.060752
-0.060813
-0.060971
-0.061099
-0.061233
-0.061358
-0.061511
-0.061665
-0.061810
-0.061941
-0.062095
-0.062211
-0.062446
-0.062589
-0.062706
-0.062854
-0.062996
-0.063133
-0.063199
-0.063238
-0.063303
-0.063370
-0.063432
-0.063452
-0.063435
-0.063478
-0.063503
-0.063521
-0.063519
-0.063449
-0.063367
-0.063294
-0.063203
-0.063097
-0.063017
-0.062892
-0.062770
-0.062606
-0.062458
-0.062275
-0.062108
-0.061951
-0.061831
-0.061853
-0.061796
-0.061712
-0.061495
-0.061310
-0.061162
-0.061025
-0.060878
-0.060751
-0.060611
-0.060506
