0.061449
0.061459
0.061470
0.061493
0.061491
0.061509
0.061497
0.061515
0.061495
0.061424
0.061376
0.061316
0.061252
0.061174
0.061133
0.061078
0.061011
0.060940
0.060879
0.060785
0.060669
0.060594
0.060511
0.060427
0.060319
0.060213
0.060087
0.059982
0.059877
0.059761
0.059653
0.059547
0.059435
0.059325
0.059205
0.059103
0.058989
0.058894
0.058802
0.058695
0.058605
0.058527
0.058462
0.058410
0.058351
0.058300
0.058238
0.058177
0.058060
0.057955
0.057870
0.057784
0.057702
0.057613
0.057543
0.057468
0.057381
0.057308
0.057262
0.057215
0.057172
0.057131
0.057087
0.057046
0.057014
0.056973
0.056947
0.056917
0.056879
0.056853
0.056818
0.056788
0.056767
0.056714
0.056703
0.056692
0.056680
0.056666
0.056655
0.056642
0.056625
0.056606
0.056586
0.056566
0.056545
0.056506
0.056498
0.056477
0.056442
0.056379
0.056354
0.056341
0.056407
0.056469
0.056476
0.056510
0.056535
0.056535
0.056516
0.056502
0.056467
