-0.310411
-0.318867
-0.361239
-0.462442
-0.648711
-0.997744
-1.430235
-1.915894
-2.573664
-3.316319
-4.168896
-4.947916
-5.873127
-6.878774
-7.480357
-7.678463
-7.760722
-8.015814
-7.895207
-7.748916
-7.586776
-7.546224
-7.595294
-7.665767
-7.771028
-7.763906
-7.616962
-7.365693
-7.058140
-6.658106
-6.175925
-5.503468
-4.780498
-3.886704
-3.002026
-2.151973
-1.257228
-0.338041
0.660874
1.815325
2.598763
3.929316
5.254564
6.169936
6.776802
7.418216
7.587719
7.846038
8.089379
8.460330
8.607598
8.662511
8.873625
9.192262
9.403281
9.438922
9.492995
9.369193
9.141874
9.036038
8.985974
8.892754
8.868922
8.737660
8.527229
8.352329
8.189472
7.963056
7.704552
7.487230
7.270642
7.111729
6.790333
6.411760
6.047883
5.705629
5.378060
5.090528
4.817373
4.569083
4.328574
4.136212
3.873623
3.531325
3.283532
3.080779
2.827880
3.553550
4.334086
5.390176
4.091605
3.672343
3.705713
3.566146
3.594546
3.522000
3.342164
3.238262
3.036621
2.878476
2.788272
