0.499487
0.499492
0.499497
0.499566
0.499623
0.499844
0.500097
0.500475
0.500983
0.501662
0.502392
0.503252
0.504254
0.505265
0.506442
0.507654
0.508939
0.510355
0.511758
0.513299
0.514954
0.516429
0.517954
0.519836
0.521681
0.523488
0.525434
0.527215
0.529130
0.531160
0.533138
0.534880
0.537002
0.539170
0.540908
0.542470
0.544608
0.546692
0.548574
0.550417
0.552103
0.553607
0.554991
0.556787
0.558663
0.560237
0.562007
0.563684
0.566034
0.567514
0.569449
0.571498
0.573596
0.575297
0.577519
0.579583
0.581476
0.583284
0.584719
0.586381
0.587888
0.589292
0.590728
0.592349
0.594061
0.595736
0.597272
0.599016
0.600918
0.602675
0.604203
0.605738
0.607420
0.609231
0.610731
0.611804
0.613664
0.615231
0.616330
0.617811
0.618930
0.619826
0.620653
0.621308
0.622457
0.623335
0.624193
0.625075
0.625850
0.626689
0.627219
0.627745
0.628154
0.628628
0.628766
0.628869
0.628801
0.628517
0.628130
0.627746
0.627322
