0.023899
0.024005
0.024081
0.024122
0.024072
0.024009
0.024001
0.024161
0.024294
0.024394
0.024455
0.024517
0.024576
0.024519
0.024039
0.023672
0.023110
0.022495
0.022074
0.021713
0.021444
0.021243
0.021246
0.021243
0.021212
0.021185
0.021109
0.021079
0.020902
0.020791
0.020541
0.020323
0.020157
0.020009
0.019872
0.019735
0.019614
0.019487
0.019353
0.019195
0.019087
0.018966
0.018840
0.018718
0.018598
0.018469
0.018355
0.018235
0.018111
0.017991
0.017878
0.017764
0.017651
0.017534
0.017416
0.017305
0.017197
0.017036
0.016932
0.016824
0.016719
0.016615
0.016506
0.016411
0.016297
0.016196
0.016091
0.015983
0.015882
0.015773
0.015672
0.015563
0.015466
0.015358
0.015252
0.015152
0.015043
0.014945
0.014839
0.014734
0.014634
0.014522
0.014427
0.014324
0.014227
0.014127
0.014017
0.013914
0.013806
0.013714
0.013602
0.013503
0.013392
0.013291
0.013181
0.013084
0.012980
0.012887
0.012785
0.012685
0.012589
