-0.540441
-0.603701
-1.029003
-2.100248
-5.154476
-14.734774
-34.394299
-58.279636
-70.376030
-71.085876
-73.804703
-73.593704
-70.562393
-64.288651
-51.222912
-39.907635
-21.460451
-3.080763
14.202763
31.444208
50.383621
63.830402
74.104660
80.784103
80.225456
79.604813
79.228111
77.806358
75.602684
69.010231
57.585491
43.544292
31.854336
23.063349
17.257090
11.786007
8.630824
7.288997
5.926097
4.846028
4.028863
3.411592
2.872329
2.462686
2.322713
2.184468
2.058716
1.878179
1.813845
1.660237
1.512144
1.432264
1.261100
1.188401
1.112438
0.983849
1.004090
0.894636
0.851194
0.814722
0.749177
0.725645
0.654872
0.615605
0.576655
0.515428
0.497198
0.473180
0.448495
0.418728
0.405996
0.368805
0.337771
0.308444
0.276751
0.273782
0.255971
0.244609
0.248173
0.227170
0.213984
0.211468
0.192805
0.184555
0.170439
0.166151
0.156062
0.153770
0.137192
0.114151
0.090488
0.089818
0.074239
0.064570
0.051313
0.041120
0.033856
0.014268
0.000247
-0.010859
-0.019163
