-1.446144
-1.442428
-1.415002
-1.401860
-1.346419
-1.298621
-1.314884
-1.470745
-1.725293
-2.015876
-2.400123
-2.857416
-3.438428
-4.098352
-4.842478
-6.063750
-6.355406
-6.713851
-6.656861
-6.595163
-6.943931
-7.435760
-7.713815
-8.359024
-8.776484
-8.565932
-8.656289
-9.143138
-9.653901
-9.871705
-10.002354
-10.366840
-10.218815
-10.271308
-10.424976
-10.230856
-10.119367
-10.107139
-10.347714
-10.395455
-10.335072
-10.334124
-10.325020
-10.343030
-10.428172
-10.545893
-10.779702
-11.180866
-11.507645
-11.770070
-12.103389
-12.297112
-12.516818
-12.594609
-12.590675
-12.525850
-12.373615
-12.482304
-12.539480
-12.639314
-12.746376
-12.388000
-11.970439
-11.764477
-11.713517
-11.438778
-11.061695
-10.753821
-10.383454
-9.962057
-9.611691
-8.774565
-7.158332
-4.784326
-1.752454
1.293975
4.694734
9.260739
13.554606
18.035902
23.205353
24.618288
27.606855
29.076181
28.951025
31.972393
32.404175
33.457890
33.480400
33.137726
32.379944
29.955317
27.123751
26.012115
24.473639
23.625437
22.759144
21.892441
20.756399
19.323093
18.121574
