0.161018
0.161029
0.161062
0.161108
0.161155
0.161237
0.161323
0.161424
0.161559
0.161701
0.161889
0.162075
0.162272
0.162546
0.162806
0.163109
0.163471
0.163825
0.164163
0.164542
0.165010
0.165461
0.165923
0.166390
0.166861
0.167358
0.167867
0.168408
0.168974
0.169505
0.170026
0.170506
0.170969
0.171461
0.171921
0.172351
0.172782
0.173284
0.173812
0.174357
0.174849
0.175347
0.175828
0.176274
0.176710
0.177170
0.177630
0.178040
0.178486
0.178902
0.179288
0.179667
0.180101
0.180461
0.180753
0.181067
0.181351
0.181604
0.181869
0.182161
0.182448
0.182749
0.183057
0.183377
0.183681
0.183975
0.184272
0.184555
0.184860
0.185201
0.185559
0.185972
0.186406
0.186861
0.187395
0.187893
0.188275
0.188636
0.189060
0.189567
0.190129
0.190673
0.191324
0.191999
0.192667
0.193328
0.194001
0.194683
0.195369
0.196009
0.196720
0.197428
0.198164
0.198886
0.199621
0.200384
0.201109
0.201879
0.202676
0.203436
0.204187
