0.310434
0.310455
0.310418
0.310363
0.310252
0.310103
0.309937
0.309726
0.309481
0.309249
0.309044
0.308830
0.308625
0.308440
0.308231
0.308017
0.307815
0.307611
0.307340
0.307114
0.306910
0.306705
0.306485
0.306283
0.306056
0.305897
0.305716
0.305526
0.305382
0.305226
0.305057
0.304907
0.304728
0.304575
0.304354
0.304200
0.304102
0.303965
0.303773
0.303626
0.303435
0.303221
0.303033
0.302892
0.302654
0.302289
0.301895
0.301488
0.301026
0.300457
0.299915
0.299322
0.298597
0.297868
0.297129
0.296323
0.295585
0.295071
0.294650
0.294195
0.293855
0.293620
0.293327
0.292968
0.292565
0.292117
0.291620
0.291029
0.290422
0.289788
0.289177
0.288331
0.287477
0.286614
0.285767
0.284947
0.284169
0.283419
0.282681
0.281974
0.281278
0.280618
0.280034
0.279477
0.278935
0.278416
0.277921
0.277432
0.276949
0.276478
0.276002
0.275472
0.274997
0.274587
0.274216
0.273814
0.273469
0.273128
0.272787
0.272475
0.272154
