-0.364488
-0.357627
-0.405360
-0.445922
-0.562303
-0.760857
-1.118297
-1.553290
-2.191341
-2.964649
-3.575850
-4.144928
-4.779500
-5.641236
-6.903091
-8.020182
-8.581516
-8.943784
-9.435805
-10.120188
-10.783701
-11.244946
-11.935603
-13.911941
-14.848042
-15.006423
-16.030386
-17.234304
-17.488733
-16.103296
-13.104359
-8.699146
-3.159530
2.057816
5.881842
11.277110
12.324186
14.761784
14.453776
12.021590
9.239785
4.671124
-0.558423
-5.805611
-9.796638
-9.453480
-7.979411
-6.738502
-6.543053
-8.031749
-9.656679
-11.346381
-12.558351
-13.564129
-14.075459
-14.625948
-14.177299
-14.601254
-15.235791
-15.627566
-16.133017
-16.721539
-17.219299
-18.030598
-18.562826
-18.782848
-19.033184
-18.681143
-16.684952
-13.699480
-9.666891
-5.578509
-1.414857
1.809163
4.927825
8.019073
10.298683
12.350425
13.652346
14.823513
15.324446
16.612926
17.508255
18.090155
18.583523
18.770971
19.517696
19.035389
18.651363
18.477896
19.256878
19.390734
19.726837
21.205313
22.305969
23.500059
24.287262
24.128658
23.820395
23.140364
22.578390
