0.295201
0.295232
0.295290
0.295386
0.295533
0.295723
0.295934
0.296199
0.296491
0.296816
0.297167
0.297534
0.297920
0.298321
0.298737
0.299189
0.299649
0.300133
0.300661
0.301197
0.301643
0.302086
0.302496
0.302998
0.303479
0.303980
0.304483
0.305008
0.305563
0.306082
0.306628
0.307178
0.307707
0.308290
0.308866
0.309411
0.309927
0.310455
0.311077
0.311601
0.312117
0.312558
0.312971
0.313367
0.313704
0.314102
0.314466
0.314792
0.315085
0.315278
0.315410
0.315552
0.315721
0.315859
0.315916
0.315972
0.315925
0.315984
0.316117
0.316299
0.316575
0.316842
0.317162
0.317620
0.318180
0.318735
0.319297
0.319888
0.320464
0.321051
0.321654
0.322284
0.322915
0.323476
0.324107
0.324775
0.325364
0.325994
0.326617
0.327159
0.327772
0.328352
0.328947
0.329511
0.329981
0.330536
0.331062
0.331524
0.331979
0.332444
0.332851
0.333241
0.333625
0.333955
0.334282
0.334595
0.334896
0.335095
0.335285
0.335453
0.335574
