-0.110975
-0.105581
-0.425949
-0.779905
-1.337673
-1.994668
-2.860636
-3.831617
-4.543077
-5.367508
-6.405929
-7.393235
-8.911683
-10.458787
-11.893383
-12.929154
-13.364864
-13.340513
-13.169649
-13.238826
-14.284502
-15.449594
-14.753474
-13.340313
-10.187702
-6.384661
-2.344172
1.163996
5.581991
8.247001
9.468759
10.608778
9.775786
8.819517
6.812665
3.080071
-2.361737
-7.192833
-9.678567
-10.537807
-14.932406
-18.695135
-21.381401
-22.830685
-23.643997
-23.722248
-22.405165
-22.115545
-22.489244
-22.538872
-23.122747
-23.181751
-22.189184
-20.766624
-19.796322
-19.515749
-18.567877
-17.464832
-14.762985
-10.880617
-5.811184
-0.834469
3.051505
8.011855
13.615594
18.749668
19.663843
18.899611
18.763090
18.083281
17.801565
17.746181
17.747784
17.543507
17.365540
17.445257
17.570902
17.322170
17.217831
17.271486
17.185143
17.569235
17.577370
17.452282
17.383247
17.004993
17.173433
17.205647
16.854717
16.264687
16.161177
15.751638
14.944893
14.818463
14.474702
14.328853
14.091481
14.127617
14.078483
14.157604
14.207990
