0.163383
0.163401
0.163431
0.163464
0.163513
0.163595
0.163712
0.163842
0.164017
0.164248
0.164512
0.164812
0.165157
0.165553
0.165960
0.166425
0.166929
0.167463
0.167996
0.168512
0.169047
0.169554
0.170037
0.170492
0.170900
0.171291
0.171624
0.171943
0.172229
0.172457
0.172653
0.172881
0.173090
0.173273
0.173459
0.173633
0.173803
0.173966
0.174215
0.174493
0.174767
0.175216
0.175697
0.176155
0.176620
0.177122
0.177621
0.178103
0.178684
0.179288
0.179910
0.180594
0.181216
0.181781
0.182373
0.182942
0.183627
0.184308
0.185027
0.185773
0.186507
0.187235
0.187966
0.188651
0.189315
0.189983
0.190646
0.191270
0.191920
0.192454
0.193075
0.193829
0.194585
0.195359
0.196090
0.196781
0.197465
0.198153
0.198803
0.199453
0.200122
0.200771
0.201399
0.202018
0.202634
0.203249
0.203804
0.204363
0.204921
0.205471
0.205965
0.206401
0.206850
0.207256
0.207655
0.208009
0.208324
0.208594
0.208833
0.209052
0.209231
