3.648953
4.039777
4.435948
4.651709
4.883830
5.175772
5.507766
5.637280
5.699456
5.679005
5.648271
5.840385
6.020233
6.252255
6.398497
6.209450
5.831395
5.245526
4.489774
4.371058
4.002704
3.606925
3.278163
2.472788
1.930783
1.434307
0.461040
-0.635977
-1.040519
-1.243945
-1.385559
-1.400049
-1.334588
-1.494683
-1.492841
-1.381201
-1.032637
-0.586880
0.016406
1.549336
2.306698
3.152612
3.731684
4.084355
4.427742
4.632011
4.812443
4.537333
4.110969
3.632700
3.801047
5.377435
8.746706
11.685025
14.952677
13.987878
11.855718
7.671155
1.499438
-6.174058
-12.722585
-16.772043
-15.436143
-11.233060
-6.224897
-1.762798
2.008538
5.204998
7.098060
8.652335
7.752684
6.649426
5.676148
5.083742
4.698395
4.442449
4.360962
4.602861
4.660753
4.537583
4.497958
4.517041
4.475563
4.333558
4.073475
3.876992
3.620013
3.431027
3.225000
3.127977
3.076693
2.952916
2.816437
2.593807
2.437728
2.196996
1.868459
1.702738
1.550697
1.426913
1.386743
