1.677125
2.124427
2.608555
3.069885
3.604527
3.797964
4.351805
4.812519
5.305575
5.594235
5.716594
5.965461
6.255205
6.563068
6.469005
6.369969
6.348249
5.994378
6.302869
6.446619
6.050200
5.382017
5.161448
4.751822
4.339867
3.859274
3.329848
2.857558
1.386190
0.242042
-0.682834
-1.962372
-3.333025
-3.823868
-3.767335
-4.258493
-4.044048
-3.738937
-3.295794
-2.963867
-2.453381
-1.591818
-0.132403
1.648636
3.080754
4.329132
5.491617
6.292274
6.148551
5.923321
3.825399
0.403580
-4.834529
-10.375943
-11.111633
-10.577513
-10.539050
-9.024403
-5.785810
-0.880415
5.037662
11.051924
17.805368
23.415136
26.812517
28.458271
29.651802
28.780611
26.481731
22.025541
17.624264
13.757017
10.103083
7.735336
6.240272
5.477597
5.133466
5.270814
5.681823
5.950589
6.016049
5.796412
5.240310
4.782209
4.461145
4.336788
3.823387
3.288030
2.693236
2.170970
1.518683
1.152551
1.153100
1.052985
0.902636
0.477206
0.244525
0.248431
0.296219
0.201767
0.166830
