0.932075
0.932099
0.932144
0.932200
0.932243
0.932289
0.932333
0.932366
0.932392
0.932422
0.932465
0.932529
0.932583
0.932576
0.932567
0.932478
0.932272
0.931911
0.931453
0.930851
0.930193
0.929414
0.928531
0.927531
0.926412
0.925190
0.923851
0.922436
0.920820
0.919152
0.917515
0.916032
0.914665
0.913202
0.912062
0.910944
0.909874
0.908902
0.907735
0.906366
0.904874
0.903261
0.901546
0.899824
0.898063
0.896348
0.894606
0.892839
0.890889
0.888683
0.886307
0.883792
0.880889
0.877805
0.874671
0.871431
0.868078
0.864569
0.861067
0.857503
0.853869
0.850189
0.846464
0.842710
0.838882
0.835035
0.831039
0.827033
0.823024
0.819007
0.814982
0.810981
0.806961
0.803011
0.799259
0.795659
0.792148
0.788967
0.785841
0.782849
0.779795
0.776819
0.773707
0.770694
0.767735
0.764945
0.762267
0.759987
0.758068
0.756269
0.754752
0.752918
0.750816
0.748283
0.745465
0.742546
0.739596
0.736634
0.733727
0.730852
0.728119
