0.970891
0.970903
0.970914
0.970927
0.970943
0.970958
0.970972
0.970985
0.970997
0.971007
0.971014
0.971021
0.971025
0.971029
0.971035
0.971043
0.971051
0.971068
0.971077
0.971085
0.971097
0.971108
0.971118
0.971131
0.971146
0.971146
0.971152
0.971149
0.971135
0.971121
0.971110
0.971085
0.971057
0.971012
0.970973
0.970913
0.970841
0.970737
0.970622
0.970501
0.970354
0.970201
0.970033
0.969818
0.969567
0.969279
0.968978
0.968651
0.968297
0.967932
0.967543
0.967131
0.966677
0.966190
0.965651
0.965103
0.964524
0.963954
0.963411
0.962802
0.962221
0.961643
0.961027
0.960401
0.959768
0.959125
0.958459
0.957763
0.957104
0.956461
0.955837
0.955202
0.954575
0.953933
0.953367
0.952721
0.952048
0.951383
0.950709
0.950017
0.949336
0.948684
0.948095
0.947506
0.946959
0.946455
0.945978
0.945536
0.945152
0.944799
0.944487
0.944206
0.943963
0.943767
0.943598
0.943436
0.943293
0.943146
0.943011
0.942903
0.942803
