0.675653
0.726920
0.746272
0.783108
0.820630
0.937226
0.974933
0.813089
0.719079
0.662761
0.584828
0.695748
0.793784
0.834338
0.798545
0.804305
0.820250
0.817460
0.786645
0.765353
0.729952
0.723228
0.702255
0.662908
0.610547
0.538989
0.519337
0.393454
0.347364
0.268370
0.267864
0.211231
0.110775
0.099210
0.095815
0.111583
0.113053
0.099704
0.067329
0.047755
0.062492
0.079174
0.069358
0.170787
0.306472
0.394544
0.433916
0.457769
0.487519
0.521749
0.502645
0.524430
0.580352
0.544520
0.500370
0.561523
0.563906
0.955462
1.054004
0.986866
1.008950
1.019120
1.013427
1.072762
1.017424
1.107400
1.145804
1.124666
1.054449
0.852484
0.716760
0.595426
0.379207
0.411950
0.490255
0.421241
0.521071
0.487122
0.476342
0.469652
0.348477
0.196339
0.014444
-0.033334
0.014450
0.080583
0.118681
0.095178
0.218793
0.090427
0.202882
0.094884
0.187173
0.099025
0.107423
0.126532
0.150116
0.133198
0.213364
0.187871
0.308681
