-0.048908
0.054252
0.422108
0.869477
1.667678
2.688620
4.006753
5.471714
6.798140
7.804977
8.555801
8.975121
9.282660
9.220310
9.378292
9.671115
9.744389
9.963039
9.986420
9.884790
9.581022
9.321237
8.679922
8.007817
7.460459
6.994644
6.319787
5.511966
4.838256
4.048536
3.225158
2.279893
1.413626
-0.037869
-0.831704
-1.516569
-2.201713
-2.544990
-2.519368
-2.306978
-1.959028
-1.795478
-1.611714
-1.609984
-0.700738
1.090422
3.304676
6.115663
8.413678
10.418411
10.666365
8.945552
5.280485
0.543143
-5.180538
-10.452820
-14.194726
-13.768227
-10.867508
-6.104460
0.143586
7.583059
14.283436
19.359631
24.135954
24.807066
24.082310
20.061104
15.080606
8.448886
0.985757
-5.168207
-10.038773
-13.310286
-10.977065
-7.618087
-0.890620
7.971859
17.858921
25.003082
25.492794
23.041069
19.759716
12.808026
5.924903
-1.244189
-4.975452
-3.236835
1.053717
6.425041
10.461532
13.243522
13.100868
9.751550
5.337931
2.225048
1.640428
3.472975
4.368814
3.392916
2.980339
