0.309180
0.385623
0.519300
0.520104
0.678615
0.703431
0.781342
0.846194
0.940906
1.031047
1.101019
1.109485
1.177501
1.202079
1.246975
1.259341
1.306326
1.377374
1.288244
1.229483
1.193440
1.190937
1.158695
1.080933
0.977543
0.901906
0.803316
0.570192
0.340469
-0.016114
-0.435436
-0.965806
-1.724556
-2.580358
-3.256137
-3.550426
-3.691312
-3.736456
-3.588004
-3.457945
-4.079927
-7.021163
-19.862684
-32.994122
-24.822542
-18.473387
-10.972360
-4.013927
-1.137785
-2.196076
0.227874
9.000598
0.536482
-3.859092
0.259663
17.100626
9.232781
68.513847
38.782463
26.070675
21.388969
18.210632
16.019094
14.266453
14.102097
14.101604
12.906500
11.430202
10.247021
9.389064
8.843779
7.878908
7.006629
6.257335
5.220551
4.643976
4.081703
3.559304
3.168721
2.808697
2.532281
2.327157
2.230320
2.128367
2.064745
1.883622
1.856789
1.700110
1.535551
1.408953
1.347511
1.275530
1.203526
1.113179
1.029641
0.940752
0.877736
0.802942
0.695854
0.605376
0.520287
