0.931732
0.931728
0.931725
0.931730
0.931740
0.931742
0.931737
0.931731
0.931728
0.931731
0.931740
0.931755
0.931765
0.931791
0.931811
0.931834
0.931839
0.931826
0.931826
0.931801
0.931781
0.931756
0.931700
0.931632
0.931562
0.931435
0.931289
0.931094
0.930899
0.930680
0.930429
0.930121
0.929796
0.929409
0.928989
0.928514
0.927973
0.927382
0.926743
0.926047
0.925323
0.924571
0.923768
0.922922
0.922029
0.921069
0.920012
0.918892
0.917721
0.916489
0.915188
0.913824
0.912388
0.910901
0.909314
0.907676
0.905956
0.904252
0.902453
0.900607
0.898711
0.896762
0.894766
0.892709
0.890588
0.888438
0.886256
0.884051
0.881822
0.879572
0.877319
0.875053
0.872746
0.870428
0.868071
0.865717
0.863340
0.860972
0.858612
0.856254
0.853926
0.851620
0.849354
0.847090
0.844928
0.842793
0.840693
0.838701
0.836763
0.834849
0.833083
0.831390
0.829770
0.828289
0.826870
0.825548
0.824313
0.823110
0.821943
0.820850
0.819782
