0.939510
0.939517
0.939527
0.939536
0.939543
0.939548
0.939551
0.939553
0.939558
0.939566
0.939571
0.939574
0.939578
0.939587
0.939596
0.939611
0.939620
0.939623
0.939626
0.939623
0.939607
0.939562
0.939526
0.939467
0.939405
0.939337
0.939249
0.939154
0.939033
0.938887
0.938724
0.938535
0.938309
0.938046
0.937730
0.937360
0.936924
0.936403
0.935814
0.935208
0.934565
0.933872
0.933137
0.932343
0.931508
0.930635
0.929728
0.928778
0.927799
0.926774
0.925710
0.924655
0.923555
0.922479
0.921392
0.920321
0.919247
0.918169
0.917075
0.915999
0.914919
0.913819
0.912748
0.911680
0.910609
0.909438
0.908192
0.906836
0.905412
0.903903
0.902386
0.900857
0.899324
0.897790
0.896279
0.894797
0.893330
0.891884
0.890484
0.889177
0.887924
0.886704
0.885608
0.884542
0.883535
0.882608
0.881777
0.880971
0.880212
0.879538
0.878918
0.878345
0.877830
0.877409
0.876997
0.876682
0.876393
0.876100
0.875847
0.875605
0.875364
