2.386350
2.397325
2.399469
2.400783
2.401296
2.394186
2.417480
2.410894
2.393024
2.203302
2.192464
2.159573
2.166447
2.170476
2.104533
2.083837
2.051427
2.027544
2.026403
2.038215
2.022249
2.049611
2.049075
2.030365
2.038313
2.031639
2.039431
2.032854
2.051050
2.020588
1.969744
1.977732
2.017300
1.951677
1.962242
1.917385
1.891765
1.872296
1.902768
1.935918
1.970814
2.021476
2.050944
2.043149
2.021370
1.980706
1.953538
1.991645
2.120087
2.111437
2.089795
2.012477
1.968121
1.958639
2.019860
1.990755
1.988880
1.955172
1.959706
1.973092
1.999488
2.013129
1.994371
2.067239
2.079848
2.051726
1.947820
1.834834
1.757968
1.661684
1.547008
1.323107
1.083022
0.991525
0.919543
0.855885
0.778857
0.514771
0.170014
-0.197783
-0.592420
-0.936932
-1.270250
-1.351765
-1.393661
-1.248025
-0.616777
1.612464
3.834699
6.207512
8.425785
9.758883
10.564227
10.103930
8.774122
8.036875
7.265012
6.470522
5.964353
5.744628
5.006314
