-0.161469
-0.161466
-0.161465
-0.161461
-0.161455
-0.161438
-0.161407
-0.161346
-0.161271
-0.161218
-0.161158
-0.161128
-0.161127
-0.161098
-0.161048
-0.160998
-0.160941
-0.160869
-0.160827
-0.160744
-0.160656
-0.160606
-0.160604
-0.160671
-0.160710
-0.160760
-0.160778
-0.160802
-0.160767
-0.160762
-0.160694
-0.160670
-0.160694
-0.160772
-0.160833
-0.160974
-0.161105
-0.161246
-0.161317
-0.161381
-0.161418
-0.161377
-0.161274
-0.161153
-0.161045
-0.160966
-0.160932
-0.160921
-0.160957
-0.161022
-0.161068
-0.161110
-0.161103
-0.161057
-0.160970
-0.160845
-0.160624
-0.160379
-0.160210
-0.159962
-0.159762
-0.159681
-0.159644
-0.159632
-0.159578
-0.159497
-0.159449
-0.159429
-0.159425
-0.159457
-0.159424
-0.159428
-0.159489
-0.159527
-0.159558
-0.159612
-0.159677
-0.159749
-0.159820
-0.159895
-0.159974
-0.160086
-0.160169
-0.160255
-0.160345
-0.160438
-0.160540
-0.160622
-0.160707
-0.160812
-0.160907
-0.161006
-0.161101
-0.161187
-0.161266
-0.161332
-0.161378
-0.161430
-0.161487
-0.161544
-0.161604
