0.931025
0.931065
0.931099
0.931127
0.931147
0.931167
0.931194
0.931225
0.931261
0.931294
0.931316
0.931333
0.931364
0.931421
0.931432
0.931477
0.931475
0.931457
0.931451
0.931438
0.931417
0.931366
0.931303
0.931193
0.931048
0.930886
0.930718
0.930520
0.930304
0.930064
0.929791
0.929495
0.929172
0.928824
0.928455
0.928047
0.927597
0.927085
0.926556
0.925992
0.925371
0.924712
0.924025
0.923286
0.922521
0.921728
0.920920
0.920054
0.919118
0.918128
0.917066
0.915994
0.914899
0.913753
0.912603
0.911427
0.910195
0.908992
0.907753
0.906462
0.905066
0.903609
0.902053
0.900441
0.898735
0.897120
0.895480
0.893780
0.892048
0.890309
0.888521
0.886723
0.884905
0.883039
0.881104
0.879254
0.877337
0.875399
0.873394
0.871336
0.869328
0.867191
0.865080
0.862917
0.860755
0.858599
0.856406
0.854227
0.852078
0.849941
0.847986
0.846108
0.844425
0.842668
0.840894
0.839157
0.837489
0.835975
0.834659
0.833399
0.832213
