0.071300
0.071321
0.071348
0.071374
0.071385
0.071366
0.071350
0.071355
0.071410
0.071448
0.071463
0.071460
0.071454
0.071443
0.071431
0.071409
0.071403
0.071418
0.071396
0.071384
0.071357
0.071329
0.071306
0.071284
0.071273
0.071174
0.071115
0.071048
0.070981
0.070917
0.070818
0.070728
0.070666
0.070562
0.070479
0.070392
0.070294
0.070180
0.070052
0.069935
0.069827
0.069754
0.069664
0.069576
0.069484
0.069400
0.069280
0.069182
0.069080
0.068975
0.068876
0.068754
0.068479
0.068404
0.068176
0.068046
0.067819
0.067604
0.067304
0.066931
0.066650
0.066303
0.065983
0.065742
0.065504
0.065308
0.065094
0.064911
0.064737
0.064519
0.064315
0.064014
0.063673
0.063340
0.063135
0.062886
0.062676
0.062456
0.062238
0.062135
0.062026
0.061968
0.061934
0.061906
0.061872
0.061869
0.061862
0.061845
0.061838
0.061857
0.061878
0.061819
0.061780
0.061706
0.061708
0.061676
0.061660
0.061642
0.061606
0.061596
0.061563
