-0.128200
-0.129381
-0.127459
-0.149418
-0.257961
-0.335823
-0.486294
-0.674926
-0.770671
-0.927015
-1.191404
-1.594972
-2.158554
-2.822216
-3.559313
-4.130914
-4.477017
-4.885046
-5.313692
-5.745231
-6.377312
-6.904345
-7.238268
-7.557987
-7.883106
-8.467902
-9.251840
-9.896946
-10.330771
-10.630159
-10.858362
-11.402833
-11.549040
-11.769277
-11.913415
-11.751520
-11.541233
-11.883812
-12.472746
-12.919423
-12.806674
-12.072145
-11.385565
-10.979562
-10.347919
-10.586719
-10.414830
-9.872751
-10.259392
-11.282930
-13.283655
-14.563798
-16.200932
-17.599974
-19.287762
-20.960226
-23.347290
-25.392235
-25.219351
-23.057505
-20.369568
-17.579651
-15.214391
-13.154953
-11.535682
-8.770311
-7.934244
-6.744144
-6.453142
-6.048187
-3.953287
-2.353037
0.367536
2.274181
4.059226
5.278524
6.939604
8.382388
9.342534
9.992916
12.332614
14.468861
15.868526
15.040794
14.111504
13.510928
13.453323
14.179034
15.592590
16.720179
16.928787
16.890554
16.831560
17.157825
17.446404
17.938486
18.480192
18.873295
19.526726
20.157602
20.618153
