-0.496768
-0.496688
-0.500048
-0.602042
-0.849716
-1.171737
-0.092433
-0.251176
-0.515491
-1.175677
-2.217748
-3.423909
-5.081783
-6.972291
-9.687221
-13.047322
-18.903944
-28.927130
-42.831844
-56.505856
-66.532654
-64.891930
-64.124268
-63.508427
-61.109409
-58.725964
-57.780529
-56.833221
-52.469105
-44.415291
-28.985012
-10.172136
11.330600
26.348433
36.472607
45.715176
59.089993
59.892754
53.698883
51.733444
46.419792
38.746494
38.062992
37.255672
27.284910
10.697675
-13.620768
-34.106758
-55.806541
-71.416344
-82.200470
-90.191231
-89.455368
-88.864197
-82.411339
-77.337654
-69.519463
-60.542522
-42.154072
-21.647465
5.730835
31.462511
45.334774
59.270195
71.286583
82.255455
75.721611
81.368446
77.266785
68.896927
59.230469
49.502151
45.126869
44.365868
39.525085
32.379810
14.956434
-11.864130
-33.348503
-59.515835
-90.833153
-106.578911
-108.345116
-100.639130
-86.791252
-74.227745
-60.040249
-37.667931
-0.863961
39.279083
66.380592
76.207146
85.873604
95.439331
98.573975
85.937225
23.902340
-56.920544
-99.534721
-107.985054
-114.847954
