0.773863
0.774785
0.775641
0.776410
0.777147
0.777914
0.778682
0.779468
0.780333
0.781299
0.782302
0.783106
0.783921
0.784653
0.785389
0.786012
0.786499
0.786975
0.787588
0.787522
0.787127
0.786473
0.785398
0.784047
0.782369
0.780312
0.777940
0.775125
0.772195
0.768938
0.765496
0.761841
0.758071
0.754103
0.750027
0.745738
0.741482
0.737143
0.733142
0.729327
0.726266
0.723363
0.720550
0.717848
0.715485
0.713017
0.710413
0.707510
0.704242
0.700567
0.696644
0.692566
0.688467
0.684144
0.679527
0.674411
0.668801
0.662744
0.656249
0.649472
0.642528
0.635158
0.627490
0.619513
0.611496
0.603397
0.595241
0.586949
0.578679
0.570430
0.562196
0.553887
0.545604
0.537192
0.528476
0.519920
0.511139
0.502427
0.493882
0.485561
0.477451
0.469680
0.462386
0.455525
0.449188
0.443029
0.437164
0.431578
0.426215
0.421098
0.416902
0.413183
0.410508
0.408575
0.407158
0.406535
0.406456
0.407080
0.408127
0.409259
0.410811
