0.430844
0.430390
0.430020
0.429812
0.429602
0.429511
0.429681
0.430201
0.430853
0.431409
0.432285
0.433359
0.434500
0.435827
0.437365
0.438964
0.440480
0.442026
0.443831
0.445595
0.447287
0.448910
0.450529
0.452396
0.454219
0.455646
0.456936
0.458046
0.459600
0.461247
0.463122
0.464884
0.465971
0.467712
0.469910
0.472046
0.473996
0.475673
0.477238
0.478863
0.480395
0.482007
0.483891
0.485956
0.487744
0.489147
0.490345
0.491375
0.492278
0.493089
0.493771
0.494321
0.494565
0.494377
0.493731
0.492883
0.491888
0.490857
0.489716
0.488554
0.487270
0.485955
0.484543
0.483084
0.481496
0.480775
0.480017
0.479642
0.479594
0.479963
0.480470
0.481211
0.482163
0.483356
0.484828
0.486318
0.487756
0.489206
0.490684
0.492110
0.493611
0.495363
0.496966
0.498631
0.500625
0.502137
0.503571
0.504929
0.506249
0.507400
0.508340
0.509030
0.509597
0.510013
0.510320
0.510554
0.510610
0.510646
0.510428
0.510184
