-0.068382
-0.160009
-0.291992
-0.279801
-0.350710
-0.532080
-0.802765
-2.167365
-3.086510
-3.753828
-4.406444
-5.012425
-5.836524
-5.955768
-6.189631
-6.737063
-7.374897
-7.811042
-7.893138
-7.981698
-7.481021
-6.983883
-6.268477
-3.875586
0.490567
8.099807
14.242399
16.922369
15.836139
12.279737
7.503721
-0.367223
-12.387291
-19.929689
-22.084200
-20.527643
-17.508425
-14.385283
-9.491387
-3.744376
0.576864
3.529736
3.240999
3.209181
3.230491
3.392862
3.256929
2.787379
2.560801
2.448681
2.969698
3.866007
6.576067
8.488256
10.656137
12.084626
12.689428
12.776086
12.049993
11.468211
10.770982
8.832397
6.978519
2.947063
-0.807622
-4.185434
-6.946890
-7.503662
-6.875998
-6.216216
-5.779602
-5.378009
-4.955381
-4.836204
-4.560680
-4.222084
-3.807029
-3.502746
-3.306743
-2.529175
-2.464592
-1.918690
-1.866682
-2.017796
-1.281615
-1.022364
-0.644758
-0.345121
-0.120069
-0.100162
0.177773
0.552284
0.699452
0.880641
1.164983
1.175379
1.208296
1.392719
1.453887
1.669527
1.883631
