-0.403878
-0.427825
-0.540011
-0.749315
-1.077271
-1.468323
-1.903416
-2.548913
-3.591853
-5.876445
-8.123016
-10.667382
-13.452082
-16.077808
-17.798401
-20.824106
-22.950781
-23.359550
-22.840456
-22.194387
-21.857992
-21.308239
-20.870497
-19.944603
-19.310856
-19.168081
-18.146542
-16.678928
-13.385864
-8.967916
-2.917418
0.854794
2.523096
5.773993
9.207220
8.627633
5.596453
0.781304
-4.124562
-7.997485
-10.012348
-11.008785
-11.312478
-12.483955
-15.115858
-18.837378
-22.470617
-25.384678
-26.819956
-26.913111
-27.293339
-27.559303
-28.034985
-28.574722
-28.903952
-29.017864
-28.825869
-28.013432
-26.784472
-25.401747
-23.594021
-21.417274
-19.042576
-16.087606
-13.418263
-8.952474
-1.131690
6.491470
14.195294
19.894487
22.602694
24.593365
25.768877
26.569040
26.679415
25.920551
24.674919
23.558619
22.647541
22.017626
21.883705
22.505447
24.020988
24.716236
26.125175
26.855906
26.690832
27.157259
27.377342
26.976984
26.607433
25.821869
25.040173
24.068661
23.540352
22.770325
21.692373
20.765644
19.592062
18.513874
17.561913
