0.172879
0.172852
0.172832
0.172813
0.172796
0.172779
0.172764
0.172768
0.172780
0.172829
0.172926
0.173037
0.173146
0.173283
0.173479
0.173680
0.173901
0.174144
0.174439
0.174744
0.175071
0.175408
0.175786
0.176188
0.176624
0.177038
0.177500
0.177995
0.178531
0.179071
0.179621
0.180144
0.180652
0.181123
0.181560
0.181965
0.182350
0.182697
0.182940
0.183170
0.183394
0.183582
0.183756
0.183925
0.184046
0.184123
0.184179
0.184335
0.184519
0.184716
0.185018
0.185351
0.185786
0.185953
0.186127
0.186523
0.187108
0.187618
0.188139
0.188684
0.189301
0.189941
0.190553
0.191116
0.191665
0.192260
0.192812
0.193392
0.193994
0.194624
0.195265
0.195903
0.196533
0.197146
0.197781
0.198416
0.198994
0.199570
0.200159
0.200742
0.201415
0.202058
0.202682
0.203178
0.203704
0.204245
0.204759
0.205218
0.205688
0.206096
0.206513
0.206923
0.207285
0.207649
0.207943
0.208247
0.208505
0.208744
0.208974
0.209187
0.209419
