0.962503
0.962523
0.962542
0.962561
0.962584
0.962611
0.962637
0.962660
0.962675
0.962684
0.962688
0.962690
0.962691
0.962697
0.962722
0.962740
0.962761
0.962780
0.962800
0.962827
0.962849
0.962851
0.962849
0.962846
0.962817
0.962750
0.962669
0.962572
0.962460
0.962320
0.962162
0.961989
0.961813
0.961602
0.961383
0.961125
0.960807
0.960439
0.960088
0.959622
0.959069
0.958445
0.957602
0.956737
0.955766
0.954719
0.953592
0.952345
0.951023
0.949583
0.948091
0.946552
0.944958
0.943329
0.941634
0.939897
0.938083
0.936195
0.934341
0.932490
0.930611
0.928759
0.926885
0.925002
0.923077
0.921129
0.919385
0.917729
0.916134
0.914553
0.912988
0.911519
0.910052
0.908705
0.907370
0.906114
0.904918
0.903821
0.902711
0.901678
0.900649
0.899688
0.898797
0.897984
0.897201
0.896434
0.895685
0.894923
0.894168
0.893451
0.892853
0.892273
0.891748
0.891302
0.890844
0.890442
0.890077
0.889817
0.889524
0.889263
0.889063
