-1.894924
-1.308153
-0.994348
-1.318315
0.626543
7.210493
19.784578
9.889374
-11.605240
-1.604945
-7.816456
-10.682261
-10.059808
-8.362563
-6.668869
-5.360689
-3.839325
-3.303948
-2.891932
-2.821700
-2.806729
-2.691765
-2.222363
-1.787117
-1.622877
-1.545855
-1.516616
-1.223849
-0.911034
-0.620221
-0.603211
-0.507605
-0.488044
-0.369627
-0.237777
-0.129576
-0.148355
-0.180583
-0.133881
-0.014687
-0.189342
-0.236372
-0.174739
-0.211831
-0.185219
-0.131041
-0.109073
0.016052
-0.138297
0.059961
0.610826
-3.472490
-8.676798
-16.940588
-23.304760
-20.568939
-14.165440
-10.327334
-6.035016
-3.376640
-2.564790
-2.024988
-2.023362
-1.719241
-1.074413
-0.576646
-0.554343
-0.342797
-0.317485
-0.149904
-0.023690
0.014120
0.034256
-0.011558
-0.018352
0.032262
0.138629
0.206520
0.255790
0.261279
0.274937
0.312353
0.381671
0.438519
0.394757
0.415877
0.430685
0.442124
0.452766
0.493012
0.505570
0.500871
0.508436
0.505860
0.490288
0.481058
0.484844
0.460596
0.464788
0.457104
0.461187
