2.078825
-0.457752
-1.407828
-1.998155
-4.320097
-8.425656
-17.700657
-8.395665
3.511344
25.715549
40.130711
71.104256
26.173326
-1.156669
54.085350
33.868717
14.708062
0.776901
2.483639
1.226417
0.599061
0.438182
0.594267
0.965514
0.154197
0.863493
0.568905
0.876513
1.024993
1.120977
1.062185
1.382289
1.827088
1.198396
1.364990
1.161648
1.204609
1.096210
1.045996
1.041813
1.086695
1.123807
1.135178
1.166599
1.261976
1.158004
1.274898
1.343747
1.450578
1.490712
1.369609
1.244226
1.139813
1.088205
2.023436
0.756712
-1.022310
-4.200769
-11.959517
-17.432659
-21.294695
-23.110430
-16.810724
-12.137402
-6.443485
-3.986021
-3.617410
-2.839410
-1.963205
-1.397706
-0.654935
-0.199436
0.104159
0.099671
0.429878
0.763286
1.011831
1.277890
1.478849
1.660295
1.576485
1.750606
1.787726
1.820514
1.764042
1.703008
1.703328
1.731557
1.700719
1.746819
1.764437
1.785913
1.813391
1.895780
1.905379
1.973010
2.020776
2.036351
2.059648
2.092156
2.126976
