0.175223
0.175605
0.175899
0.176088
0.176242
0.176352
0.176449
0.176458
0.176422
0.176386
0.176381
0.176396
0.176468
0.176528
0.177051
0.176961
0.177008
0.177032
0.176883
0.176639
0.176294
0.175793
0.175216
0.174309
0.173165
0.171808
0.170136
0.168169
0.165933
0.163474
0.160938
0.158105
0.155049
0.151798
0.148374
0.144728
0.140846
0.136786
0.132602
0.128189
0.123626
0.118897
0.114029
0.109106
0.104156
0.099091
0.093877
0.088681
0.083437
0.078045
0.072726
0.067481
0.062087
0.056837
0.051825
0.046728
0.041586
0.036483
0.031674
0.026795
0.022155
0.017725
0.013651
0.009410
0.005435
0.001715
-0.001652
-0.004792
-0.007856
-0.010513
-0.012497
-0.014055
-0.015402
-0.016796
-0.017532
-0.018315
-0.018605
-0.018564
-0.018545
-0.018529
-0.018669
-0.018472
-0.018556
-0.018838
-0.019119
-0.019399
-0.019960
-0.020541
-0.020988
-0.021730
-0.021944
-0.021958
-0.021854
-0.021472
-0.020949
-0.020231
-0.019384
-0.018525
-0.017622
-0.016547
-0.015411
