1.646576
1.519476
1.287321
1.004599
0.723089
0.616638
0.134783
-0.568120
-1.267784
-1.181699
-1.420429
-1.373859
-1.195418
-1.177172
-1.141790
-0.714861
-0.610382
-0.525969
-0.364386
-0.007082
0.214804
-0.033373
-0.026033
-0.885142
1.711820
5.707789
8.786077
10.692025
12.709805
12.404313
12.334272
13.623801
13.670606
13.421758
14.223320
13.857366
13.182103
14.403908
13.344449
12.126680
11.700387
11.348137
10.945136
10.463806
10.072276
9.577987
9.744067
8.705997
8.489444
7.697040
7.327281
8.578966
9.132806
9.563951
9.891811
10.334078
9.601936
8.787136
8.322027
7.542465
6.922679
6.195725
5.765931
5.326984
4.947844
4.894259
4.780371
4.423340
4.026952
3.828312
3.649630
3.445052
3.358711
3.277706
3.215340
3.229912
3.182072
3.163179
3.095965
2.919694
2.663607
2.621132
2.607291
2.575817
2.505234
2.494963
2.470819
2.419966
2.409206
2.341014
2.287261
2.268886
2.247452
2.253972
2.250134
2.207938
2.219010
2.240567
2.257405
2.236164
2.242007
