0.262939
0.262540
0.262166
0.262116
0.262154
0.262519
0.263099
0.263885
0.265091
0.266428
0.267841
0.269800
0.271310
0.272974
0.274795
0.276718
0.278866
0.281021
0.283086
0.285305
0.287581
0.289807
0.292104
0.294439
0.296881
0.299264
0.301621
0.303904
0.306503
0.309134
0.311826
0.314481
0.316807
0.319481
0.321978
0.324307
0.326597
0.329342
0.331802
0.334427
0.337318
0.340154
0.342188
0.344524
0.346771
0.349106
0.351540
0.354181
0.356740
0.359567
0.362597
0.365519
0.368039
0.370540
0.373294
0.376014
0.378976
0.381651
0.384372
0.387073
0.389799
0.392454
0.395356
0.398031
0.400829
0.403488
0.405949
0.408634
0.411242
0.413815
0.416449
0.419205
0.421956
0.424267
0.425983
0.428171
0.430462
0.433751
0.436146
0.438685
0.440411
0.442652
0.444686
0.446923
0.452299
0.454809
0.457011
0.459213
0.461391
0.463310
0.465327
0.467295
0.469168
0.470604
0.472139
0.472990
0.473797
0.474341
0.474651
0.475045
0.475294
