-3.844512
-3.970137
-4.043305
-4.245953
-4.288925
-4.248434
-4.180188
-3.077567
-1.704188
-0.752057
0.702664
0.275357
-0.562771
-0.641014
-0.756669
0.333250
0.742016
0.751042
0.631624
0.750643
1.056908
1.274125
1.314017
1.520812
1.674549
1.673001
2.447068
2.595031
3.876765
3.470380
3.424263
3.171758
2.536134
2.348811
1.097836
2.101869
1.428217
1.903746
1.043943
1.446232
2.649531
3.672374
4.129375
4.580069
3.129157
2.637809
4.906236
3.017746
3.056908
3.405155
3.418331
4.038417
4.387909
5.258256
5.817216
7.172994
8.351357
9.019992
7.353816
6.094319
4.568935
7.378010
6.822478
7.617215
7.862948
8.319537
7.179062
7.000271
6.950039
7.704882
7.322413
6.612863
5.978075
6.579373
5.971969
5.723990
5.557190
3.910745
3.012738
2.052413
2.953186
1.877367
1.539647
2.101842
2.496560
1.849171
-0.092383
-0.266252
-0.779092
-2.871864
-2.063735
-1.964729
-3.151998
-0.834483
0.278842
-0.191919
-1.612197
-2.394935
-2.994041
-3.676972
-3.137812
