-1.640025
-1.696864
-1.737289
-1.901355
-2.168897
-2.374652
-2.692183
-3.236130
-3.964052
-4.883369
-5.901604
-6.806739
-8.050236
-9.746524
-11.328317
-12.909573
-14.489738
-17.337599
-17.851477
-18.155014
-17.863344
-18.556625
-19.529713
-20.321787
-21.245073
-21.665457
-21.996773
-22.104879
-22.616693
-23.135057
-22.223436
-20.042658
-16.819115
-15.058553
-15.076291
-16.002052
-17.564877
-19.080870
-19.922209
-20.553841
-21.233030
-21.592690
-21.563929
-21.397234
-20.672884
-20.904007
-20.936264
-21.428900
-21.285727
-20.717934
-19.231411
-17.945124
-17.123766
-16.924355
-17.359726
-17.654869
-18.140661
-18.071449
-17.661209
-16.456055
-15.301704
-13.992423
-12.116112
-8.456228
-3.294067
2.071113
7.645103
14.596391
19.263889
22.495733
24.640013
27.202692
29.377537
31.935001
33.902618
35.875477
36.947117
36.569229
34.806976
32.404942
30.148956
27.828703
25.659540
23.714169
22.359276
21.916897
21.556993
21.091640
20.994431
20.994596
21.188154
21.016075
20.642395
20.058807
19.574778
18.984219
18.469124
17.828358
17.210154
16.690191
16.195168
