6.642233
6.826023
7.040051
7.228209
7.391403
7.667479
8.028145
9.101022
10.873919
13.507410
15.208120
14.889368
15.284396
15.305337
16.515844
16.614864
17.593445
18.374929
18.667269
19.009363
17.172138
14.589275
12.435806
11.303349
13.761973
14.215634
16.020056
17.315992
16.357679
14.809597
13.844031
12.647317
10.931123
9.522669
8.617610
7.593151
7.646780
8.917516
10.212914
11.451385
11.617146
10.489300
8.713828
5.775739
2.514872
-0.390356
-2.104777
0.438984
7.506275
10.558199
14.291407
14.859599
12.457434
3.968038
-3.362581
-11.425628
-17.150862
-18.577488
-14.791953
-9.178607
-4.356325
1.555253
8.467216
13.262089
11.580572
8.262887
3.900995
2.818919
1.884797
1.558699
1.656115
-1.058631
-0.111096
2.548882
4.209114
4.580004
5.989125
5.851194
4.530225
3.477575
3.560390
3.920249
4.154361
4.060215
4.042179
3.917983
3.769416
3.894231
3.589600
3.566229
3.678254
3.662720
3.841983
3.422307
3.016758
2.714488
2.515506
2.176550
1.878642
1.793824
1.795915
