-2.233397
-2.363771
-2.510430
-2.779626
-3.178337
-3.887504
-4.960343
-6.313051
-7.597897
-8.924591
-10.330176
-12.048497
-14.399045
-16.878443
-19.376060
-21.149025
-22.489000
-23.953577
-24.661438
-25.749344
-26.487677
-27.021690
-27.639637
-28.289040
-28.883648
-29.890842
-30.317141
-30.955244
-31.153360
-31.604147
-31.823191
-31.949329
-32.731380
-32.701138
-31.575268
-31.706425
-31.973125
-31.184559
-30.306973
-28.450224
-25.315956
-20.943230
-15.684096
-10.095334
-3.526416
1.997260
5.651047
10.001221
12.017837
13.717369
16.163338
19.295460
22.487230
24.755932
27.666586
29.632826
30.415588
29.448645
27.049213
24.111275
22.413723
25.776880
28.037073
31.164371
33.311722
36.504890
38.902222
34.947830
28.665848
23.463184
21.276659
21.293167
22.953047
26.522537
30.001064
31.538410
30.428379
23.498587
14.207890
3.433093
-4.459101
-6.150839
-0.948084
6.607457
12.276050
16.856012
18.051151
13.626243
10.722180
4.250973
-4.080524
-10.889696
-11.168880
-6.852761
2.451557
9.322593
14.717761
16.043596
15.647717
13.358358
10.098877
