-0.257404
-0.131686
-0.053910
0.001557
0.052909
0.134707
0.270714
0.315807
0.412690
0.159337
-0.112281
-0.634633
-1.133591
-1.578940
-2.417387
-2.719456
-3.530562
-3.879266
-5.077483
-5.779992
-5.720503
-4.852562
-4.490954
-2.774018
-2.396097
-2.146431
-1.647601
-1.398436
-1.778452
-2.196529
-2.237562
-0.021640
0.631340
0.958859
-2.018055
-3.390718
-5.297116
-14.671309
-16.336805
-16.041317
-18.004765
-18.004856
-16.255775
-15.729237
-13.502181
-10.974916
-8.274737
-5.974660
-4.137851
-3.276525
-3.254175
-2.634956
-1.476618
1.475284
4.721185
6.021239
10.844523
11.376943
7.044573
5.143416
1.791925
-4.530273
-0.202752
9.536365
14.603699
19.683867
18.974752
10.101180
4.548025
3.194409
0.585438
3.440977
5.425242
6.770729
8.875683
11.732780
21.344040
16.016521
7.321916
0.900213
0.541355
1.378483
1.489578
3.396407
6.478373
14.284622
13.577847
17.691505
14.033369
5.033669
-16.404409
-29.546494
-28.774708
13.365719
21.745943
23.308510
22.136312
23.849001
24.509544
13.029943
-0.043026
