0.563847
0.428944
0.126485
-0.309576
-0.770573
-1.150384
-1.592481
-2.256835
-3.191899
-4.940782
-6.290303
-7.677615
-8.020375
-8.298882
-8.586560
-8.738172
-8.742107
-8.890164
-9.008886
-8.886514
-8.680964
-8.590180
-8.515685
-8.052578
-7.777641
-7.405601
-6.872485
-6.647432
-6.325164
-5.851228
-4.759253
-3.777948
-3.150915
-1.572753
0.430474
2.067125
3.917433
4.094671
3.593459
2.660071
1.280490
-0.482136
-2.244627
-2.836880
-1.500486
2.339889
8.121346
12.370585
11.206720
5.294057
-2.187747
-10.777707
-19.703209
-21.386736
-15.452738
-5.876147
10.654370
25.928633
27.619169
16.537451
5.018215
-8.236499
-16.453823
-19.047096
-10.983772
3.217220
18.060635
27.022976
29.696573
28.667784
20.627565
10.384475
4.391412
5.139405
7.280965
11.983778
15.857003
20.495405
25.623894
30.676779
29.655706
22.293947
14.432688
9.138490
8.598798
10.675385
12.163627
10.417634
11.376326
12.144938
13.422894
13.048968
11.079967
7.700715
3.276430
0.026811
-0.437701
0.096394
1.773851
3.228931
3.506173
