-0.815061
-0.815637
-0.816244
-0.816884
-0.817561
-0.818256
-0.818976
-0.819694
-0.820373
-0.821015
-0.821656
-0.822206
-0.822687
-0.823098
-0.823428
-0.823539
-0.823758
-0.824324
-0.824476
-0.824736
-0.825069
-0.825173
-0.824904
-0.824338
-0.823605
-0.821448
-0.816602
-0.810148
-0.805530
-0.802721
-0.801604
-0.800452
-0.799391
-0.798462
-0.797831
-0.796915
-0.795495
-0.793777
-0.790721
-0.785517
-0.779830
-0.773203
-0.767997
-0.767541
-0.767162
-0.766993
-0.767303
-0.767497
-0.767488
-0.766702
-0.765404
-0.762557
-0.756108
-0.748913
-0.742978
-0.742841
-0.742782
-0.742702
-0.742242
-0.740736
-0.739008
-0.734143
-0.729218
-0.729011
-0.729317
-0.729694
-0.730223
-0.730937
-0.731700
-0.732348
-0.733102
-0.733740
-0.734403
-0.735127
-0.735820
-0.736458
-0.737071
-0.737637
-0.738148
-0.738692
-0.739218
-0.739701
-0.740183
-0.740614
-0.741072
-0.741523
-0.741960
-0.742395
-0.742812
-0.743279
-0.743752
-0.744151
-0.744554
-0.745013
-0.745486
-0.745913
-0.746312
-0.746694
-0.747128
-0.747514
-0.747890
