5.562918
5.193508
4.759562
4.368689
4.018106
3.684038
3.943502
3.928077
4.327931
4.001627
4.831302
5.650150
7.457080
7.361077
8.300773
10.173046
13.711539
15.890023
15.419461
25.449076
65.077141
103.841278
53.917255
33.639351
47.746780
48.111485
39.136097
29.696032
20.484756
20.543674
31.505362
62.570171
146.126266
190.852158
102.771751
49.332874
9.356273
27.019714
44.598022
35.546394
20.817738
22.506468
26.558289
30.140837
40.281837
92.704018
96.729988
78.241051
33.153355
62.253437
34.097294
36.783764
34.827599
42.733677
93.367577
140.227768
99.507454
65.604767
56.699585
29.934118
15.490363
10.442181
8.346500
5.428670
5.280735
4.840384
3.900267
3.865655
3.653400
4.271787
3.418181
3.300500
3.294072
3.577548
3.636564
3.431493
3.241961
3.135836
2.988136
2.904176
2.848533
2.886018
2.860882
2.766086
2.765070
2.736940
2.664884
2.626371
2.582746
2.653079
2.628690
2.643452
2.647510
2.655892
2.663683
2.707689
2.706920
2.730783
2.753289
2.780397
2.811818
