3.909309
3.249334
2.728233
1.974841
1.149584
0.427066
-0.045022
-1.387335
-4.130626
-9.510998
-16.505739
-23.844219
-26.407406
-24.105492
-5.633413
61.469181
114.709389
56.340355
47.582550
52.317688
35.633942
7.294145
-57.624737
-119.026306
-161.563477
-162.872620
-125.826385
-22.898241
119.021027
180.303970
144.203796
116.838974
94.065407
43.685154
-19.652653
-57.428879
-71.610107
-81.592941
-91.091103
-74.825539
16.325390
143.534088
172.239532
97.727379
19.646793
-30.605398
-55.107166
-56.549515
-35.449738
-3.355569
97.415474
0.327830
-20.576254
-30.166254
-30.251881
-24.968714
-20.058430
-15.174146
-11.896181
-9.927429
-7.957873
-6.168240
-4.739058
-3.875144
-2.796820
-2.219979
-1.691655
-1.211704
-0.601561
-0.252311
-0.179715
-0.141557
-0.145005
-0.133888
-0.102570
-0.050776
-0.059152
0.038982
0.075253
0.061134
-0.021351
-0.081724
-0.059951
0.005421
0.049388
0.154195
0.218691
0.320048
0.390510
0.459149
0.609011
0.736444
0.780289
0.842723
0.938958
0.984431
0.993201
0.986032
0.949666
0.917387
0.949796
