0.120361
0.120361
0.136475
0.171631
0.216675
0.197021
0.239136
0.167725
0.194824
0.243042
0.162476
0.187134
0.188965
0.185913
0.207031
0.174194
0.160278
0.129028
0.155151
0.096313
0.180298
0.149902
0.175049
0.185303
0.173706
0.126831
0.009521
0.136230
0.222412
0.224121
0.279785
0.288330
0.114136
0.033569
0.271484
0.244019
0.103027
-0.436646
-0.270508
-0.191895
-0.235352
-0.241211
-0.354248
-0.178955
-0.131470
-0.058838
-0.014648
-0.010376
-0.041992
-0.075073
-0.101929
-0.112915
-0.125244
-0.053955
-0.108032
-0.072510
-0.080078
-0.138062
-0.145874
-0.038452
0.143921
0.812378
0.663208
0.331665
0.106934
-0.480469
-0.430298
-0.308472
-0.300659
-0.232178
-0.154419
-0.244629
-0.275635
-0.244385
-0.162598
-0.115112
-0.174072
-0.282715
-0.111816
0.112671
0.471680
0.529785
0.222656
-0.021118
-0.358154
-0.234131
-0.301147
-0.205078
-0.164551
-0.130737
-0.211914
-0.221558
-0.180908
-0.207642
-0.234375
-0.209595
-0.231689
-0.259155
-0.261963
-0.230225
-0.218628
