0.899594
0.899579
0.899729
0.899837
0.899959
0.900064
0.900159
0.900238
0.900304
0.900380
0.900464
0.900586
0.900673
0.900947
0.900709
0.899770
0.897107
0.892843
0.887144
0.880818
0.873936
0.866512
0.858692
0.850599
0.842421
0.834264
0.826045
0.817599
0.809227
0.801005
0.793159
0.785939
0.779268
0.773541
0.768121
0.762999
0.758349
0.754103
0.750136
0.746641
0.743372
0.740455
0.737805
0.735337
0.733175
0.731243
0.729659
0.728267
0.727034
0.725915
0.724897
0.723994
0.723143
0.722349
0.721702
0.721142
0.720756
0.720628
0.720608
0.720665
0.720798
0.720938
0.721274
0.721586
0.721995
0.722228
0.722634
0.723084
0.723515
0.724026
0.724490
0.725009
0.725531
0.726145
0.726748
0.727396
0.728074
0.728746
0.729405
0.730054
0.730727
0.731382
0.732033
0.732654
0.733399
0.734130
0.734865
0.735604
0.736111
0.736905
0.737373
0.737866
0.738337
0.739065
0.739301
0.739874
0.740573
0.741469
0.742237
0.743085
0.743859
