0.291507
0.291522
0.291523
0.291496
0.291486
0.291509
0.291585
0.291730
0.291904
0.292111
0.292328
0.292478
0.292746
0.293099
0.293472
0.293842
0.294194
0.294618
0.295092
0.295614
0.296135
0.296598
0.297073
0.297661
0.298265
0.298839
0.299332
0.299833
0.300502
0.301144
0.301683
0.302159
0.302574
0.303021
0.303537
0.304065
0.304539
0.304916
0.305224
0.305593
0.305946
0.306330
0.306677
0.306867
0.307076
0.307317
0.307558
0.307883
0.308193
0.308402
0.308515
0.308572
0.308527
0.308424
0.308242
0.308090
0.308003
0.308112
0.308263
0.308543
0.308809
0.309165
0.309573
0.310003
0.310467
0.310971
0.311502
0.312154
0.312788
0.313386
0.313937
0.314614
0.315322
0.316077
0.316735
0.317386
0.318009
0.318665
0.319341
0.319967
0.320581
0.321180
0.321797
0.322422
0.322951
0.323424
0.323884
0.324387
0.324896
0.325333
0.325752
0.326085
0.326373
0.326696
0.326955
0.327144
0.327334
0.327472
0.327644
0.327749
0.327803
