-0.056965
-0.078742
-0.184232
-0.268952
-0.316799
-0.400189
-0.472419
-0.548161
-0.643078
-0.745222
-0.823676
-0.840035
-0.907409
-0.971893
-0.998276
-1.043212
-1.094425
-1.205505
-1.151699
-1.226676
-1.289072
-1.439564
-1.521374
-1.611451
-1.714379
-1.799710
-1.941484
-2.225067
-2.474600
-2.628761
-2.805634
-2.956107
-3.171284
-3.428493
-2.824194
-3.099292
-3.091945
-2.833815
-3.395718
-3.565122
-3.702573
-4.262767
-4.341094
-4.220069
-3.938647
-4.289903
-4.538308
-4.286323
-4.295074
-4.221795
-2.643499
-0.831958
-0.389612
0.383656
0.682400
1.379487
2.090895
2.709981
3.062329
3.569935
4.203404
4.764866
4.901199
5.056499
5.149306
5.147785
5.142566
5.244142
5.688303
5.832863
5.922545
6.007290
6.110661
6.116645
6.085746
5.924003
5.794064
5.600877
5.450415
5.254376
5.035459
4.939456
4.863951
4.769128
4.699017
4.630964
4.398463
4.319739
4.209980
4.095765
4.019953
3.827496
3.717747
3.658236
3.578096
3.368117
3.296507
3.298892
3.154964
2.996810
2.873752
