0.049710
0.049700
0.049696
0.049694
0.049711
0.049749
0.049799
0.049844
0.049880
0.049920
0.049968
0.049998
0.050066
0.050184
0.050287
0.050399
0.050476
0.050541
0.050569
0.050602
0.050632
0.050633
0.050641
0.050651
0.050643
0.050575
0.050469
0.050327
0.050136
0.049901
0.049669
0.049473
0.049297
0.049180
0.049019
0.048936
0.048895
0.048851
0.048787
0.048727
0.048597
0.048451
0.048251
0.048039
0.047813
0.047582
0.047388
0.047183
0.047016
0.046833
0.046673
0.046540
0.046253
0.046085
0.045866
0.045729
0.045583
0.045375
0.045253
0.045065
0.044923
0.044838
0.044754
0.044660
0.044551
0.044434
0.044307
0.044155
0.044014
0.043842
0.043795
0.043776
0.043748
0.043686
0.043629
0.043567
0.043529
0.043505
0.043482
0.043476
0.043453
0.043438
0.043440
0.043458
0.043460
0.043456
0.043449
0.043482
0.043510
0.043522
0.043545
0.043592
0.043645
0.043710
0.043763
0.043809
0.043867
0.043908
0.043949
0.043989
0.044038
