0.693940
0.694992
0.696046
0.697047
0.698013
0.699012
0.700079
0.701172
0.702170
0.703182
0.704248
0.705364
0.706464
0.707508
0.708471
0.709107
0.708475
0.707236
0.705102
0.702153
0.698540
0.694116
0.689022
0.682829
0.676307
0.669410
0.662163
0.654515
0.646610
0.638585
0.630400
0.622127
0.613862
0.605454
0.596992
0.588551
0.580061
0.571516
0.562963
0.554474
0.546007
0.537559
0.528969
0.520573
0.512181
0.503797
0.495085
0.486547
0.477556
0.468478
0.459228
0.449941
0.440625
0.431649
0.422411
0.413198
0.404056
0.395110
0.386096
0.377230
0.368378
0.359611
0.350894
0.342309
0.333621
0.325039
0.316512
0.308048
0.299469
0.290714
0.281727
0.272669
0.263644
0.254463
0.245417
0.236489
0.227958
0.219622
0.211842
0.205006
0.198735
0.193391
0.188744
0.184661
0.182089
0.180406
0.179658
0.179975
0.180700
0.181876
0.183726
0.186029
0.188845
0.192264
0.195903
0.199950
0.204360
0.208976
0.213683
0.218573
0.223605
