-0.006406
-0.006246
-0.006094
-0.005940
-0.005816
-0.005721
-0.005647
-0.005631
-0.005594
-0.005661
-0.005768
-0.005876
-0.006457
-0.006658
-0.006933
-0.007260
-0.007449
-0.007757
-0.007917
-0.008167
-0.008244
-0.008339
-0.008584
-0.008826
-0.009100
-0.009326
-0.009592
-0.009895
-0.010198
-0.010509
-0.010783
-0.011110
-0.011469
-0.011855
-0.012132
-0.012385
-0.012539
-0.012606
-0.012659
-0.012482
-0.012172
-0.011879
-0.011632
-0.011332
-0.010937
-0.010418
-0.009906
-0.009336
-0.008830
-0.008366
-0.007909
-0.007495
-0.007100
-0.006720
-0.006389
-0.006101
-0.005893
-0.005827
-0.005794
-0.005812
-0.006024
-0.006363
-0.006672
-0.006931
-0.007180
-0.007463
-0.007756
-0.008044
-0.008319
-0.008627
-0.008936
-0.009197
-0.009541
-0.009839
-0.010200
-0.010527
-0.010835
-0.011190
-0.011517
-0.011884
-0.012193
-0.012522
-0.012867
-0.013202
-0.013587
-0.013889
-0.014170
-0.014416
-0.014628
-0.014832
-0.015023
-0.015204
-0.015332
-0.015464
-0.015602
-0.015693
-0.015801
-0.015870
-0.015941
-0.016045
-0.016116
