-0.035693
-0.035619
-0.035537
-0.035450
-0.035367
-0.035305
-0.035247
-0.035191
-0.035145
-0.035082
-0.035012
-0.034917
-0.034855
-0.034762
-0.034616
-0.034452
-0.034264
-0.034006
-0.033880
-0.033748
-0.033656
-0.033527
-0.033395
-0.033270
-0.033155
-0.033096
-0.033002
-0.032953
-0.032884
-0.032816
-0.032798
-0.032786
-0.032841
-0.032990
-0.033166
-0.033324
-0.033557
-0.033806
-0.034060
-0.034333
-0.034623
-0.034916
-0.035175
-0.035391
-0.035595
-0.035796
-0.035897
-0.035990
-0.036126
-0.036253
-0.036474
-0.036668
-0.036866
-0.037005
-0.037129
-0.037138
-0.037322
-0.037493
-0.037655
-0.037824
-0.037977
-0.038087
-0.038271
-0.038507
-0.038704
-0.038913
-0.039112
-0.039308
-0.039483
-0.039649
-0.039758
-0.039868
-0.039990
-0.040107
-0.040215
-0.040339
-0.040425
-0.040519
-0.040605
-0.040698
-0.040794
-0.040855
-0.040943
-0.041017
-0.041103
-0.041189
-0.041347
-0.041338
-0.041329
-0.041345
-0.041363
-0.041344
-0.041352
-0.041356
-0.041365
-0.041357
-0.041373
-0.041377
-0.041375
-0.041362
-0.041357
