0.231547
0.231543
0.231566
0.231625
0.231697
0.231812
0.231960
0.232152
0.232407
0.232695
0.233017
0.233341
0.233680
0.234062
0.234437
0.234858
0.235281
0.235677
0.236080
0.236499
0.236896
0.237257
0.237566
0.237878
0.238199
0.238501
0.238757
0.238953
0.239084
0.239170
0.239192
0.239195
0.239190
0.239167
0.239112
0.239013
0.238928
0.238810
0.238678
0.238546
0.238433
0.238376
0.238366
0.238406
0.238486
0.238623
0.238802
0.239026
0.239301
0.239621
0.239993
0.240375
0.240765
0.241269
0.241739
0.242210
0.242699
0.243128
0.243575
0.244053
0.244544
0.244946
0.245351
0.245746
0.246112
0.246435
0.246731
0.247010
0.247234
0.247447
0.247630
0.247799
0.247959
0.248080
0.248174
0.248258
0.248324
0.248375
0.248417
0.248456
0.248483
0.248498
0.248491
0.248486
0.248527
0.248491
0.248499
0.248481
0.248465
0.248442
0.248428
0.248410
0.248399
0.248377
0.248363
0.248350
0.248338
0.248330
0.248330
0.248313
0.248313
