1.918530
1.934619
1.945553
1.961897
1.942883
1.878908
1.824463
1.692912
1.536330
1.187018
0.896662
0.437780
0.095293
-0.185174
-0.319737
-0.672755
-1.129448
-1.632301
-1.878699
-1.480378
0.351383
0.802968
0.487797
0.619059
1.031182
1.918815
1.921291
2.535767
1.375008
1.035634
0.587212
-0.517919
-1.064552
-2.264669
-3.385709
-4.839774
-5.555701
-4.461356
-2.916066
-3.172082
-4.007916
-3.026756
-2.101689
-1.284410
0.575305
2.782107
5.718768
8.034175
10.998774
13.973866
19.108707
19.252478
17.274803
16.016560
14.623009
13.684300
12.002969
10.974533
11.447087
10.922122
10.385712
10.053185
9.080259
8.076530
8.240178
8.665961
8.666054
8.485556
7.853357
8.067085
7.845113
7.510454
6.178587
5.920886
5.319789
6.046257
6.644884
7.252204
7.793457
7.977632
8.321145
9.029158
9.336394
9.785782
10.057811
10.602558
11.043049
9.793093
7.307320
-2.013267
-9.226819
-6.688979
-5.497967
-3.021011
-2.465356
-1.341301
-1.220788
-0.206517
0.283638
0.781630
1.749963
