0.365829
0.171148
0.038373
-0.184918
-0.404607
-0.609887
-0.736564
-0.778183
-0.843265
-0.773547
-0.450422
-0.069527
0.369408
1.013856
1.723061
2.281246
2.521533
2.953518
3.368644
3.612137
3.936612
4.363763
5.313703
5.930124
6.877545
8.115681
9.970770
12.289921
14.708026
16.066187
16.442226
16.446470
16.206427
15.720903
14.549885
13.606684
12.100140
9.845438
6.801920
3.136703
-0.479815
-3.192108
-5.164579
-6.331271
-6.724019
-5.105200
-4.661618
-4.666253
-4.808992
-4.470669
-4.400506
-3.676357
-3.312986
-2.695759
-2.453722
-1.758327
-0.912923
-0.202561
0.756949
1.874918
2.859361
3.884392
4.434552
5.036972
5.678720
6.175380
6.636082
7.371779
7.799601
8.303080
8.537423
8.552592
8.601627
8.521530
8.254363
7.993237
7.706399
7.402087
7.168204
6.862800
6.756465
6.815072
6.737243
6.309625
5.828498
5.544515
5.184757
4.960849
4.728178
4.617238
4.315063
4.134075
3.945979
3.844012
3.763460
3.611726
3.494483
3.520767
3.383328
3.271034
3.163017
