0.055324
0.055324
0.055383
0.055515
0.055728
0.055928
0.057016
0.058987
0.061010
0.061452
0.060793
0.060049
0.059574
0.059277
0.059145
0.059120
0.059144
0.059216
0.059308
0.059421
0.059576
0.059711
0.059871
0.060011
0.060165
0.060303
0.060416
0.060594
0.060842
0.061203
0.061449
0.061673
0.061918
0.062207
0.062534
0.062850
0.063211
0.063636
0.063926
0.064165
0.064472
0.064881
0.065170
0.065428
0.065684
0.065937
0.066177
0.066415
0.066686
0.066912
0.067106
0.067140
0.066534
0.065772
0.066764
0.069361
0.070899
0.071540
0.071928
0.072199
0.072324
0.072303
0.072212
0.072092
0.071987
0.071979
0.071944
0.071864
0.071783
0.071745
0.071753
0.071759
0.071767
0.071772
0.071799
0.071831
0.071884
0.071870
0.071889
0.071909
0.071932
0.071962
0.071984
0.072007
0.071965
0.071935
0.071931
0.071898
0.071886
0.071877
0.071863
0.071866
0.071865
0.071859
0.071861
0.071868
0.071871
0.071859
0.071864
0.071876
0.071884
