0.737739
1.131759
1.778200
2.392092
2.973870
3.498856
3.854852
4.136137
4.327144
4.244469
4.302617
4.265858
4.339730
4.419584
4.507879
4.528004
4.508548
4.524526
4.468974
4.495388
4.498587
4.691422
4.865000
4.975055
5.059020
5.028903
4.864417
4.632107
4.054695
3.504941
3.174017
3.250528
3.404077
3.460535
3.671604
3.190510
2.889213
2.550452
2.172654
1.962381
1.817544
1.750793
1.593783
1.568988
1.599126
1.846260
1.665213
1.547145
1.388579
1.627308
1.392256
1.127821
0.906382
0.809386
0.684636
0.672659
0.827772
0.918532
1.157992
1.429880
1.554317
1.710143
1.649682
1.558831
1.457798
1.520120
1.603621
1.640166
1.666987
1.722364
1.726444
1.686018
1.589535
1.460037
1.388428
1.367458
1.280803
1.093162
0.953610
0.841280
0.789412
0.718852
0.662083
0.695830
0.717498
0.775794
0.872995
0.999103
1.098749
1.185389
1.212716
1.329071
1.319570
1.505920
1.398177
1.256934
0.996596
0.837126
0.702753
0.511970
0.270894
