-0.244589
-0.244571
-0.244556
-0.244563
-0.244556
-0.244511
-0.244484
-0.244416
-0.244319
-0.244223
-0.244094
-0.243980
-0.243850
-0.243748
-0.243651
-0.243533
-0.243446
-0.243400
-0.243362
-0.243366
-0.243372
-0.243352
-0.243375
-0.243420
-0.243416
-0.243379
-0.243363
-0.243336
-0.243282
-0.243213
-0.243164
-0.243108
-0.243046
-0.242978
-0.242913
-0.242833
-0.242751
-0.242685
-0.242608
-0.242526
-0.242450
-0.242366
-0.242292
-0.242220
-0.242170
-0.242106
-0.242038
-0.242016
-0.241958
-0.241919
-0.242003
-0.241903
-0.241963
-0.241951
-0.241921
-0.241865
-0.241831
-0.241788
-0.241758
-0.241728
-0.241676
-0.241671
-0.241604
-0.241548
-0.241498
-0.241416
-0.241359
-0.241343
-0.241305
-0.241239
-0.241194
-0.241131
-0.241029
-0.240980
-0.240935
-0.240893
-0.240849
-0.240808
-0.240769
-0.240717
-0.240672
-0.240639
-0.240596
-0.240549
-0.240516
-0.240477
-0.240433
-0.240391
-0.240346
-0.240299
-0.240254
-0.240219
-0.240177
-0.240138
-0.240098
-0.240057
-0.240020
-0.239982
-0.239948
-0.239913
-0.239870
