-0.095867
-0.095725
-0.095581
-0.095417
-0.095125
-0.094786
-0.094385
-0.093917
-0.093315
-0.092558
-0.091580
-0.090566
-0.089511
-0.088312
-0.087040
-0.085691
-0.084346
-0.083070
-0.081720
-0.080546
-0.079878
-0.079252
-0.078807
-0.078427
-0.078193
-0.077947
-0.077660
-0.077390
-0.077144
-0.076902
-0.076657
-0.076408
-0.076176
-0.075957
-0.075656
-0.075352
-0.075095
-0.074874
-0.074641
-0.074317
-0.073854
-0.073292
-0.072682
-0.071978
-0.071260
-0.070287
-0.069179
-0.068061
-0.066690
-0.065259
-0.063658
-0.062070
-0.060593
-0.059168
-0.057767
-0.056414
-0.055178
-0.054103
-0.053114
-0.052063
-0.051131
-0.050257
-0.049585
-0.048885
-0.048363
-0.047798
-0.047431
-0.046979
-0.046516
-0.046070
-0.045698
-0.045340
-0.045006
-0.044664
-0.044330
-0.044009
-0.043693
-0.043382
-0.043104
-0.042822
-0.042522
-0.042220
-0.041933
-0.041643
-0.041362
-0.041067
-0.040787
-0.040505
-0.040231
-0.039959
-0.039684
-0.039416
-0.039139
-0.038867
-0.038594
-0.038338
-0.038079
-0.037810
-0.037553
-0.037289
-0.037034
