0.861178
0.924186
1.039824
1.221317
1.373888
1.637963
1.989944
2.416662
2.821608
3.414775
4.266638
5.176345
5.775057
6.080455
5.772604
4.795895
3.486723
2.073199
0.593813
-0.369302
-1.803606
-2.829665
-3.589403
-3.763648
-3.496645
-3.284437
-3.066163
-2.929308
-2.755306
-2.614690
-2.465048
-2.371314
-2.337467
-2.184299
-2.128689
-1.994382
-1.913350
-1.782202
-1.523835
-1.257637
-1.008994
-0.946918
-0.706371
-0.235955
0.539097
1.133592
2.284988
3.683429
6.109804
7.074456
7.569946
6.615536
5.527042
4.350184
2.959549
1.929960
0.670665
-0.395364
-1.101714
-1.967893
-2.266305
-2.241668
-2.243153
-2.369470
-2.756218
-2.727753
-3.018244
-2.948765
-2.863590
-2.471677
-2.211946
-2.017503
-1.891372
-1.855641
-1.782796
-1.736280
-1.574792
-1.411287
-1.352775
-1.245938
-1.143526
-1.081966
-1.033226
-0.972122
-0.948945
-0.909973
-0.888278
-0.875189
-0.851630
-0.820747
-0.785257
-0.737025
-0.687110
-0.662095
-0.608598
-0.573234
-0.537706
-0.511497
-0.499633
-0.479352
-0.472511
