0.020793
-0.017638
-0.058163
-0.210935
-0.630745
-1.084817
-1.641600
-2.599205
-3.667593
-5.191882
-7.143561
-8.790486
-10.562716
-13.014482
-14.992960
-17.522943
-21.145666
-23.461760
-25.299143
-28.011904
-29.720722
-30.697544
-31.528259
-32.522526
-33.464836
-34.552155
-34.233665
-33.602581
-33.464989
-32.677074
-32.171867
-31.803621
-30.840101
-29.314154
-27.319448
-24.301815
-20.151287
-13.598037
-4.672816
4.792613
11.687690
16.367165
19.422979
23.349178
25.474445
25.551945
25.023235
24.215363
23.696157
23.784288
24.674358
25.656673
26.100611
26.338514
26.410564
26.263029
26.041914
26.190990
26.984585
27.725325
28.137650
28.218784
27.630209
26.728340
25.321985
24.439367
23.648855
22.384548
21.012941
18.730646
16.735952
17.035126
16.209623
16.566570
15.764834
13.519937
10.726324
6.290837
-0.025687
-4.717196
-5.638781
-4.773464
-4.476067
-5.213470
-4.983311
-4.540240
-3.381239
-2.043922
-0.557969
0.570451
1.744091
2.893645
3.915362
4.629473
5.431084
6.381233
7.348697
8.378960
9.111447
9.737659
9.637018
