4.691195
5.066513
5.698796
6.656576
7.752098
8.904868
10.088323
12.195266
13.817510
14.830988
16.483345
18.747614
23.122766
21.257900
20.094048
19.566608
18.517086
16.777864
16.537729
15.763686
15.009000
13.676608
12.138219
11.655468
10.589420
10.361873
9.607644
7.621106
6.120905
3.831633
1.823308
2.524273
3.676724
4.518023
4.919802
3.799511
3.652281
4.756332
5.370753
5.743612
5.497546
4.782017
5.325434
5.886745
6.529339
8.012759
8.016908
8.321002
10.006374
8.364814
7.184927
6.769446
5.520145
4.535163
3.541301
3.021195
4.262123
4.999321
5.160098
4.627082
3.673593
3.524536
2.672383
1.654098
1.507206
1.288456
1.282936
0.808897
0.830686
2.442852
4.404644
5.468871
6.774490
11.550699
17.042015
25.081427
21.832428
23.511971
20.880959
14.815763
5.658834
-8.431111
-24.064388
-28.752785
-30.250673
-33.295670
-29.410957
-25.827002
-22.911280
-20.310461
-17.206398
-14.968461
-12.660531
-10.726894
-8.898366
-7.087502
-5.618987
-4.317663
-4.048658
-3.932133
-4.106773
