4.955511
6.278528
7.425979
8.757912
9.486502
10.804545
12.161264
13.392546
14.367468
14.814128
14.752754
14.921571
15.193067
15.060518
14.696619
13.881383
12.955535
11.550150
10.963778
10.744891
10.474005
9.635887
8.562688
7.133772
6.745837
5.782644
4.679757
3.818875
3.064282
3.429188
3.141807
3.932696
2.979334
2.400963
1.955775
1.923700
1.788763
2.231535
2.408020
2.835896
3.678241
4.859318
5.993433
6.598852
6.678644
6.447489
6.330369
6.309203
6.458637
6.451320
6.467580
6.578394
6.527422
6.422035
6.360495
6.270385
6.010300
5.513677
5.023997
4.511762
4.082922
4.039285
4.478425
6.021324
9.048600
12.889056
17.209225
22.268145
28.333948
32.628017
38.365704
41.565121
37.257679
24.704561
4.873407
-18.982422
-33.429756
-46.752552
-51.317055
-51.022755
-47.872337
-42.513489
-36.189342
-29.952127
-24.577398
-20.283133
-16.565998
-13.331065
-10.769953
-8.940150
-7.653584
-6.895854
-6.665585
-6.679685
-6.669632
-6.548753
-6.506716
-6.746952
-6.206581
-6.023420
-6.091175
