0.917490
0.917509
0.917514
0.917521
0.917526
0.917556
0.917635
0.917763
0.917896
0.918062
0.918230
0.918303
0.918480
0.918632
0.918937
0.919409
0.920074
0.920523
0.920097
0.918786
0.916416
0.913319
0.909936
0.906384
0.902736
0.898994
0.895078
0.891161
0.887260
0.883478
0.880069
0.876983
0.874350
0.872270
0.870673
0.869642
0.868775
0.868079
0.867612
0.867647
0.867805
0.867944
0.868194
0.868517
0.868940
0.869215
0.869515
0.869793
0.870097
0.870369
0.870673
0.870954
0.871241
0.871510
0.871790
0.872062
0.872356
0.872627
0.872916
0.873204
0.873497
0.873774
0.874052
0.874319
0.874595
0.874885
0.875150
0.875428
0.875689
0.875967
0.876230
0.876490
0.876751
0.877025
0.877284
0.877549
0.877818
0.878081
0.878359
0.878623
0.878898
0.879160
0.879424
0.879692
0.879955
0.880201
0.880458
0.880718
0.880982
0.881235
0.881481
0.881742
0.881992
0.882237
0.882487
0.882744
0.883001
0.883246
0.883499
0.883745
0.884002
