0.537965
0.538259
0.538551
0.538839
0.539139
0.539450
0.539772
0.540004
0.540152
0.540158
0.540067
0.539783
0.539266
0.538448
0.537407
0.536218
0.534873
0.533371
0.531567
0.529567
0.527291
0.524866
0.522217
0.519265
0.516012
0.512471
0.508698
0.504772
0.500685
0.496382
0.491908
0.487344
0.482726
0.478061
0.473315
0.468654
0.464071
0.459561
0.455380
0.451592
0.448058
0.445008
0.442465
0.440240
0.438344
0.436774
0.435442
0.434209
0.433345
0.432570
0.431943
0.431447
0.431014
0.430708
0.430470
0.430357
0.430350
0.430435
0.430628
0.430876
0.431137
0.431500
0.431940
0.432416
0.432952
0.433574
0.434291
0.435073
0.435885
0.436742
0.437631
0.438579
0.439597
0.440685
0.441830
0.443079
0.444338
0.445685
0.447007
0.448351
0.449693
0.451090
0.452527
0.453978
0.455422
0.456876
0.458370
0.459832
0.461300
0.462752
0.464221
0.465734
0.467265
0.468767
0.470216
0.471690
0.473155
0.474611
0.476086
0.477529
0.478976
