0.041419
0.041427
0.041423
0.041414
0.041422
0.041459
0.041473
0.041507
0.041567
0.041632
0.041690
0.041755
0.041803
0.041867
0.041940
0.041999
0.042084
0.042159
0.042236
0.042304
0.042346
0.042388
0.042398
0.042417
0.042326
0.042290
0.042256
0.042215
0.042157
0.042051
0.041937
0.041774
0.041650
0.041468
0.041272
0.041093
0.040932
0.040768
0.040598
0.040449
0.040311
0.040206
0.040086
0.039947
0.039808
0.039643
0.039427
0.039207
0.038966
0.038705
0.038433
0.038177
0.037920
0.037676
0.037422
0.037156
0.036898
0.036599
0.036325
0.036057
0.035813
0.035603
0.035412
0.035240
0.035016
0.034843
0.034703
0.034605
0.034465
0.034343
0.034199
0.034088
0.033937
0.033787
0.033703
0.033605
0.033510
0.033408
0.033246
0.033116
0.032962
0.032780
0.032570
0.032311
0.032105
0.031889
0.031611
0.031381
0.031110
0.030851
0.030631
0.030415
0.030215
0.029992
0.029818
0.029625
0.029461
0.029293
0.029147
0.029028
0.028871
