2.015643
2.423338
2.829867
3.306398
3.784973
4.146743
4.310497
4.528955
4.699070
4.717531
5.054436
5.264440
5.321366
5.215271
5.113496
5.125368
5.225238
5.454423
5.469652
5.470653
5.134988
5.018887
4.424717
3.747944
4.544906
6.029180
8.589557
11.352491
13.472400
13.625035
12.903104
12.356197
10.438078
8.230551
3.691902
-2.284358
-9.423784
-15.210111
-16.365826
-14.488435
-12.438779
-8.332335
-3.978527
-0.970692
1.167984
0.878020
0.282249
-0.736425
-1.635294
-2.575846
-3.019587
-3.674801
-4.304956
-4.056982
-4.095141
-4.244627
-4.733948
-4.959154
-5.241803
-5.521446
-5.612637
-5.889993
-5.768625
-5.644611
-4.765757
-4.603631
-4.478161
-4.281329
-4.000439
-3.894489
-3.820190
-3.557944
-3.406417
-3.109533
-2.941104
-2.473664
-1.769548
-1.000599
0.134979
1.057633
1.878399
2.902518
3.804744
4.053507
4.252652
3.960994
4.249105
4.232589
4.201300
4.498111
4.499309
4.752958
4.698331
4.855980
4.895092
4.659402
4.387699
4.388066
4.270066
4.428483
4.667530
