0.865361
0.865389
0.865417
0.865424
0.865434
0.865447
0.865484
0.865531
0.865569
0.865593
0.865613
0.865636
0.865665
0.865686
0.865699
0.865741
0.865698
0.865654
0.865633
0.865557
0.865438
0.865279
0.865049
0.864723
0.864361
0.863940
0.863431
0.862868
0.862229
0.861517
0.860709
0.859723
0.858626
0.857331
0.855966
0.854476
0.852861
0.851149
0.849356
0.847402
0.845352
0.843148
0.840800
0.838326
0.835795
0.833228
0.830617
0.827938
0.824996
0.821886
0.818750
0.815503
0.812144
0.808715
0.805180
0.801565
0.798041
0.794403
0.790734
0.786976
0.783244
0.779471
0.775531
0.771594
0.767622
0.763488
0.759327
0.755080
0.750893
0.746819
0.742640
0.738519
0.734520
0.730746
0.727106
0.723708
0.720855
0.718109
0.715444
0.712881
0.710253
0.707845
0.705441
0.703326
0.701385
0.699463
0.697865
0.696354
0.694997
0.693807
0.692964
0.692308
0.691711
0.691165
0.690917
0.690768
0.690703
0.690745
0.690946
0.691275
0.691792
