2.347712
2.347054
2.343729
2.335091
2.332283
2.331294
2.333431
2.330669
2.327934
2.332723
2.307462
2.320356
2.320812
2.299620
2.272344
2.234030
2.243498
2.231723
2.224121
2.213428
2.222769
2.324163
2.354748
2.366125
2.386729
2.381001
2.382249
2.393418
2.409499
2.363885
2.346324
2.347357
2.291887
2.280448
2.296804
2.265723
2.237168
2.190307
2.204665
2.207585
2.201493
2.203665
2.190377
2.200017
2.181643
2.181094
2.127256
2.060347
1.966711
2.164570
2.001835
1.940483
1.973347
1.769754
1.703093
2.104246
1.871450
1.664034
1.551303
1.599484
1.329887
1.514315
1.866333
1.895807
2.223196
2.456853
2.525324
2.430816
2.531026
3.346603
2.863534
2.878825
2.527347
1.918942
1.021492
0.918476
1.103988
1.583117
1.619692
1.991023
2.267148
2.439039
2.508045
2.636708
2.645739
2.850323
3.133096
2.117501
2.780045
3.202392
3.520017
3.772035
4.150167
4.917688
4.345679
5.391637
5.357289
5.314569
5.835867
6.319929
6.343092
