0.102358
0.102261
0.102151
0.102030
0.101872
0.101786
0.101683
0.101569
0.101533
0.101485
0.101409
0.101349
0.101263
0.101174
0.101095
0.100996
0.100890
0.100783
0.100714
0.100680
0.100594
0.100572
0.100633
0.100578
0.100549
0.100544
0.100450
0.100376
0.100358
0.100228
0.100149
0.100053
0.099832
0.099527
0.099164
0.098710
0.098191
0.097644
0.097049
0.096463
0.095880
0.095438
0.095130
0.094800
0.094498
0.094274
0.094046
0.093832
0.093604
0.093356
0.093051
0.092689
0.092287
0.091871
0.091398
0.090861
0.090299
0.089736
0.089160
0.088567
0.088030
0.087503
0.086991
0.086485
0.085984
0.085479
0.084947
0.084430
0.083921
0.083395
0.082879
0.082361
0.081850
0.081349
0.080861
0.080365
0.079869
0.079379
0.078915
0.078471
0.078065
0.077672
0.077321
0.077012
0.076740
0.076493
0.076265
0.076057
0.075823
0.075555
0.075426
0.075239
0.075013
0.074793
0.074576
0.074347
0.074120
0.073901
0.073684
0.073465
0.073245
