0.565982
0.550528
0.541335
0.515022
0.491821
0.495734
0.563523
0.552087
0.544469
0.568420
0.557672
0.555357
0.549740
0.570286
0.566131
0.551883
0.531938
0.515894
0.501579
0.543382
0.531734
0.535006
0.572050
0.590272
0.596276
0.581032
0.596202
0.600907
0.621720
0.642591
0.641576
0.662961
0.725769
0.752705
0.774031
0.793873
0.763832
0.705987
0.676674
0.658384
0.594105
0.527672
0.506200
0.447324
0.410779
0.397228
0.369272
0.361838
0.355497
0.341153
0.367733
0.367711
0.376658
0.398769
0.427797
0.480146
0.448708
0.492448
0.513411
0.515887
0.524897
0.555222
0.577793
0.583978
0.584382
0.590312
0.610708
0.615279
0.618825
0.623173
0.644220
0.647278
0.661659
0.682809
0.689674
0.690284
0.695176
0.693993
0.711329
0.725090
0.751249
0.745896
0.757483
0.800721
0.806630
0.820919
0.810334
0.811793
0.770584
0.805111
0.797993
0.785861
0.780813
0.778437
0.764349
0.764749
0.769283
0.765503
0.751241
0.750990
0.746734
