0.660358
0.616779
0.616577
0.616375
0.616196
0.616050
0.615932
0.615830
0.615775
0.615703
0.615708
0.615737
0.615805
0.615875
0.615958
0.616089
0.616244
0.616402
0.616570
0.616733
0.616942
0.617191
0.617469
0.617768
0.618047
0.618356
0.618625
0.618879
0.619130
0.619374
0.619630
0.619845
0.620029
0.620213
0.620334
0.620441
0.620443
0.620395
0.620325
0.620227
0.620075
0.619926
0.619815
0.619790
0.619717
0.619658
0.619604
0.619590
0.619648
0.619692
0.619699
0.619710
0.619720
0.619759
0.619840
0.619916
0.619931
0.619971
0.620027
0.620087
0.620172
0.620255
0.620284
0.620332
0.620382
0.620521
0.620698
0.620829
0.620875
0.620894
0.620880
0.620820
0.620746
0.620662
0.620571
0.620445
0.620265
0.620053
0.619846
0.619673
0.619442
0.619133
0.618845
0.618614
0.618441
0.618309
0.618240
0.618202
0.618168
0.618196
0.618311
0.618442
0.618591
0.618767
0.619084
0.619407
0.619728
0.620005
0.620282
0.620568
0.620858
