-0.189233
-0.172868
-0.160853
-0.391691
-0.675675
-1.106694
-1.740031
-2.323423
-3.279977
-4.661293
-5.648742
-6.293535
-6.502904
-7.233681
-7.807334
-7.990736
-8.452312
-9.573579
-10.858884
-12.361924
-13.706436
-14.721021
-15.427813
-15.337395
-16.937719
-17.838966
-19.165796
-19.742662
-20.368053
-20.908493
-20.412996
-20.729847
-21.137138
-21.083866
-21.537567
-21.965157
-22.560287
-22.997856
-23.190763
-22.944830
-22.464321
-21.233854
-19.083334
-15.881510
-13.563321
-11.051162
-7.941848
-4.202577
-0.669352
0.808379
1.002132
1.392271
1.625769
2.139650
2.027129
2.248717
1.861674
1.740291
1.944120
2.121805
2.241231
2.022382
1.708679
1.968057
2.087965
2.488660
2.333537
1.243069
-0.470295
-2.258057
-3.957429
-5.470119
-6.784293
-7.585886
-8.316233
-9.488782
-10.161104
-10.430512
-10.123911
-9.499607
-8.818329
-8.980330
-7.705200
-6.015003
-3.309699
-0.099259
3.669961
7.019436
9.615238
12.516499
14.957639
16.842636
18.578035
19.806280
22.948685
24.660044
25.089703
24.580605
24.040447
23.985075
24.023273
