0.180179
0.252165
0.395184
0.616684
0.893407
1.164913
1.468859
1.652740
2.322155
3.287387
4.561696
6.354158
7.983747
8.778963
7.828674
7.603791
7.342476
7.647621
7.601930
7.961037
8.318629
8.613592
8.984403
8.919369
8.757165
8.431677
8.287424
8.059595
7.900947
7.716608
7.430835
7.185817
6.653020
6.517542
6.592774
6.803672
7.007460
7.357752
6.802154
6.649521
6.180778
4.634346
5.222939
5.297531
4.558733
4.340418
5.014017
4.990946
4.970957
5.405809
5.371649
5.130651
4.600047
4.375099
4.561352
4.610203
4.874778
4.315978
4.648680
3.763773
2.658784
1.165850
0.336865
-0.151154
1.442553
3.557208
4.217949
4.396029
3.818576
1.715823
2.822477
2.484405
2.504715
3.082399
3.503559
3.203553
3.379074
3.257121
2.942409
2.728827
2.362689
2.249561
2.209780
1.877329
1.855379
1.886368
2.098915
2.107757
2.212115
2.426998
2.586907
2.850554
3.125440
2.973521
2.865851
2.738915
2.757111
2.904573
2.964975
3.059239
3.169064
