0.934591
0.934623
0.934654
0.934675
0.934704
0.934737
0.934756
0.934765
0.934779
0.934803
0.934838
0.934868
0.934889
0.934916
0.934922
0.934942
0.935098
0.935335
0.935557
0.935504
0.934935
0.933964
0.932796
0.931385
0.929872
0.928338
0.926761
0.925146
0.923484
0.921781
0.920043
0.918246
0.916430
0.914559
0.912644
0.910681
0.908702
0.906673
0.904605
0.902486
0.900314
0.898100
0.895835
0.893529
0.891141
0.888751
0.886309
0.883791
0.881236
0.878636
0.875965
0.873266
0.870480
0.867599
0.864713
0.861774
0.858770
0.855693
0.852572
0.849380
0.846144
0.842840
0.839458
0.836011
0.832498
0.828921
0.825275
0.821565
0.817772
0.813923
0.810026
0.806038
0.801987
0.797847
0.793640
0.789387
0.785020
0.780600
0.776092
0.771505
0.766863
0.762122
0.757319
0.752377
0.747399
0.742319
0.737179
0.731956
0.726658
0.721268
0.715806
0.710263
0.704671
0.698893
0.693097
0.687226
0.681279
0.675227
0.669139
0.662961
0.656860
