0.261122
0.261108
0.261098
0.261117
0.261159
0.261388
0.261653
0.262054
0.262507
0.262793
0.262940
0.262944
0.262875
0.262695
0.262512
0.262393
0.262268
0.262136
0.261999
0.261852
0.261694
0.261534
0.261385
0.261239
0.261065
0.260956
0.260847
0.260743
0.260650
0.260535
0.260422
0.260293
0.260185
0.260067
0.259957
0.259850
0.259767
0.259687
0.259606
0.259523
0.259435
0.259351
0.259262
0.259168
0.259064
0.258986
0.258904
0.258803
0.258711
0.258613
0.258529
0.258436
0.258344
0.258255
0.258162
0.258057
0.257965
0.257877
0.257784
0.257692
0.257597
0.257503
0.257415
0.257338
0.257268
0.257176
0.257073
0.256941
0.256817
0.256703
0.256574
0.256441
0.256317
0.256205
0.256073
0.255936
0.255815
0.255689
0.255561
0.255427
0.255301
0.255178
0.255054
0.254947
0.254837
0.254725
0.254605
0.254481
0.254325
0.254131
0.253924
0.253691
0.253666
0.253893
0.254450
0.254993
0.255447
0.255689
0.255964
0.256045
