0.280216
0.230563
0.191988
0.017588
-0.540252
-1.189835
-2.549394
-2.002170
-0.982809
1.012218
4.800541
11.507015
16.909517
18.086210
17.631632
15.934482
14.379182
11.129278
6.341108
2.475385
-0.248151
-0.596029
-0.947306
-1.428489
-1.448331
-1.511419
-1.223287
-1.176823
-0.771975
-0.568066
-0.483688
-0.548010
-0.436459
-0.382725
-0.288906
-0.249208
-0.284058
-0.235017
-0.225877
-0.248158
-0.186593
-0.141123
-0.107414
0.026787
0.112358
0.148881
0.120277
0.178482
0.143099
0.186140
0.251383
0.233363
0.201425
0.169237
0.192327
0.240170
0.232393
0.228922
0.218203
0.231690
0.226731
0.225497
0.202483
0.132572
0.200308
0.289699
0.303602
0.363018
0.364753
0.372825
0.377369
0.404722
0.377969
0.428680
0.436149
0.421232
0.434394
0.441340
0.461947
0.459784
0.450963
0.486288
0.475731
0.448604
0.428694
0.445364
0.471664
0.472008
0.297733
-0.218452
-0.485712
-1.611932
-4.249722
-7.099862
-6.608287
-5.181849
-1.973941
0.259717
2.807848
1.937941
2.243501
