-0.344578
-0.358275
-0.369944
-0.401952
-0.449682
-0.490975
-0.574527
-0.734504
-1.007251
-1.490472
-2.056703
-2.665221
-3.469532
-4.597625
-5.913620
-7.401207
-8.810169
-10.012960
-10.868124
-11.779706
-12.470862
-12.982004
-13.371290
-13.791584
-14.303402
-14.530883
-14.952423
-15.767696
-16.706886
-17.289225
-17.674505
-17.621582
-17.674164
-18.120998
-18.435875
-18.859739
-19.283844
-19.836706
-20.339113
-20.920055
-21.276253
-21.543344
-21.603680
-21.794521
-21.522930
-21.454592
-21.463774
-21.433575
-21.535892
-21.307949
-20.883493
-19.963640
-18.673553
-16.196938
-12.689715
-9.218886
-4.935628
0.176386
4.489387
7.707114
9.561018
10.483482
11.474175
12.217708
12.738462
12.560556
12.881104
13.934214
14.849465
15.588679
16.187328
16.024046
16.805876
17.089401
16.489618
16.309629
16.586628
16.535301
16.914766
17.420927
17.903402
18.374710
18.463821
18.284367
18.074587
18.078011
18.103313
17.970959
17.815664
17.799313
17.921360
18.087191
18.003237
17.746925
17.560398
17.450031
17.144384
16.903273
16.660063
16.430264
16.272711
