2.158701
2.148718
2.130140
2.093319
2.058518
2.052416
2.061407
2.040266
2.025380
1.990703
1.928329
1.857342
1.842147
1.753974
1.661077
1.395641
1.399963
1.525819
2.547267
2.789238
2.842467
2.829802
2.917363
2.936587
2.840611
2.696645
2.642956
2.663131
2.602960
2.918891
2.879128
2.784205
2.727637
2.890527
2.885784
3.107563
3.122077
3.179546
3.317281
3.170058
2.955112
2.762080
3.194908
3.653234
3.528691
3.436980
3.285982
3.465109
2.379936
2.064261
1.473059
0.952306
0.816946
0.353945
0.147835
-0.139869
-0.001466
0.226530
0.307365
0.931709
1.207280
2.066924
2.257527
2.657604
3.269681
3.551862
3.819031
3.871837
3.825453
4.209610
4.101350
3.814984
3.760863
3.852284
4.849429
5.053667
4.203927
4.176217
4.299957
3.987258
3.762556
3.536489
2.974128
2.529513
2.883810
3.320655
3.002644
3.549674
3.380238
3.184538
3.164957
3.104685
2.944443
2.967063
3.714436
3.920305
4.062453
4.131851
3.933760
3.935536
3.525439
