4.659820
5.272045
5.995913
6.990328
8.354101
10.017266
11.780707
12.659255
13.832088
14.514135
15.773873
18.218121
20.033201
20.704792
20.998375
21.547529
21.124502
21.333288
22.027952
21.595215
21.601570
21.384714
21.604321
21.441902
20.177153
19.363194
18.658190
17.624481
15.429300
15.032690
15.102579
15.297560
14.763193
13.876563
13.521188
13.137096
13.244658
13.578921
14.338434
13.659416
13.472329
14.786756
15.056999
13.548482
11.885386
12.722602
10.638583
8.574846
8.158662
7.778677
6.335651
6.929539
8.391056
6.401169
6.098941
5.316187
3.368610
1.277269
3.108048
1.772666
1.278556
1.564726
2.105902
1.225443
-1.553626
-2.387657
-1.892712
0.374342
0.961484
2.235687
3.188255
3.939784
5.874596
7.237463
6.720895
4.534350
5.591974
5.732347
5.004729
4.870929
3.215557
1.955667
1.182770
0.106817
-0.355903
-0.314097
-0.285337
-0.091753
0.431211
0.658646
0.877594
0.733372
0.593164
0.029440
-0.675778
-1.118289
-1.708574
-2.393835
-0.363472
-1.114785
-1.006706
