0.571416
0.571275
0.571202
0.571214
0.571323
0.571438
0.571630
0.571860
0.572112
0.572486
0.572861
0.573414
0.573981
0.574660
0.575414
0.576183
0.577023
0.577891
0.578811
0.579593
0.580555
0.581524
0.582386
0.583379
0.584322
0.585293
0.586285
0.587222
0.588140
0.589094
0.590114
0.591051
0.591887
0.592692
0.593508
0.594351
0.595163
0.596067
0.596947
0.597870
0.598819
0.599802
0.600776
0.601673
0.602650
0.603591
0.604503
0.605391
0.606220
0.607003
0.607799
0.608545
0.609262
0.609904
0.610516
0.611080
0.611676
0.612271
0.612703
0.613175
0.613579
0.613999
0.614410
0.614758
0.615042
0.615304
0.615517
0.615676
0.615791
0.615920
0.615970
0.615988
0.616024
0.615990
0.615937
0.615872
0.615755
0.615630
0.615446
0.615268
0.615037
0.614807
0.614527
0.614268
0.613946
0.613617
0.613296
0.612938
0.612560
0.612136
0.611751
0.611276
0.610782
0.610228
0.609680
0.609141
0.608594
0.608000
0.607373
0.606736
0.606042
