2.115620
2.115752
2.113951
2.094466
2.082030
2.091678
2.088300
2.085762
2.070206
2.067324
2.056565
2.049534
2.027263
2.012735
2.002950
2.006628
2.000849
1.991499
1.998925
1.982172
2.052177
2.134630
2.112352
2.126572
2.108433
2.151026
2.164563
2.175541
2.210296
2.183613
2.236606
2.186954
2.093904
2.027102
1.960280
2.061830
1.960315
1.949354
1.917127
2.015399
2.123910
2.232517
2.217850
2.252111
2.295102
2.233624
2.253176
2.287594
2.300072
2.285197
2.223125
2.209584
2.272676
2.297529
2.222850
2.199079
2.192956
2.206220
2.254622
2.255892
2.234777
2.259774
2.251589
2.235623
2.248586
2.228451
2.205419
2.197433
2.200746
2.184363
2.167295
2.149550
2.142901
2.095277
2.089559
2.100954
2.044918
2.036870
2.036476
2.056937
2.107154
2.122489
2.109043
2.118909
2.107826
2.113429
2.132031
2.141187
2.157106
2.142827
2.158562
2.169048
2.181237
2.177605
2.185587
2.196221
2.206615
2.201787
2.182268
2.201959
2.198178
