0.183810
0.183819
0.183831
0.183827
0.183813
0.183816
0.183793
0.183850
0.183954
0.184181
0.184573
0.184983
0.185404
0.185950
0.186647
0.187401
0.188275
0.189231
0.190150
0.191110
0.192171
0.193195
0.194314
0.195263
0.196117
0.196806
0.197381
0.197884
0.198311
0.198610
0.198805
0.198945
0.198908
0.198754
0.198576
0.198405
0.198273
0.197962
0.197550
0.196973
0.196331
0.195601
0.194805
0.194042
0.193314
0.192375
0.190929
0.189561
0.188330
0.187282
0.185984
0.184731
0.183667
0.182293
0.181189
0.180222
0.179238
0.178211
0.177120
0.175941
0.174657
0.173303
0.171813
0.170053
0.168286
0.166081
0.164015
0.162146
0.160295
0.158490
0.156609
0.154730
0.152776
0.150855
0.149275
0.147521
0.146261
0.144859
0.143575
0.142184
0.140730
0.139337
0.137712
0.136040
0.134485
0.133012
0.131595
0.130105
0.128724
0.127451
0.126227
0.125205
0.124198
0.123235
0.122425
0.121625
0.120775
0.120030
0.119303
0.118596
0.117910
