0.112413
0.100366
0.082042
0.061210
0.045334
0.012975
-0.020172
-0.070289
-0.144165
-0.271468
-0.469457
-0.754571
-1.093208
-1.477922
-1.938534
-2.561997
-3.323158
-4.103770
-4.899266
-6.263526
-7.756469
-8.878153
-9.286637
-9.840132
-10.780386
-11.733153
-12.707665
-13.527404
-14.360641
-15.241213
-15.988317
-16.555758
-16.881760
-17.077450
-16.830265
-16.497686
-15.993446
-15.613126
-15.388269
-15.046486
-14.643322
-14.361985
-13.856956
-13.135514
-12.376136
-11.535048
-10.752091
-10.484266
-10.538460
-11.157746
-11.826466
-13.238949
-14.986779
-17.566509
-19.529694
-21.281065
-22.470383
-22.952311
-21.830797
-20.426014
-19.412832
-17.919741
-16.053320
-14.314408
-12.052524
-10.566486
-8.567914
-4.678338
1.379208
8.844460
16.190212
21.606976
22.734261
24.413858
22.171503
21.432772
20.465561
19.482450
17.872227
16.302502
14.973400
13.432528
13.083291
13.636706
14.510039
14.937189
14.832496
14.809441
14.921855
14.904745
14.999633
14.806870
14.368514
14.128605
14.130710
14.163093
14.340043
14.516867
14.756127
14.959730
15.010283
