0.885283
1.021067
1.221885
1.505014
1.789222
2.123550
2.341756
2.618221
2.871170
3.318573
3.710222
4.176641
4.546370
4.418803
4.842422
4.912822
4.947401
4.785523
4.577748
4.641212
4.573922
4.625826
4.465158
4.202815
3.651223
2.869346
2.304151
1.874136
1.477506
1.327095
1.233736
0.981960
0.617354
-0.516468
-1.859568
-3.488605
-5.788450
-7.932411
-10.755471
-13.396366
-16.098087
-18.468592
-19.296598
-20.776487
-22.763161
-24.695974
-26.239201
-27.465569
-28.388180
-27.026443
-26.424744
-26.660997
-26.034203
-24.752712
-23.358345
-20.870579
-18.225458
-15.902625
-13.412679
-11.681788
-9.801127
-8.225365
-7.061165
-6.195241
-4.915559
-4.210334
-3.346823
-2.665896
-1.928449
-1.123466
-0.518585
-0.258525
-0.033889
0.141168
0.301327
0.540222
0.806673
0.952152
0.979244
1.297198
1.663213
2.104852
2.383421
2.616098
2.898663
2.980900
2.813422
2.720503
2.811088
3.078795
3.528919
3.436224
3.318519
3.304348
3.279212
3.241577
3.238417
3.303586
3.507403
3.600074
3.716065
