-0.294827
-0.292387
-0.307898
-0.249101
-0.229592
-0.262561
-0.306248
-0.367634
-0.577192
-0.756288
-1.069273
-1.287970
-1.701964
-1.863751
-1.989254
-2.103746
-2.508025
-3.170089
-4.055769
-4.751831
-5.850867
-7.405741
-9.537989
-10.920485
-11.982475
-12.485620
-12.870459
-12.922343
-12.881956
-12.649123
-12.425245
-11.811683
-10.869983
-9.961058
-8.901575
-7.670972
-6.505101
-5.737874
-4.512984
-3.552377
-1.928426
-1.275167
-0.197729
0.306247
0.895516
0.534703
0.440063
0.475567
0.520128
0.283103
1.043067
1.188856
1.538855
1.705231
2.092612
2.140832
2.439950
2.617443
2.790234
3.349259
3.819428
4.857161
5.509413
6.215342
6.803002
7.559453
8.119899
8.675151
8.625770
8.797005
9.009244
9.363291
9.503064
9.763533
9.657866
9.360477
9.209665
8.992683
8.820266
8.828945
8.707815
8.268010
8.222800
8.194767
8.169379
8.134516
8.026134
7.985803
7.862569
7.740638
7.806985
7.768629
8.009990
7.904140
7.824202
7.781352
7.646797
7.561160
7.343537
7.183022
6.884283
