1.687053
1.562707
1.508840
1.529194
1.548969
1.557113
1.631613
1.639401
1.467055
1.423262
1.426827
1.544969
1.578610
1.759338
2.032538
2.127845
2.172636
1.914268
1.936798
1.937266
1.857800
1.766346
1.655686
1.882849
1.952563
2.085388
2.222600
1.964331
2.011663
1.903623
1.831445
1.786640
1.784093
1.723491
1.582576
1.509968
1.563310
1.683974
1.835781
1.827592
1.919372
2.033885
2.217098
2.226661
2.241595
2.373657
2.566874
2.754979
2.868820
2.983502
3.054177
3.242081
3.404963
3.491859
3.511196
3.542127
3.738226
3.314827
3.650181
3.625374
3.592592
3.578668
3.526692
3.533934
3.455847
3.266956
3.106211
3.205572
3.309824
3.016222
2.922963
2.965404
2.653053
2.159675
1.904204
2.183554
2.226496
1.919893
1.907316
1.879572
1.961058
1.958164
1.859554
2.269813
2.269317
2.029391
1.803493
1.802044
1.945114
2.041694
1.933077
2.082557
1.903248
1.948057
2.121994
2.186923
2.129150
2.176874
2.268027
2.258472
2.469419
