-0.006393
-0.006398
-0.006387
-0.006386
-0.006382
-0.006386
-0.006361
-0.006346
-0.006349
-0.006454
-0.006420
-0.006178
-0.005849
-0.005503
-0.005288
-0.004658
-0.004013
-0.003359
-0.002715
-0.001998
-0.001094
-0.000203
0.000472
0.001316
0.002345
0.003149
0.003808
0.004353
0.004946
0.005612
0.006267
0.007047
0.007668
0.008298
0.008796
0.009288
0.009784
0.010433
0.011285
0.012025
0.012723
0.013131
0.013377
0.013415
0.013167
0.012402
0.011664
0.010868
0.009749
0.008588
0.007673
0.006587
0.005495
0.004468
0.003461
0.002791
0.002314
0.001845
0.001430
0.001245
0.001027
0.001367
0.001739
0.002190
0.002817
0.003391
0.003984
0.004529
0.005004
0.005312
0.005289
0.005289
0.005298
0.005249
0.005511
0.005887
0.006230
0.006544
0.006739
0.006936
0.007066
0.007189
0.007178
0.007090
0.007183
0.007367
0.007523
0.007384
0.007401
0.007068
0.006678
0.006299
0.005846
0.005439
0.005033
0.004589
0.004079
0.003549
0.002974
0.002424
0.001833
