1.528359
1.548151
1.589369
1.626797
1.630055
1.642824
1.665828
1.707675
1.783635
1.974114
2.024937
2.096318
2.270188
2.344777
2.412772
2.383922
2.503747
2.544063
2.534777
2.577748
2.525486
2.463088
2.483448
2.516856
2.520638
2.536330
2.527653
2.497171
2.466155
2.422972
2.397414
2.399632
2.318331
2.320948
2.328551
2.483659
2.524290
2.496980
2.433136
2.406305
2.408417
2.223887
2.150812
1.905401
1.740063
1.574294
1.397051
1.147849
0.976936
0.721842
0.790255
0.344423
0.013971
-0.126338
-0.218514
-0.214622
-0.298717
-0.331735
-0.362631
-0.251880
-0.165080
0.206448
0.594846
0.976100
1.339778
2.031614
2.680879
4.543703
4.163621
4.584578
4.450317
4.009332
4.274807
4.441004
4.197684
4.073095
3.799028
3.801853
3.980382
3.972741
3.756583
3.735286
3.666412
3.648200
3.654599
3.627462
3.509800
3.518960
3.320837
3.258396
2.965039
2.663769
2.553605
2.562054
2.495397
2.510742
2.524939
2.535770
2.568437
2.667370
2.707552
