0.753235
0.753293
0.753319
0.753323
0.753309
0.753277
0.753268
0.753297
0.753366
0.753426
0.753463
0.753493
0.753544
0.753572
0.753594
0.753542
0.753494
0.753268
0.752946
0.752436
0.751839
0.751147
0.750226
0.749200
0.747945
0.746513
0.744991
0.743545
0.741963
0.740334
0.738674
0.736985
0.735157
0.733158
0.731065
0.728787
0.726217
0.723539
0.720728
0.717808
0.714606
0.711335
0.707984
0.704552
0.701127
0.697693
0.694266
0.690801
0.687294
0.683714
0.680067
0.676417
0.672663
0.668875
0.665072
0.661250
0.657366
0.653521
0.649828
0.646146
0.642431
0.638627
0.634792
0.630811
0.626637
0.622179
0.617371
0.612303
0.607125
0.601726
0.596421
0.591002
0.585463
0.579895
0.574115
0.568093
0.561978
0.555746
0.549459
0.543082
0.536742
0.530275
0.523682
0.517166
0.510556
0.503869
0.497347
0.490998
0.485001
0.479026
0.473332
0.467855
0.462676
0.457627
0.452802
0.447990
0.443381
0.439536
0.436051
0.432916
0.430174
