1.507728
1.398787
1.356898
1.405549
1.520584
1.560011
1.672327
1.740651
1.848734
1.866931
1.853804
1.908771
1.927920
1.818839
1.759615
1.859465
1.733374
1.410525
1.203974
0.827064
0.567542
0.564645
0.559795
0.563606
0.768999
0.977756
1.452685
1.445853
1.608776
1.814850
2.205023
2.599579
2.873469
3.087169
3.131476
3.274929
3.005952
3.197189
3.309340
3.127804
3.185675
3.055215
3.081894
3.083205
3.014846
3.001707
2.876672
2.782272
2.587379
2.350478
1.549441
1.691627
1.906284
2.650046
2.760468
2.500878
2.478455
2.522636
2.480314
1.766931
1.471580
0.833403
0.594921
0.351176
0.265248
0.257405
0.240841
0.062273
-0.000988
0.115535
0.247408
0.329147
-0.520735
-0.351351
-0.247219
-0.222317
-0.235221
-0.204470
-0.012488
0.273662
0.464534
1.372715
1.917982
1.817541
1.998954
2.143934
1.969844
1.691236
1.926772
2.253631
2.661469
3.220545
3.963482
4.574934
5.311432
5.998694
5.813306
5.846694
5.859666
5.403486
5.529637
