-0.436010
-0.477942
-0.437856
-0.450069
-0.444069
-0.488904
-0.648255
-0.899488
-1.277040
-1.887909
-2.548349
-3.146023
-3.808604
-4.473805
-5.114092
-5.815570
-6.597706
-6.824219
-6.518822
-6.221358
-5.966928
-5.721733
-5.584599
-5.490203
-5.486822
-5.460283
-5.506862
-5.921439
-6.117423
-6.129447
-6.091704
-5.905403
-6.136456
-5.755240
-5.465664
-5.267170
-5.089083
-5.007827
-4.684933
-4.608878
-4.866379
-4.834006
-4.981183
-5.467002
-6.080351
-6.717941
-6.800700
-7.221782
-7.028193
-6.891218
-6.575120
-6.435091
-6.299622
-6.040684
-5.778370
-5.387637
-5.169685
-4.777398
-4.555423
-4.125749
-3.869413
-3.843436
-4.401102
-5.319014
-6.898373
-8.820665
-10.198435
-10.621047
-10.961157
-10.809863
-10.347693
-9.746438
-9.093372
-8.256241
-7.471271
-6.639874
-4.841140
-2.485611
0.145498
3.118066
6.814985
10.573023
14.670466
17.490879
18.604464
17.868803
15.783713
14.285572
13.246793
12.354956
11.918423
10.868760
10.271816
10.083461
10.045477
10.477874
12.216103
12.784145
13.707818
14.119397
13.245232
