0.349936
0.349975
0.350121
0.350244
0.350221
0.350244
0.350388
0.350768
0.351281
0.351586
0.351743
0.352137
0.352630
0.352845
0.353320
0.354214
0.355261
0.356150
0.356794
0.357679
0.358933
0.359765
0.360413
0.361365
0.362780
0.364049
0.364795
0.365868
0.367333
0.368479
0.369320
0.370220
0.371121
0.372075
0.372810
0.373315
0.373995
0.374891
0.375559
0.375771
0.376073
0.376523
0.377308
0.377889
0.378289
0.378425
0.378627
0.378808
0.379086
0.378890
0.378593
0.378628
0.378683
0.378506
0.378214
0.377866
0.377395
0.377012
0.377001
0.377075
0.377415
0.377756
0.378260
0.379036
0.379858
0.380647
0.381484
0.382396
0.383360
0.384679
0.385877
0.386885
0.388058
0.389152
0.390084
0.391155
0.392211
0.393453
0.394785
0.395832
0.396602
0.397329
0.398199
0.398685
0.399154
0.399864
0.400475
0.400876
0.400960
0.401086
0.401294
0.401345
0.401348
0.401472
0.401708
0.401769
0.401626
0.401564
0.401440
0.401459
0.401426
