0.915226
0.915201
0.915182
0.915189
0.915247
0.915308
0.915366
0.915433
0.915526
0.915615
0.915691
0.915750
0.915801
0.915884
0.915959
0.915876
0.915855
0.915864
0.915923
0.915938
0.915894
0.915790
0.915683
0.915425
0.915063
0.914804
0.914526
0.914200
0.913714
0.913124
0.912389
0.911585
0.910426
0.909106
0.907797
0.906483
0.905013
0.903411
0.901753
0.900116
0.898374
0.896458
0.894305
0.892145
0.889747
0.887214
0.884661
0.882095
0.879440
0.876792
0.873940
0.870947
0.867823
0.864631
0.861341
0.857887
0.854469
0.850825
0.847139
0.843419
0.839525
0.835606
0.831570
0.827374
0.823111
0.818770
0.814398
0.809994
0.805691
0.801348
0.796845
0.792428
0.788194
0.784183
0.780452
0.776822
0.773318
0.769602
0.766066
0.762816
0.759717
0.756896
0.754212
0.751702
0.749472
0.747617
0.746002
0.744587
0.743367
0.742446
0.741684
0.740934
0.740335
0.740039
0.739813
0.739843
0.740053
0.740487
0.740993
0.741409
0.741803
