0.897107
0.897172
0.897240
0.897304
0.897366
0.897432
0.897496
0.897574
0.897661
0.897755
0.897831
0.897891
0.897956
0.898058
0.898135
0.898217
0.898278
0.898270
0.898266
0.898188
0.897948
0.897566
0.897134
0.896373
0.895436
0.894312
0.892839
0.891155
0.889211
0.887079
0.884718
0.882161
0.879466
0.876586
0.873566
0.870547
0.867267
0.863949
0.860467
0.856808
0.853117
0.849300
0.845452
0.841536
0.837664
0.833718
0.829888
0.825772
0.821505
0.817087
0.812686
0.808139
0.803596
0.798906
0.794154
0.789213
0.784377
0.779312
0.774097
0.768860
0.763514
0.758037
0.752480
0.746792
0.741106
0.735345
0.729452
0.723445
0.717254
0.710963
0.704708
0.698471
0.692440
0.686774
0.681188
0.675902
0.671189
0.667065
0.663704
0.660721
0.659257
0.658531
0.658004
0.657683
0.657539
0.657489
0.657665
0.657873
0.658219
0.658716
0.659345
0.660024
0.660813
0.661606
0.662472
0.663322
0.664229
0.665175
0.666121
0.667121
0.668132
