0.374419
0.374296
0.374224
0.374216
0.374288
0.374422
0.374652
0.375024
0.375518
0.376074
0.376764
0.377560
0.378557
0.379615
0.380718
0.381874
0.383000
0.384035
0.384983
0.385854
0.386704
0.387408
0.387973
0.388521
0.388711
0.389418
0.390030
0.390323
0.390516
0.390499
0.390490
0.390663
0.390932
0.391391
0.391857
0.392320
0.392213
0.391875
0.391293
0.390586
0.389620
0.388523
0.387364
0.386351
0.385399
0.384421
0.383442
0.382598
0.381961
0.381608
0.381211
0.380786
0.380607
0.380701
0.380594
0.380324
0.379877
0.379131
0.378207
0.377330
0.376961
0.376646
0.376668
0.377370
0.378018
0.378512
0.379738
0.381079
0.382081
0.383480
0.384802
0.385925
0.386882
0.387811
0.388633
0.389376
0.390018
0.390552
0.391112
0.391575
0.391940
0.392254
0.392545
0.392770
0.392992
0.393106
0.393196
0.393260
0.393312
0.393300
0.393288
0.393306
0.393275
0.393238
0.393142
0.393090
0.393041
0.392983
0.392873
0.392785
0.392658
