0.329555
0.342318
0.347474
0.320424
0.247903
0.184831
0.083322
-0.057164
-0.291007
-0.568669
-0.938900
-1.151798
-1.313516
-1.449228
-1.520534
-1.760639
-1.762661
-1.774803
-1.709633
-1.596028
-1.529164
-1.506847
-1.438524
-1.393794
-1.148482
-1.094724
-1.078730
-1.007534
-1.013656
-1.098036
-1.411585
-1.837127
-2.545488
-3.748433
-5.451447
-7.932294
-9.580524
-10.518462
-10.559702
-9.233426
-6.855349
-5.072599
-5.261532
-5.028024
-4.664194
-2.830060
0.834947
3.700631
6.292108
8.954141
11.068789
12.954187
14.446337
15.410177
15.885287
16.245935
15.377238
14.613692
13.575250
11.506906
9.356688
8.768743
7.886365
6.902362
5.565527
4.532228
4.014035
3.957012
3.857468
3.059990
2.921366
2.855157
2.650261
2.666632
2.629552
2.609156
2.723477
2.913920
3.164083
3.023278
3.072994
3.131024
3.123762
3.222510
3.187875
3.147674
3.042447
2.997214
3.054211
3.094699
3.107749
3.207807
3.239522
3.282928
3.285646
3.286010
3.380404
3.632269
3.822389
3.881905
3.798493
