0.094157
0.094142
0.094122
0.094255
0.094252
0.094363
0.094482
0.094726
0.094611
0.094529
0.094535
0.094556
0.094557
0.094544
0.094527
0.094329
0.094083
0.093537
0.093197
0.093238
0.093265
0.093471
0.093681
0.093680
0.093650
0.093674
0.093657
0.093589
0.093621
0.093666
0.093778
0.093808
0.093839
0.094021
0.094165
0.094121
0.094167
0.094145
0.094213
0.094231
0.094289
0.094318
0.094356
0.094398
0.094434
0.094475
0.094525
0.094574
0.094616
0.094662
0.094705
0.094741
0.094791
0.094819
0.094849
0.094889
0.094927
0.094955
0.094996
0.095023
0.095062
0.095093
0.095127
0.095154
0.095189
0.095232
0.095254
0.095296
0.095320
0.095357
0.095387
0.095420
0.095448
0.095482
0.095502
0.095520
0.095541
0.095560
0.095581
0.095599
0.095624
0.095646
0.095671
0.095688
0.095707
0.095727
0.095747
0.095764
0.095782
0.095800
0.095819
0.095836
0.095845
0.095866
0.095888
0.095908
0.095931
0.095951
0.095975
0.095998
0.096013
