-0.282310
-0.423586
-0.790115
-1.599418
-3.680300
-8.762646
-21.917278
-41.671680
-59.087109
-62.511051
-62.456650
-60.364880
-54.374798
-49.443779
-44.552536
-38.673325
-19.610048
41.622517
95.263344
107.111122
102.147926
91.214172
77.923515
69.282692
58.818546
53.240131
46.520687
38.970512
29.678007
21.657387
17.248678
11.076018
7.767641
7.628265
7.941455
6.324571
5.471210
4.421258
3.699935
3.045980
3.103541
2.809922
2.522711
2.278898
2.101969
1.939884
1.832256
1.636135
1.555608
1.403607
1.251365
1.147634
1.101258
0.987231
0.933142
0.877690
0.861090
0.840133
0.778601
0.740842
0.687415
0.640298
0.573849
0.577774
0.562489
0.502546
0.490788
0.481999
0.486429
0.419193
0.356797
0.315082
0.436744
0.402553
0.407252
0.405977
0.423186
0.423306
0.395452
0.389470
0.382125
0.352232
0.334828
0.291213
0.272636
0.250185
0.234737
0.215423
0.198343
0.181934
0.202073
0.181778
0.172002
0.155735
0.134616
0.143747
0.144599
0.131179
0.120772
0.104437
0.104797
