0.287947
0.287941
0.287931
0.287922
0.287940
0.287984
0.288062
0.288151
0.288256
0.288439
0.288652
0.288944
0.289279
0.289645
0.290027
0.290509
0.290988
0.291519
0.292011
0.292539
0.293123
0.293707
0.294314
0.294906
0.295489
0.296081
0.296696
0.297294
0.297863
0.298456
0.299047
0.299661
0.300282
0.300933
0.301528
0.302208
0.302844
0.303521
0.304152
0.304833
0.305514
0.306168
0.306842
0.307492
0.308159
0.308723
0.309405
0.310168
0.310876
0.311613
0.312347
0.313086
0.313828
0.314530
0.315255
0.316000
0.316736
0.317472
0.318190
0.318845
0.319628
0.320392
0.321185
0.321948
0.322703
0.323497
0.324345
0.325140
0.325944
0.326683
0.327451
0.328196
0.328914
0.329614
0.330319
0.331027
0.331654
0.332214
0.332758
0.333285
0.333735
0.334112
0.334410
0.334606
0.334789
0.334929
0.335025
0.335087
0.335156
0.335171
0.335170
0.335153
0.335123
0.335087
0.335040
0.334980
0.334943
0.334900
0.334851
0.334795
0.334746
