0.762066
0.870132
1.003781
0.849331
0.649922
0.379334
0.046086
-0.372517
-0.834637
-1.480921
-2.355944
-3.558335
-4.985315
-6.484465
-8.401827
-10.318993
-12.542799
-15.097442
-17.161135
-18.878593
-19.892023
-20.235537
-20.529099
-20.460146
-20.162376
-19.790478
-19.076153
-18.015369
-17.378357
-16.321547
-14.968344
-13.431227
-12.183176
-11.092397
-9.497962
-8.605836
-7.181542
-5.225067
-4.631823
-4.401662
-4.291782
-4.560266
-4.655864
-4.510708
-4.390463
-4.213194
-4.047618
-3.048739
-2.377665
-2.284102
-2.065874
-1.959972
-1.963572
-1.989551
-2.080967
-2.080640
-2.011574
-2.014863
-1.930752
-1.870499
-1.560344
-0.916577
-0.267400
0.369340
0.991767
1.721901
2.661554
3.755185
4.460055
5.340427
6.141234
7.026371
7.986498
9.066624
10.474226
11.927944
13.087337
13.772053
14.342759
15.312335
16.079386
16.466436
16.750919
17.371029
17.497545
17.585001
17.357889
16.422840
15.461530
14.720709
14.040889
12.804965
11.894502
11.233976
10.484649
9.697546
8.799176
7.965475
6.512893
5.382653
4.755906
