2.760396
2.775856
2.776753
2.839656
2.974670
3.141228
3.275574
3.442447
3.829966
4.173635
5.218393
5.892562
6.723549
7.697346
9.567997
10.835676
12.358238
14.687999
16.624617
16.371168
16.605251
15.605507
14.956919
14.367002
12.483407
11.615649
11.381514
11.067835
10.981308
11.002618
9.786030
10.535826
9.282395
8.957545
8.233621
6.598698
4.851731
5.012600
3.402848
3.754574
3.915590
4.382036
4.699335
5.652379
5.492229
6.298675
6.261233
5.709194
3.438935
2.980999
3.197975
3.863321
3.546909
2.984181
2.679996
2.528981
2.480748
2.183611
1.921744
1.754220
1.579824
1.198180
0.651632
-0.979165
-1.143728
-0.855302
-0.739155
-0.755638
-0.885245
-1.299427
-0.837620
-0.905867
-0.673587
-0.311331
-0.146884
0.760939
0.517092
-0.779060
-1.579141
-2.061669
-2.996589
-3.912279
-4.673496
-5.162918
-5.118368
-4.450539
-4.583040
-4.781118
-4.403794
-4.381269
-4.472248
-4.783051
-4.948178
-5.507130
-5.439735
-4.869883
-4.450449
-4.293201
-3.523039
-3.138893
-3.219083
