0.024407
0.181308
0.483277
0.910542
1.442156
1.931793
2.355892
3.018084
3.880149
4.791595
5.360362
5.747292
5.988291
6.201348
6.851441
7.339314
7.563050
7.547479
7.312741
7.036818
6.874506
6.522678
6.324676
6.191428
6.097086
5.891648
5.528162
5.098355
4.559679
3.956366
3.427916
2.940866
2.130591
1.913391
1.015961
0.596443
0.107893
0.036857
0.416117
1.015926
1.130398
1.454589
2.296824
2.789886
2.892809
2.819939
2.835012
2.852017
2.807058
2.783501
2.913153
2.929695
2.845798
2.925573
2.999521
3.087516
3.164350
3.196477
3.034509
2.929998
2.853890
2.894312
2.936850
3.030872
3.073723
2.949761
2.594676
1.562690
-0.132065
-1.934265
-3.763182
-5.885822
-8.104123
-9.253224
-8.729198
-8.810333
-8.334957
-7.031873
-5.800859
-5.010082
-3.976250
-2.559432
-1.193395
0.834627
3.280396
6.049567
8.641935
12.345697
15.637943
17.250652
16.884279
15.941119
15.381647
14.395268
13.729547
12.525703
11.811832
10.764611
10.476776
9.585110
8.446290
