0.301174
0.301174
0.301183
0.301197
0.301214
0.301243
0.301289
0.301355
0.301440
0.301521
0.301618
0.301739
0.301890
0.302052
0.302249
0.302474
0.302736
0.303004
0.303271
0.303584
0.303948
0.304326
0.304723
0.305117
0.305497
0.305876
0.306284
0.306717
0.307154
0.307568
0.307971
0.308369
0.308748
0.309052
0.309338
0.309596
0.309800
0.309977
0.310105
0.310194
0.310241
0.310260
0.310205
0.310130
0.310013
0.309881
0.309815
0.309899
0.310082
0.310298
0.310631
0.311023
0.311403
0.311823
0.312280
0.312758
0.313221
0.313687
0.314154
0.314630
0.315118
0.315601
0.316097
0.316592
0.317066
0.317531
0.318012
0.318479
0.318940
0.319401
0.319843
0.320273
0.320695
0.321104
0.321514
0.321902
0.322282
0.322653
0.322991
0.323330
0.323646
0.323966
0.324253
0.324532
0.324815
0.325083
0.325336
0.325582
0.325803
0.326023
0.326235
0.326447
0.326617
0.326769
0.326905
0.327048
0.327173
0.327280
0.327365
0.327422
0.327479
