0.044158
0.044154
0.044149
0.044144
0.044143
0.044137
0.044131
0.044105
0.044198
0.044282
0.044396
0.044521
0.044625
0.044808
0.045031
0.045136
0.045253
0.045643
0.045886
0.046211
0.046514
0.046959
0.047327
0.047872
0.048384
0.048947
0.049479
0.049964
0.050434
0.050925
0.051414
0.051960
0.052589
0.053215
0.053772
0.054298
0.054811
0.055327
0.055854
0.056516
0.057119
0.057648
0.058045
0.058383
0.058556
0.058532
0.058292
0.057673
0.057055
0.056149
0.055333
0.054435
0.053420
0.052450
0.051585
0.051011
0.050289
0.049484
0.048729
0.047820
0.046838
0.045852
0.044980
0.044424
0.043907
0.043676
0.043446
0.043155
0.042779
0.042548
0.041976
0.041606
0.040994
0.040403
0.039839
0.038964
0.038591
0.037705
0.036939
0.036637
0.035872
0.034990
0.034292
0.033585
0.033100
0.032660
0.032152
0.031600
0.031020
0.030493
0.029796
0.029100
0.028429
0.028005
0.027670
0.027529
0.027396
0.027385
0.027417
0.027461
0.027558
