0.470678
0.470158
0.469779
0.469557
0.469594
0.469905
0.470361
0.471075
0.472033
0.473393
0.475153
0.476513
0.477890
0.479178
0.480459
0.481643
0.482647
0.483611
0.484356
0.485052
0.485632
0.486172
0.486376
0.486301
0.486283
0.485925
0.485314
0.484714
0.483932
0.483231
0.482461
0.481596
0.480804
0.479844
0.479156
0.478461
0.478004
0.477613
0.477407
0.477248
0.477277
0.477360
0.477616
0.478125
0.478599
0.479063
0.480012
0.481066
0.482134
0.483240
0.484470
0.485979
0.487318
0.488984
0.490481
0.491979
0.493596
0.494761
0.496083
0.497527
0.499648
0.501221
0.502661
0.503924
0.505361
0.506850
0.508259
0.509650
0.511108
0.512548
0.514037
0.515523
0.516964
0.518350
0.519753
0.521068
0.522394
0.523771
0.525236
0.526699
0.528125
0.529507
0.530890
0.532202
0.533642
0.535014
0.536390
0.537592
0.539003
0.540519
0.541737
0.543083
0.544342
0.545430
0.546399
0.547305
0.547823
0.548448
0.548990
0.549291
0.549448
