0.222722
0.222627
0.222553
0.222488
0.222449
0.222390
0.222289
0.222188
0.222008
0.221766
0.221520
0.221270
0.220925
0.220609
0.220292
0.219979
0.219640
0.219308
0.218965
0.218716
0.218373
0.217996
0.217509
0.217051
0.216573
0.215965
0.215405
0.214683
0.213830
0.212894
0.211898
0.210786
0.209634
0.208469
0.207292
0.206212
0.205149
0.204140
0.203248
0.202419
0.201603
0.200816
0.200161
0.199480
0.198788
0.198153
0.197545
0.196954
0.196503
0.196148
0.195945
0.195684
0.195387
0.195218
0.195103
0.194997
0.194717
0.194532
0.194014
0.193553
0.192976
0.192733
0.192526
0.192190
0.192045
0.191865
0.191826
0.191716
0.191558
0.191380
0.191197
0.191045
0.190802
0.190526
0.190113
0.189654
0.189102
0.188447
0.187855
0.187267
0.186688
0.186058
0.185561
0.185190
0.184916
0.184602
0.184281
0.183873
0.183484
0.183140
0.182789
0.182334
0.181983
0.181780
0.181628
0.181452
0.181285
0.181140
0.180963
0.180765
0.180628
