0.807755
0.808408
0.809021
0.809597
0.810169
0.810726
0.811284
0.811829
0.812396
0.812973
0.813569
0.814072
0.814589
0.815103
0.815465
0.815578
0.815560
0.815134
0.814349
0.812701
0.810648
0.808081
0.804815
0.800695
0.796221
0.791344
0.785922
0.780333
0.774430
0.768433
0.762108
0.755540
0.748699
0.741708
0.734463
0.727123
0.719730
0.712323
0.705035
0.697716
0.690402
0.683047
0.675681
0.668169
0.660382
0.652577
0.644639
0.636569
0.628371
0.620277
0.612119
0.604042
0.596020
0.588141
0.580469
0.572964
0.565760
0.558968
0.552502
0.546183
0.540238
0.535128
0.530260
0.526300
0.522880
0.519284
0.515791
0.511790
0.508255
0.504934
0.502944
0.500924
0.498031
0.495119
0.491645
0.488435
0.485005
0.481581
0.478182
0.474646
0.471289
0.467711
0.464143
0.460418
0.456836
0.453212
0.449557
0.445739
0.442238
0.438695
0.435235
0.431753
0.428325
0.425080
0.421904
0.419250
0.416818
0.414640
0.412806
0.411661
0.410701
