-0.254640
-0.252137
-0.251274
-0.245187
-0.615432
-1.241849
-2.116062
-2.925649
-3.596199
-4.090314
-4.534254
-4.871854
-5.305615
-6.280493
-8.080130
-10.627756
-13.268492
-14.867543
-16.646063
-17.249298
-19.140879
-19.376833
-19.216442
-19.398518
-20.399298
-20.167530
-20.187315
-19.171242
-18.999554
-18.942795
-18.856836
-18.949562
-18.747440
-19.037550
-18.496403
-17.692747
-16.538357
-15.473993
-13.723137
-11.113017
-9.006703
-6.715649
-4.373464
-0.954481
1.311261
4.482459
6.467776
9.045033
12.606002
15.961488
20.194880
23.306156
28.572098
33.169224
36.356190
37.210686
39.757080
39.845963
37.940262
36.239361
34.069862
30.990536
28.022984
26.261477
23.972647
22.603291
21.247126
19.442377
17.844183
16.888077
15.783028
15.501321
15.011105
14.787641
14.414978
14.183394
13.818591
13.873763
14.331432
14.934236
14.212330
13.625323
13.371706
12.759391
12.687138
12.552795
13.859070
13.334385
12.915968
12.294746
12.591312
11.676849
10.729871
10.002159
9.537079
9.433389
8.903794
8.588433
8.157790
7.648907
7.112639
