-0.122766
-0.122771
-0.122771
-0.122768
-0.122761
-0.122757
-0.122745
-0.122756
-0.122722
-0.122680
-0.122633
-0.122588
-0.122559
-0.122502
-0.122452
-0.122416
-0.122373
-0.122341
-0.122301
-0.122273
-0.122265
-0.122254
-0.122227
-0.122210
-0.122200
-0.122190
-0.122177
-0.122162
-0.122133
-0.122111
-0.122096
-0.122083
-0.122068
-0.122028
-0.121996
-0.121974
-0.121945
-0.121908
-0.121893
-0.121844
-0.121786
-0.121749
-0.121725
-0.121652
-0.121626
-0.121632
-0.121589
-0.121589
-0.121590
-0.121538
-0.121481
-0.121402
-0.121307
-0.121193
-0.121056
-0.120916
-0.120782
-0.120652
-0.120530
-0.120398
-0.120280
-0.120184
-0.120121
-0.120019
-0.119977
-0.119909
-0.119800
-0.119790
-0.119734
-0.119712
-0.119697
-0.119694
-0.119681
-0.119685
-0.119686
-0.119703
-0.119710
-0.119723
-0.119739
-0.119754
-0.119778
-0.119805
-0.119838
-0.119883
-0.119934
-0.119989
-0.120023
-0.120070
-0.120135
-0.120203
-0.120279
-0.120333
-0.120408
-0.120470
-0.120523
-0.120566
-0.120590
-0.120634
-0.120668
-0.120716
-0.120766
