0.920291
0.920318
0.920339
0.920354
0.920368
0.920401
0.920422
0.920448
0.920473
0.920482
0.920508
0.920534
0.920526
0.920514
0.920468
0.920400
0.920367
0.920233
0.920038
0.919695
0.919175
0.918480
0.917659
0.916827
0.916099
0.915253
0.914125
0.912876
0.911542
0.910337
0.908980
0.907074
0.904971
0.902498
0.899794
0.896727
0.893268
0.889408
0.885120
0.880474
0.875319
0.869685
0.863703
0.857398
0.850678
0.843390
0.835767
0.827903
0.819799
0.811570
0.803150
0.794422
0.785386
0.776269
0.766937
0.757516
0.747941
0.738334
0.728564
0.718713
0.708847
0.698904
0.688762
0.678625
0.668401
0.658142
0.647896
0.637842
0.627842
0.617897
0.608133
0.598782
0.589539
0.580644
0.572200
0.564681
0.557647
0.551291
0.545720
0.540028
0.534552
0.529433
0.524817
0.520385
0.516657
0.513308
0.510080
0.507331
0.504635
0.502324
0.500392
0.498476
0.497100
0.496277
0.495910
0.496405
0.497168
0.498129
0.499256
0.500596
0.502320
