-0.016387
-0.016372
-0.016357
-0.016364
-0.016333
-0.016323
-0.016320
-0.016372
-0.016470
-0.016447
-0.016361
-0.016248
-0.016130
-0.016218
-0.016383
-0.016545
-0.016766
-0.016933
-0.017107
-0.017251
-0.017374
-0.017498
-0.017585
-0.017641
-0.017761
-0.017856
-0.017954
-0.018019
-0.018138
-0.018235
-0.018350
-0.018408
-0.018416
-0.018436
-0.018457
-0.018531
-0.018630
-0.018635
-0.018608
-0.018600
-0.018607
-0.018622
-0.018637
-0.018621
-0.018633
-0.018644
-0.018644
-0.018635
-0.018634
-0.018631
-0.018633
-0.018626
-0.018634
-0.018645
-0.018654
-0.018655
-0.018662
-0.018662
-0.018657
-0.018657
-0.018659
-0.018660
-0.018657
-0.018658
-0.018684
-0.018692
-0.018712
-0.018722
-0.018721
-0.018712
-0.018736
-0.018758
-0.018750
-0.018766
-0.018801
-0.018781
-0.018841
-0.018882
-0.018919
-0.018962
-0.018986
-0.018956
-0.018970
-0.018939
-0.018912
-0.018918
-0.018936
-0.018929
-0.018903
-0.018911
-0.018937
-0.018929
-0.018936
-0.018938
-0.018943
-0.018962
-0.018975
-0.019002
-0.019024
-0.019027
-0.019035
