0.607237
0.607253
0.607269
0.607516
0.607797
0.608038
0.608250
0.608633
0.609353
0.610032
0.610622
0.611388
0.612261
0.613316
0.614406
0.615485
0.616633
0.617840
0.619049
0.620451
0.621888
0.623192
0.624482
0.625829
0.627069
0.628374
0.629851
0.631311
0.632672
0.634061
0.635542
0.637042
0.638481
0.639767
0.640846
0.642033
0.643094
0.644076
0.644859
0.645818
0.646587
0.647272
0.647705
0.648007
0.648271
0.648305
0.648261
0.648105
0.647793
0.647428
0.646867
0.646259
0.645478
0.644701
0.643491
0.641867
0.640135
0.638506
0.636574
0.634567
0.632469
0.630253
0.627782
0.625140
0.622034
0.618999
0.616122
0.612946
0.609597
0.606556
0.603606
0.601140
0.599080
0.597413
0.596264
0.595102
0.594062
0.593427
0.593286
0.593544
0.593925
0.594383
0.595195
0.596200
0.597403
0.598590
0.599351
0.600812
0.602133
0.603525
0.605460
0.607316
0.608956
0.610544
0.611966
0.613267
0.614792
0.616277
0.617862
0.619475
0.620939
