1.895967
1.896648
1.900189
1.905087
1.919817
1.930166
1.920479
1.911629
1.865353
1.800279
1.794473
1.770323
1.753214
1.741722
1.669624
1.650405
1.683421
1.676215
1.687500
1.680315
1.650179
1.626731
1.620284
1.588068
1.560056
1.552715
1.548937
1.560409
1.558256
1.459110
1.426194
1.415022
1.444508
1.444810
1.479085
1.438978
1.461524
1.406010
1.467941
1.419654
1.447518
1.504295
1.589470
1.550552
1.465117
1.401641
1.326321
1.194212
1.087067
1.010781
1.018110
1.038387
1.054094
1.100338
1.058663
0.985159
0.826590
0.672656
0.810435
1.227062
1.288879
1.005489
0.829582
0.966444
1.154486
1.680564
2.573419
3.348479
5.513647
7.099589
7.193799
6.197230
5.911936
5.782568
5.232989
5.295717
5.185990
5.812451
6.872350
8.614557
9.764556
9.776259
9.536621
10.356062
10.248978
9.827950
9.051626
8.351137
6.994538
6.600779
5.551267
4.841959
3.329592
2.741678
2.765565
1.767504
1.473001
0.991387
0.990130
1.194168
1.218937
