1.750981
2.095505
2.543927
3.177500
3.421102
4.174766
-0.911886
-5.261610
-6.779799
-5.892585
-5.475725
-4.196062
-2.737847
3.658557
26.514910
4.530108
-41.647823
-77.906807
-36.649670
-19.025650
-10.011482
-6.495139
-4.806797
-3.988796
-2.853766
-1.979850
-1.786045
-1.426186
-1.107073
-0.892312
-0.647899
-0.673712
-0.549644
-0.464132
-0.381367
-0.309557
-0.159183
-0.108719
-0.117128
-0.049508
-0.015929
0.030615
0.054085
0.072387
0.117715
0.134528
0.131324
0.161560
0.182198
0.213292
0.230713
0.246946
0.299167
0.318655
0.341111
0.350068
0.366361
0.431687
0.443006
0.431367
0.433057
0.420555
0.384589
0.377275
0.357060
0.347522
0.355985
0.381210
0.394689
0.415145
0.415441
0.411358
0.411729
0.413474
0.406973
0.412764
0.413075
0.422369
0.428796
0.434986
0.432383
0.427475
0.434563
0.435589
0.435432
0.437528
0.439550
0.441503
0.438048
0.439967
0.440788
0.438522
0.429296
0.431253
0.439033
0.430108
0.428139
0.426228
0.418758
0.422595
0.419917
