-3.112981
-3.319360
-3.794316
-4.198401
-5.371588
-8.452149
-19.956131
-81.062263
-231.423050
-290.050323
-164.300583
-94.326210
-41.888859
-5.034455
20.888529
69.204193
237.921997
319.708801
237.813919
134.664444
72.999825
28.061266
10.898484
6.752841
4.542352
3.502656
2.410003
1.916611
1.833990
1.501456
1.121126
1.027009
1.021745
0.746230
0.592468
0.466467
0.463390
0.385246
0.312667
0.272465
0.255699
0.226632
0.220851
0.183656
0.165224
0.163150
0.133262
0.119276
0.103832
0.092083
0.076404
0.054861
0.043799
0.040045
0.011195
-0.001558
-0.011528
-0.024793
-0.031610
-0.054635
-0.074701
-0.083153
-0.084253
-0.085293
-0.079739
-0.076057
-0.083465
-0.076805
-0.080897
-0.108159
-0.105597
-0.114463
-0.124355
-0.116115
-0.120269
-0.121623
-0.126786
-0.138078
-0.137750
-0.139883
-0.147938
-0.159272
-0.165576
-0.162451
-0.177563
-0.183282
-0.179957
-0.180013
-0.178996
-0.186440
-0.189506
-0.193501
-0.194340
-0.199136
-0.193961
-0.198646
-0.201281
-0.201946
-0.203524
-0.209657
-0.213815
