2.531554
2.069836
-0.261808
-2.579077
-0.153581
6.098049
18.767340
41.603394
72.969391
95.915916
62.350163
-44.321899
-153.025787
-187.158707
-159.730240
-138.043289
-110.411880
-71.276634
-28.723814
14.092967
65.114632
103.305054
101.262352
95.014458
95.837173
98.708466
98.757454
88.050087
64.331055
22.896879
-57.226856
-125.302513
-132.410965
-124.816765
-108.283775
-66.384018
-8.483460
25.115685
40.195126
49.735207
61.297268
72.104042
81.003853
90.857582
90.320534
77.364861
51.622131
-1.469481
-65.863258
-105.104424
-130.745148
-105.444489
-35.614079
51.371349
86.379471
96.959862
103.131783
106.532913
104.464630
97.729599
76.463104
10.595448
-104.308258
-159.678268
-137.367249
-104.560173
-58.531937
-2.719585
40.002460
54.542931
54.325783
52.266212
48.497353
42.250153
35.829426
31.165689
27.278528
21.173101
15.152699
9.697630
5.528188
4.928108
3.922199
3.283265
2.346808
0.957488
-0.358288
-0.423237
-0.310054
-0.090857
0.108574
0.126457
-0.246238
-0.325239
-0.337603
-0.270656
-0.163049
-0.047679
0.115759
0.130648
0.301912
