0.876692
0.876673
0.876665
0.876653
0.876635
0.876612
0.876499
0.876341
0.876124
0.875883
0.875615
0.875313
0.875010
0.874699
0.874344
0.873953
0.873517
0.873097
0.872644
0.872145
0.871612
0.871045
0.870418
0.869760
0.869038
0.868277
0.867419
0.866510
0.865482
0.864321
0.863053
0.861737
0.860415
0.859029
0.857609
0.856196
0.854799
0.853354
0.851901
0.850458
0.849046
0.847646
0.846285
0.844901
0.843553
0.842270
0.841076
0.839946
0.838911
0.837969
0.837128
0.836364
0.835709
0.835163
0.834667
0.834258
0.833882
0.833521
0.833199
0.832937
0.832786
0.832662
0.832569
0.832494
0.832443
0.832411
0.832399
0.832421
0.832447
0.832490
0.832572
0.832649
0.832758
0.832885
0.832974
0.833083
0.833199
0.833326
0.833507
0.833682
0.833853
0.834082
0.834325
0.834555
0.834787
0.835024
0.835259
0.835481
0.835757
0.835965
0.836228
0.836428
0.836630
0.836851
0.837130
0.837419
0.837575
0.837776
0.838005
0.838236
0.838463
