1.669682
1.705342
1.776600
1.872950
1.821139
1.855864
1.768905
1.787773
1.768854
1.582385
1.722263
1.771911
1.810872
1.843776
1.782171
1.881549
1.826824
1.661690
1.553109
1.564308
1.584632
1.569396
2.448923
2.570423
2.509444
2.516306
2.674060
2.767391
2.789638
2.667359
2.811576
2.591662
2.246584
2.232082
2.237935
2.946808
2.740974
2.724664
2.762751
2.769777
2.561371
2.516092
2.392934
2.331326
2.306921
2.156565
2.148760
2.184467
2.063639
2.323111
2.232472
2.148363
2.302649
2.266431
2.129195
2.038956
2.015588
1.998078
2.049505
2.054553
2.107750
2.130604
2.095748
2.081726
2.059168
2.010392
2.003278
1.910335
1.918690
1.978587
2.026257
1.840693
1.797166
1.796373
1.764459
2.298826
2.330167
2.205824
2.225792
2.151817
2.088420
2.164028
2.167030
2.156651
2.189092
2.050265
1.958326
1.920862
1.692226
1.745333
1.903958
2.162903
2.025342
2.031342
2.152452
2.120677
1.997031
1.845317
1.446017
1.455980
1.438423
