-3.478220
-3.383469
-3.342233
-3.268161
-3.318992
-3.334039
-3.282401
-3.202895
-3.113493
-2.988529
-2.900455
-2.798744
-2.746812
-2.723349
-2.644889
-2.637690
-2.711963
-2.688380
-2.662571
-2.667926
-2.686967
-2.554259
-2.365999
-2.322713
-2.279295
-2.290301
-2.276510
-2.280795
-2.261637
-2.226490
-2.183406
-2.168673
-1.930779
-1.866601
-2.102739
-2.105452
-2.000585
-1.917712
-1.819183
-1.709866
-1.598390
-1.541431
-1.428489
-1.341124
-1.254145
-1.154567
-1.045910
-0.952647
-0.777888
-0.580896
-0.524383
-0.245456
-0.068230
0.036027
0.074490
0.058898
0.044295
0.053003
0.051286
0.105269
0.113381
0.106260
0.158835
0.141711
0.160345
0.123363
0.140228
0.172869
0.217329
0.211540
0.225091
0.205330
0.224702
0.182915
0.211485
0.243531
0.209599
0.263197
0.299497
0.330339
0.319588
0.323525
0.314736
0.281637
0.261700
0.255916
0.237124
0.171793
0.162730
0.134388
0.147139
0.214640
0.319790
0.364210
0.294953
0.262070
0.193004
0.183025
0.209048
0.224773
0.214475
