-0.177854
-0.177982
-0.178186
-0.178401
-0.178568
-0.178634
-0.178412
-0.178019
-0.178119
-0.178203
-0.177614
-0.177148
-0.177182
-0.177067
-0.176836
-0.176774
-0.176565
-0.176384
-0.176200
-0.176036
-0.175864
-0.175831
-0.175770
-0.175743
-0.175509
-0.175332
-0.175138
-0.174967
-0.174777
-0.174613
-0.174427
-0.174258
-0.174029
-0.173747
-0.173479
-0.173217
-0.173024
-0.172798
-0.172565
-0.172316
-0.172103
-0.171857
-0.171642
-0.172043
-0.173136
-0.174326
-0.175044
-0.174841
-0.174730
-0.174683
-0.174615
-0.174618
-0.174644
-0.174681
-0.174733
-0.174747
-0.174733
-0.174786
-0.174777
-0.174753
-0.174778
-0.174777
-0.174754
-0.174740
-0.174742
-0.174722
-0.174702
-0.174683
-0.174684
-0.174659
-0.174639
-0.174631
-0.174610
-0.174595
-0.174588
-0.174571
-0.174561
-0.174542
-0.174514
-0.174485
-0.174466
-0.174433
-0.174427
-0.174406
-0.174371
-0.174346
-0.174312
-0.174294
-0.174257
-0.174209
-0.174173
-0.174161
-0.174125
-0.174071
-0.174030
-0.173996
-0.173960
-0.173925
-0.173889
-0.173878
-0.173855
