0.630412
1.618346
3.283859
5.830317
8.934155
11.761911
12.985636
14.741241
20.760277
41.203293
65.792000
34.721111
2.180176
60.390926
-39.796249
-6.833025
-0.726579
1.444381
-0.270095
1.853197
2.543263
3.315310
4.725608
1.956194
0.317293
1.510101
0.065202
1.506316
1.845415
1.471957
1.841192
1.904006
1.495354
1.732223
1.646087
2.165309
2.201954
2.505428
2.310689
2.132739
2.468586
2.373403
2.242252
1.538655
-0.578849
-5.358293
-30.076954
-5.225970
5.604544
-31.748968
-26.537397
-37.120827
-30.024914
-21.949894
-8.725744
-1.266288
1.756374
-0.707407
-0.290621
0.547496
0.371040
0.644227
0.762623
0.841796
0.681035
0.622562
0.610908
0.654800
0.797055
1.086731
1.328831
1.399802
1.497720
1.544293
1.628500
1.602267
1.627466
1.572620
1.666087
1.706063
1.683701
1.638857
1.728342
1.822809
1.696289
1.704388
1.689990
1.779920
1.835318
1.757709
1.857205
2.017625
2.006118
1.993196
2.038754
2.010677
2.172375
2.206738
2.169532
2.198575
2.204431
