-4.769006
-4.832410
-4.859390
-4.701028
-4.608511
-6.521811
-19.680109
-106.396202
-269.749878
-259.805145
-171.278961
-67.705399
-23.428083
-4.958854
0.069442
-1.419525
1.318729
1.852092
1.732251
2.591023
4.068884
2.509297
-0.596760
-1.757794
-1.880687
-1.124631
0.234342
0.600351
1.686509
3.177034
3.811071
3.575614
2.412102
1.476452
1.192170
1.359578
1.434651
1.497977
1.306582
1.088391
1.853211
7.092356
36.059204
191.651031
267.974335
163.904175
78.194534
31.241171
14.807358
12.349432
10.821683
7.603512
6.192508
4.731278
4.263492
3.823238
2.970080
2.704911
2.445779
2.019793
1.945110
1.793153
1.501147
1.402357
1.227783
1.105848
0.998624
0.932178
0.854081
0.743818
0.707735
0.655140
0.617218
0.536389
0.488995
0.462916
0.439042
0.387671
0.365957
0.335859
0.278720
0.286886
0.239381
0.219348
0.191895
0.102370
0.103053
0.081184
0.084516
0.037342
0.047628
0.018302
-0.007789
-0.011141
-0.017790
-0.029183
-0.040012
-0.038947
-0.006277
-0.028049
-0.039686
