2.878554
2.221949
1.708383
2.478472
3.327129
7.604496
-7.472895
-30.814672
-16.031853
-18.961376
-16.811291
-10.194234
-7.736798
-6.752754
-5.825969
-4.335335
-3.789853
-1.370603
-0.520422
-0.770080
-2.269166
-2.081033
-2.087157
-1.835923
-1.806956
-1.667712
-1.872356
-1.915972
-2.216053
-2.163375
-2.254377
-1.989288
-1.630218
-1.383320
-1.234287
-1.284439
-1.010205
-0.786245
-0.157963
0.046537
-4.062296
-8.625151
-0.122625
-0.443209
-4.162310
-3.732868
-2.527999
-2.155794
-1.814088
-0.845599
-0.425640
-0.517505
-0.610196
-0.423269
-0.118950
0.019609
0.279930
0.281796
0.102634
0.132292
0.219514
0.235604
0.208420
0.272886
0.223884
0.246209
0.240278
0.290618
0.337167
0.306992
0.314512
0.304394
0.320874
0.315740
0.328538
0.355403
0.357847
0.356112
0.352540
0.320842
0.311088
0.314529
0.333600
0.398262
0.414579
0.416615
0.403760
0.422078
0.406402
0.405380
0.448331
0.459883
0.444280
0.459904
0.477788
0.480861
0.429785
0.421378
0.463874
0.484936
0.494482
