0.618170
0.618298
0.618333
0.618491
0.618810
0.619217
0.619614
0.620093
0.620606
0.621224
0.621998
0.622891
0.623999
0.625187
0.626383
0.627625
0.628855
0.630288
0.631865
0.633354
0.634823
0.636366
0.637757
0.639120
0.640565
0.642273
0.643738
0.645079
0.646513
0.647910
0.649078
0.650358
0.651684
0.652950
0.654212
0.655510
0.656784
0.657979
0.658900
0.659869
0.660748
0.661579
0.662466
0.663125
0.663782
0.664269
0.664538
0.664754
0.664834
0.664797
0.664542
0.664063
0.663419
0.662504
0.661657
0.660832
0.659677
0.658421
0.656967
0.655026
0.653512
0.652055
0.650356
0.648408
0.646536
0.644618
0.642580
0.640705
0.638749
0.636387
0.634083
0.632217
0.630878
0.629809
0.628971
0.628125
0.627815
0.627886
0.628028
0.628359
0.629880
0.631412
0.632941
0.633723
0.634923
0.636675
0.638235
0.639786
0.641506
0.643043
0.644444
0.645614
0.646759
0.647829
0.648904
0.649897
0.650836
0.651670
0.652387
0.653115
0.653742
