-0.140137
-0.143677
-0.138306
-0.135010
-0.185791
-0.252930
-0.121948
0.272583
0.919312
0.826904
0.974854
0.829712
1.043091
0.944580
0.836060
0.816528
0.641846
0.420776
0.305054
-0.063354
-0.100220
-0.192139
-0.302490
-0.412354
-0.405273
-0.426147
-0.404175
-0.446167
-0.421021
-0.406006
-0.527954
-0.601685
-0.433105
-0.177734
0.264038
0.799683
0.947754
0.733398
0.845337
0.782959
0.700928
0.830444
0.672241
0.272583
0.164429
0.009521
-0.111938
-0.077271
-0.279419
-0.326172
-0.425903
-0.474243
-0.562988
-0.550537
-0.543823
-0.592529
-0.572388
-0.619507
-0.706421
-0.802490
-0.657959
0.225952
0.614502
0.886108
0.947388
0.755127
0.983643
0.815430
0.835205
0.738037
0.620972
0.755981
0.684570
0.740356
0.645142
0.604126
0.625000
0.559814
0.383545
0.342041
0.268311
0.148438
0.077759
0.000000
-0.077515
-0.165527
-0.184204
-0.365723
-0.443481
-0.566406
-0.488525
0.247681
0.728271
0.994629
0.905762
0.886353
0.850220
0.899048
0.835938
0.926758
0.990845
