-0.117714
-0.117702
-0.117766
-0.117835
-0.117907
-0.117966
-0.117956
-0.117919
-0.117874
-0.117812
-0.117721
-0.117618
-0.117503
-0.117408
-0.117206
-0.116924
-0.116611
-0.116277
-0.115918
-0.115496
-0.115015
-0.114523
-0.114006
-0.113485
-0.112986
-0.112446
-0.111879
-0.111291
-0.110688
-0.110104
-0.109510
-0.108897
-0.108274
-0.107634
-0.107020
-0.106345
-0.105616
-0.105067
-0.104538
-0.104006
-0.103477
-0.102962
-0.102548
-0.102190
-0.101748
-0.101365
-0.100998
-0.100605
-0.100233
-0.099815
-0.099489
-0.099161
-0.098811
-0.098487
-0.098075
-0.097655
-0.097237
-0.096709
-0.096198
-0.095693
-0.095222
-0.094763
-0.094430
-0.093968
-0.093443
-0.092993
-0.092593
-0.092349
-0.092300
-0.092128
-0.092204
-0.092309
-0.092417
-0.092610
-0.092717
-0.092925
-0.093333
-0.093783
-0.094214
-0.094677
-0.095135
-0.095586
-0.096001
-0.096370
-0.096672
-0.096975
-0.097278
-0.097517
-0.097764
-0.098024
-0.098252
-0.098493
-0.098742
-0.098965
-0.099211
-0.099448
-0.099678
-0.099901
-0.100136
-0.100328
-0.100570
