-0.662383
-0.645759
-0.743607
-0.918352
-0.973128
-1.309510
-1.863501
-2.425898
-3.143986
-3.513679
-4.243018
-4.199559
-4.952773
-6.061819
-6.859339
-7.827599
-8.761073
-9.420630
-9.713375
-10.143394
-10.679965
-10.961585
-11.235937
-11.447127
-12.052673
-12.711252
-15.420039
-16.854265
-18.512693
-19.245060
-19.451601
-19.248850
-19.470964
-19.734674
-19.969210
-19.982756
-19.762678
-19.479931
-18.600925
-18.917921
-18.997536
-18.800642
-18.393326
-18.412151
-18.466827
-18.446661
-18.511173
-18.394802
-17.533676
-17.358192
-16.472834
-15.319314
-14.607431
-13.900779
-12.622754
-11.110744
-8.309903
-5.584210
-1.857608
2.575048
7.615721
12.410773
15.839586
19.071556
20.299089
20.084597
20.796680
21.261942
21.954418
21.685274
21.126154
22.459839
22.856850
23.711496
25.056721
25.008671
26.427223
26.377796
24.692539
22.894915
21.440922
19.731256
18.191772
16.036388
12.467350
12.410660
13.579142
16.476316
20.277576
21.468458
21.012783
21.212862
21.259699
21.550991
21.198317
19.513678
17.763281
16.011551
14.603714
13.127269
11.614604
