0.192545
0.193576
0.194587
0.195567
0.196569
0.196832
0.196375
0.196066
0.195823
0.195942
0.196365
0.196176
0.193966
0.192318
0.190940
0.191175
0.189400
0.186909
0.184797
0.183164
0.181977
0.181236
0.181109
0.180773
0.179629
0.178018
0.174069
0.171040
0.168070
0.165759
0.165948
0.166275
0.166326
0.167369
0.166157
0.166946
0.165383
0.163990
0.160498
0.155856
0.153861
0.151155
0.149103
0.148617
0.149884
0.151900
0.148138
0.143983
0.146972
0.144390
0.139693
0.137307
0.138724
0.139657
0.136432
0.132540
0.133560
0.135794
0.137454
0.134711
0.136951
0.143482
0.142911
0.137255
0.145362
0.145400
0.141035
0.147223
0.144588
0.142259
0.140731
0.139765
0.138782
0.137917
0.136894
0.136102
0.135215
0.134348
0.133456
0.132601
0.131708
0.130755
0.129830
0.129003
0.128026
0.127091
0.126502
0.125568
0.124523
0.123583
0.122484
0.121384
0.120287
0.119187
0.118001
0.116689
0.115306
0.113910
0.112582
0.111392
0.110407
