0.266095
0.265425
0.264758
0.264105
0.263505
0.262974
0.262469
0.261997
0.261545
0.261099
0.260659
0.260204
0.259798
0.259601
0.259467
0.259368
0.259246
0.260480
0.260049
0.259620
0.260624
0.260367
0.260826
0.262105
0.261659
0.261693
0.261842
0.261644
0.261224
0.260968
0.260458
0.259386
0.257782
0.256688
0.257405
0.258418
0.258991
0.257651
0.255082
0.250589
0.246631
0.243536
0.241495
0.237077
0.233793
0.231244
0.228437
0.228782
0.228624
0.227717
0.225204
0.221255
0.215879
0.211928
0.211273
0.210722
0.207528
0.206192
0.205839
0.204565
0.201207
0.198023
0.197064
0.197089
0.195965
0.193980
0.192941
0.194132
0.195117
0.193864
0.195791
0.198700
0.196879
0.198612
0.200955
0.198826
0.198273
0.197831
0.197349
0.196969
0.196538
0.196091
0.195753
0.195310
0.194901
0.194488
0.194021
0.193540
0.192984
0.192374
0.191735
0.191086
0.190603
0.190226
0.189927
0.189727
0.189748
0.189868
0.190289
0.190750
0.191183
