0.919526
0.919363
0.919220
0.919212
0.919252
0.919438
0.919971
0.920464
0.921561
0.922536
0.923089
0.923636
0.923699
0.922689
0.922935
0.923364
0.923887
0.924974
0.926205
0.927166
0.927967
0.927357
0.925957
0.925339
0.925255
0.925431
0.924611
0.923695
0.923711
0.926204
0.927405
0.928522
0.930461
0.930714
0.930742
0.930549
0.931380
0.931763
0.931728
0.931794
0.931942
0.932729
0.933652
0.932995
0.932688
0.934829
0.935075
0.932840
0.932306
0.934109
0.935918
0.935343
0.932707
0.934483
0.937335
0.937003
0.932453
0.930330
0.929034
0.925886
0.921887
0.920472
0.917879
0.913547
0.911378
0.912699
0.913692
0.913725
0.914376
0.914943
0.914985
0.915278
0.915611
0.915899
0.916179
0.916387
0.916682
0.916979
0.917224
0.917456
0.917730
0.918110
0.918370
0.918868
0.919199
0.919196
0.919388
0.919250
0.919275
0.919384
0.919477
0.919545
0.919516
0.919789
0.920024
0.920114
0.920243
0.920315
0.920241
0.919979
0.918962
