0.224771
0.224588
0.224416
0.224280
0.224155
0.224011
0.223801
0.223626
0.223434
0.223229
0.223049
0.222851
0.222660
0.222493
0.222326
0.222132
0.221958
0.221817
0.221674
0.221554
0.221457
0.221340
0.221195
0.221175
0.221147
0.221050
0.220963
0.220816
0.220674
0.220550
0.220454
0.220328
0.220193
0.220095
0.219953
0.219821
0.219677
0.219433
0.219133
0.218928
0.218749
0.218550
0.218372
0.218166
0.217879
0.217842
0.217690
0.217435
0.217016
0.216613
0.216147
0.215639
0.215006
0.214161
0.213098
0.212091
0.211094
0.210054
0.209087
0.208049
0.207082
0.206161
0.205219
0.204289
0.203427
0.202541
0.201704
0.200832
0.199919
0.198966
0.197913
0.196830
0.195759
0.194685
0.193534
0.192249
0.191055
0.189968
0.188989
0.187935
0.186923
0.185943
0.185002
0.184132
0.183217
0.182310
0.181426
0.180594
0.179840
0.179226
0.178691
0.178266
0.177871
0.177543
0.177204
0.176888
0.176622
0.176355
0.176067
0.175782
0.175488
