0.719422
0.719341
0.719308
0.719247
0.719256
0.719345
0.719502
0.719773
0.720024
0.720398
0.720825
0.721240
0.721712
0.722191
0.722650
0.723158
0.723633
0.724131
0.724678
0.725168
0.725700
0.726262
0.726782
0.727200
0.727701
0.728129
0.728621
0.728955
0.729355
0.729751
0.730063
0.730287
0.730465
0.730660
0.730776
0.730852
0.730839
0.730886
0.730807
0.730808
0.730646
0.730533
0.730360
0.730123
0.729767
0.729444
0.729005
0.728461
0.727884
0.727293
0.726660
0.725838
0.724924
0.724027
0.722933
0.721829
0.720679
0.719498
0.718322
0.716989
0.715672
0.714418
0.713368
0.712394
0.711477
0.710629
0.710034
0.709613
0.709315
0.709137
0.709161
0.709353
0.709529
0.709834
0.710279
0.710905
0.711501
0.712155
0.712791
0.713273
0.713823
0.714305
0.714751
0.715149
0.715594
0.715962
0.716302
0.716635
0.717010
0.717320
0.717545
0.717750
0.717939
0.718059
0.718171
0.718245
0.718259
0.718254
0.718243
0.718235
0.718207
