0.926636
0.926683
0.926851
0.927144
0.927353
0.927622
0.927774
0.928152
0.928357
0.928817
0.929187
0.929066
0.929166
0.929082
0.928942
0.929048
0.928689
0.929397
0.929951
0.930677
0.930670
0.930413
0.929380
0.928910
0.928471
0.926848
0.924642
0.922134
0.919465
0.916191
0.913109
0.909550
0.906302
0.903009
0.899502
0.896239
0.893068
0.890293
0.887815
0.885519
0.883711
0.882642
0.881722
0.881369
0.881309
0.880783
0.881463
0.881702
0.882351
0.882859
0.883426
0.883562
0.883727
0.883981
0.883943
0.883811
0.883705
0.883600
0.883301
0.882845
0.882527
0.882229
0.881995
0.881722
0.881359
0.881016
0.880712
0.880333
0.879922
0.879460
0.879141
0.878802
0.878474
0.878091
0.877713
0.877368
0.876966
0.876591
0.876173
0.875818
0.875548
0.875265
0.875012
0.874797
0.874559
0.874195
0.873871
0.873526
0.873267
0.872966
0.872556
0.872288
0.872007
0.871572
0.871299
0.871010
0.870647
0.870365
0.870015
0.869655
0.869370
