0.363623
0.363521
0.363707
0.363948
0.364225
0.364450
0.364561
0.364512
0.364320
0.364072
0.364054
0.364287
0.364549
0.364916
0.365326
0.365762
0.366287
0.366762
0.367292
0.367472
0.367616
0.367793
0.368110
0.368396
0.368828
0.369240
0.369452
0.369259
0.368912
0.368494
0.368204
0.367922
0.367825
0.368125
0.368470
0.368842
0.369167
0.369276
0.369028
0.368394
0.367589
0.366929
0.366300
0.365871
0.365830
0.365881
0.365776
0.365669
0.364936
0.364079
0.363342
0.362730
0.362054
0.361668
0.361379
0.361099
0.360812
0.360419
0.360213
0.360022
0.359972
0.360309
0.360752
0.361130
0.361297
0.361170
0.360972
0.361056
0.361486
0.362225
0.362633
0.362920
0.363364
0.364097
0.364817
0.365274
0.365535
0.365736
0.365929
0.366231
0.366652
0.366891
0.366905
0.366640
0.366452
0.366299
0.366211
0.366058
0.365768
0.365479
0.365142
0.364906
0.364702
0.364443
0.364283
0.364163
0.363943
0.363835
0.363587
0.363410
0.363205
