0.181405
0.068799
0.537748
1.517121
1.873983
1.809790
1.268637
0.639593
0.598346
1.005950
1.829543
4.227579
5.066473
4.514470
3.067552
1.202928
2.655733
4.197886
7.984671
9.574606
8.370985
4.827172
1.471127
-1.421603
-0.174347
3.129572
8.141424
10.715649
10.687852
8.751139
6.044835
0.919285
-4.941497
-4.831153
-3.541531
-1.893239
2.111887
6.860647
9.648168
9.263120
7.324399
4.129114
-2.519954
-7.710201
-7.200173
-3.590975
1.546545
4.451986
8.482156
7.538879
4.708691
1.429303
-4.552381
-10.026728
-10.784263
-8.071783
-0.493280
7.641205
8.223531
4.443214
-3.200891
-10.322704
-9.676996
-3.864112
3.980162
10.543043
6.526963
-1.563035
-8.507902
-6.929925
3.697432
9.375129
3.672399
-1.794426
-10.072041
-13.168403
-10.092573
-1.823255
4.251638
5.073631
-0.628183
-8.558900
-13.086820
-9.081525
-1.737307
0.690390
0.480930
-0.203736
-0.827020
-1.507788
-1.605054
-0.960435
-0.935327
-0.204991
-0.316427
-0.271290
-0.024853
0.253880
0.360761
0.347906
0.373906
