5.423815
6.009665
6.576014
7.086061
7.506093
8.074098
10.812456
13.855472
17.111506
21.685253
24.828583
26.667130
26.114422
25.350914
25.001963
23.943430
22.715021
20.766930
19.674742
18.069023
17.819626
17.380415
17.291765
17.572309
16.658270
15.696238
14.832741
14.611028
14.401298
14.550876
14.345422
14.650394
15.248495
15.052223
14.794803
14.157277
13.301906
13.031043
12.188035
11.794389
11.975533
10.917589
9.730265
8.818286
7.898818
7.022358
5.850768
4.614944
4.771512
4.479844
4.348144
3.317935
2.405993
2.398216
3.976604
4.858326
5.124458
4.480659
4.343884
5.385129
5.947891
6.486782
6.936405
4.621795
-1.694970
-4.736769
-5.296864
-2.924349
-2.475758
-3.013417
-3.637552
-3.942477
-4.600277
-5.005543
-5.082692
-3.650244
-2.307810
-1.835208
-0.477867
0.762396
2.966069
5.904563
6.559487
6.396659
5.563077
4.775859
3.307237
2.622443
0.909929
-0.538007
-4.679082
-8.687384
-10.975027
-12.719786
-14.729410
-16.832558
-17.444126
-16.968571
-16.846212
-14.889751
-12.001252
