-0.761897
-0.808594
-0.821977
-0.819194
-0.934095
-1.024132
-1.142532
-1.420810
-1.800782
-2.253468
-2.975518
-4.107608
-5.702703
-6.410075
-7.187218
-8.296433
-9.733281
-11.636359
-14.593859
-18.121574
-21.825251
-24.280676
-25.517057
-26.251741
-25.917871
-25.747593
-25.252281
-24.354921
-23.832760
-22.898241
-22.058796
-21.052055
-20.935484
-21.116899
-20.751028
-20.377689
-19.396029
-19.057747
-18.940880
-18.334974
-18.165831
-18.017633
-17.233919
-16.102489
-13.251580
-9.787448
-5.656861
-2.175660
1.931521
6.330551
10.280982
12.563280
14.121169
14.290631
13.954139
14.028242
12.015349
9.489413
7.031083
4.162783
1.062996
1.418499
1.879965
3.767849
6.320804
9.461000
12.007830
14.639295
15.792150
17.783276
18.291437
17.271461
15.851143
14.779482
14.411140
13.520649
12.742051
11.754967
10.270979
9.623080
9.573141
9.745679
9.852058
9.691298
9.489676
9.542716
9.774270
10.254895
11.224728
11.942808
12.295700
12.747917
12.794604
12.860906
12.540366
12.401430
12.462712
12.830511
13.138771
13.093171
13.006495
