0.937316
0.937324
0.937336
0.937342
0.937346
0.937353
0.937348
0.937339
0.937336
0.937334
0.937331
0.937340
0.937354
0.937383
0.937425
0.937469
0.937490
0.937495
0.937483
0.937453
0.937379
0.937251
0.937066
0.936828
0.936549
0.936252
0.935858
0.935386
0.934823
0.934123
0.933294
0.932410
0.931399
0.930347
0.929191
0.927952
0.926598
0.925176
0.923691
0.922116
0.920482
0.918774
0.916984
0.915126
0.913198
0.911232
0.909168
0.907058
0.904957
0.902856
0.900779
0.898693
0.896624
0.894555
0.892598
0.890750
0.888962
0.887192
0.885471
0.883830
0.882204
0.880691
0.879252
0.877983
0.876789
0.875650
0.874597
0.873683
0.872850
0.872110
0.871451
0.870867
0.870308
0.869802
0.869370
0.868972
0.868630
0.868301
0.867979
0.867705
0.867570
0.867408
0.867319
0.867248
0.867188
0.867086
0.866990
0.866976
0.866975
0.867012
0.867059
0.867050
0.867062
0.867085
0.867130
0.867153
0.867172
0.867153
0.867082
0.867036
0.866844
