1.377001
2.586154
4.113230
6.183901
9.059198
11.649682
13.145428
14.741630
16.439377
18.019346
19.489319
21.151081
23.061937
22.783575
21.536234
20.088264
19.173382
17.895580
15.780743
11.960992
8.464176
5.511231
3.129390
1.683006
1.181377
0.682552
0.358615
0.583981
0.303833
-0.091485
-0.733307
-0.738849
-0.738307
-0.657062
-0.229740
0.470715
1.005575
1.581854
1.086266
0.316634
-0.555549
-1.019658
-1.651641
-1.576329
-1.455693
-1.045457
-1.672787
-0.692347
-0.705207
-0.505006
-0.279312
-0.243446
-0.042660
-0.101325
-0.190094
-0.221207
-0.222460
-0.312095
-0.348555
-0.311113
-0.288148
-0.305266
-0.307883
-0.292679
-0.244645
0.169711
0.260251
0.563227
0.692082
0.916732
0.956754
0.936893
1.125740
1.218259
1.213369
1.103230
1.002778
0.935444
1.023131
0.917691
0.837289
0.788019
0.765995
0.741049
0.671328
0.490082
0.374266
0.216799
-0.078098
-0.365704
-0.548894
-0.752045
-1.011144
-1.304027
-1.397649
-1.594307
-1.502835
-1.414341
-1.424236
-1.383611
-1.386829
