0.051140
0.051148
0.051155
0.051149
0.051008
0.050914
0.050886
0.050937
0.050966
0.050995
0.050939
0.050783
0.050604
0.050444
0.050284
0.050109
0.049944
0.049813
0.049656
0.049487
0.049369
0.049251
0.049097
0.049009
0.048884
0.048763
0.048692
0.048647
0.048612
0.048586
0.048538
0.048475
0.048430
0.048373
0.048295
0.048229
0.048162
0.048123
0.048095
0.048079
0.048031
0.048006
0.047989
0.047968
0.047955
0.047954
0.047930
0.047894
0.047871
0.047851
0.047824
0.047791
0.047750
0.047732
0.047713
0.047684
0.047647
0.047611
0.047577
0.047552
0.047507
0.047476
0.047443
0.047409
0.047372
0.047340
0.047302
0.047264
0.047217
0.047140
0.047030
0.046990
0.046971
0.047184
0.047385
0.047474
0.047439
0.047401
0.047439
0.047450
0.047497
0.047526
0.047576
0.047574
0.047583
0.047651
0.047692
0.047700
0.047743
0.047779
0.047825
0.047860
0.047891
0.047921
0.047947
0.047977
0.048014
0.048048
0.048078
0.048113
0.048146
