0.317294
0.317331
0.317557
0.317826
0.318084
0.318293
0.318332
0.318264
0.318177
0.318141
0.318102
0.318030
0.317923
0.317898
0.317861
0.317749
0.317711
0.317671
0.317604
0.317571
0.317529
0.317455
0.317411
0.317353
0.317274
0.317189
0.317118
0.317026
0.316934
0.316851
0.316775
0.316684
0.316611
0.316544
0.316479
0.316415
0.316362
0.316296
0.316236
0.316181
0.316133
0.316070
0.316005
0.315953
0.315895
0.315832
0.315777
0.315723
0.315664
0.315605
0.315550
0.315499
0.315444
0.315387
0.315331
0.315266
0.315215
0.315160
0.315109
0.315052
0.314998
0.314942
0.314881
0.314814
0.314764
0.314720
0.314658
0.314555
0.314361
0.314212
0.314301
0.314438
0.314692
0.314933
0.315149
0.315184
0.315179
0.315151
0.315128
0.315094
0.315065
0.315034
0.315001
0.314981
0.314933
0.314890
0.314846
0.314802
0.314764
0.314726
0.314685
0.314647
0.314611
0.314574
0.314536
0.314499
0.314461
0.314424
0.314387
0.314350
0.314313
