0.898387
0.895707
0.895051
0.896329
0.873989
0.400991
-0.521818
-1.371563
-2.824806
-2.469360
-2.450575
-4.785429
-4.858197
-5.087851
-4.831869
-4.578910
-3.596620
-2.766166
-2.727170
-1.008031
0.878646
0.007490
0.865001
1.872218
2.117963
2.262051
0.687307
-0.936126
-1.819711
-1.688227
-1.957316
-1.458896
-0.786442
-1.214397
-0.302093
0.384419
0.613770
0.293191
0.480382
1.072629
1.032198
0.702288
0.206965
0.655068
1.014714
1.236521
1.511279
1.872584
2.028860
2.192864
2.291943
2.282646
2.277826
2.374718
2.352854
2.366314
2.346744
2.359367
2.376255
2.455867
2.437665
2.396530
2.294228
2.335121
2.325366
2.396013
2.386704
2.553816
2.772918
3.171950
3.448789
4.857281
7.048032
2.275208
-8.499794
-5.074564
3.565872
23.022795
30.096821
25.202021
23.643881
15.997242
13.367510
9.032917
10.039438
8.347425
1.178828
0.634732
1.518685
-0.723954
0.056558
0.517664
1.639814
2.030343
2.070615
2.191217
2.133748
2.048573
2.100365
2.135445
2.148463
