0.146713
0.146401
0.146173
0.146200
0.146503
0.146971
0.147486
0.147997
0.148598
0.149130
0.149652
0.150284
0.151036
0.151953
0.152991
0.154269
0.155561
0.156896
0.158548
0.160282
0.162015
0.163910
0.165872
0.167761
0.169723
0.171579
0.173500
0.175410
0.177155
0.178838
0.180526
0.182236
0.183769
0.185387
0.186903
0.188362
0.189691
0.191043
0.192007
0.192831
0.193484
0.194075
0.194628
0.195213
0.196058
0.197432
0.199025
0.200677
0.202499
0.204384
0.206425
0.208480
0.210509
0.212728
0.214913
0.217046
0.219240
0.221407
0.223598
0.225696
0.227766
0.229801
0.231769
0.233831
0.235625
0.237473
0.239334
0.241291
0.242967
0.244579
0.245877
0.246959
0.247819
0.248442
0.248940
0.249168
0.249337
0.249480
0.249610
0.249673
0.249688
0.249689
0.249672
0.249669
0.249717
0.249688
0.249607
0.249370
0.249103
0.248817
0.248456
0.248050
0.247664
0.247280
0.246880
0.246486
0.246081
0.245687
0.245283
0.244863
0.244456
