2.403759
2.405587
2.395828
2.423020
2.774593
2.757068
2.784355
2.800534
2.718673
2.680134
2.671578
2.723228
2.644009
2.632552
2.678657
2.728840
2.688484
2.657987
2.584240
2.609588
2.702501
2.750844
2.782603
2.943906
2.920813
2.956821
2.958684
3.000471
2.970665
2.947374
2.836246
2.802246
2.677312
2.736207
2.757560
2.846285
2.876381
2.906997
3.157940
3.763338
3.816850
3.931780
3.913916
3.980368
3.869242
3.904057
3.926208
4.051795
4.684412
4.617818
4.616366
4.649103
4.617517
4.571398
4.467442
4.497256
4.399346
4.072644
4.032385
4.011192
4.056872
4.043832
4.023723
3.998980
3.853714
3.682366
3.896213
3.825963
3.945976
4.000689
4.075312
4.169342
4.282695
4.434100
4.698418
4.912884
5.389375
5.553624
5.928868
6.026147
6.029526
6.093969
6.051885
5.752633
5.616987
4.969104
2.296638
0.939015
0.188488
0.923046
0.827457
0.141312
-0.299812
0.003752
0.221330
0.381850
0.614544
0.660425
0.621558
0.673272
0.804944
