-1.345638
-1.214108
-1.225529
-1.620180
-2.008175
-2.246780
-2.432426
-2.544062
-2.555091
-2.233184
-2.253688
-3.327724
-5.021857
-7.047078
-8.924493
-9.968560
-10.565869
-10.779211
-10.873453
-11.179957
-11.533312
-11.609093
-11.563838
-12.015880
-12.155014
-12.375622
-12.423606
-12.960476
-14.018133
-15.330133
-16.596327
-18.296156
-20.446598
-23.109413
-24.885548
-26.750380
-26.497593
-25.141243
-23.582029
-22.182240
-20.493559
-19.251970
-17.903952
-16.659735
-14.851839
-12.244353
-8.683255
-4.497079
-0.653124
0.593047
0.227130
0.764706
3.801584
8.081677
12.029820
14.993684
18.823065
22.570803
26.576380
28.114637
27.141037
26.693705
26.690720
26.396326
26.673887
26.293985
26.319061
25.843315
25.543644
25.383610
25.719666
25.410049
25.531069
25.723354
25.563923
24.032793
22.536032
20.894598
19.134352
17.581409
16.161848
14.821462
13.805859
12.547549
11.432995
11.179567
10.710037
10.207071
9.637296
9.227038
8.957612
8.761249
8.281452
7.757714
7.011022
6.345183
5.897712
5.470032
5.404033
5.138717
4.663338
