0.565954
0.538028
0.182652
-0.280498
-0.701418
-1.295591
-2.011720
-3.084605
-4.314818
-5.482837
-7.485543
-9.624398
-9.658484
-11.230010
-12.426995
-12.900444
-13.694860
-14.857030
-15.547147
-14.744703
-13.225037
-9.955457
-4.685969
0.874594
3.695073
9.728883
13.066078
11.603280
11.764877
11.729941
10.830252
11.371747
10.926733
11.146491
10.878462
10.675858
10.918610
11.215178
11.000726
10.569314
10.290925
10.090919
9.318181
8.644019
7.843698
7.263545
6.712753
6.069783
5.599308
5.133396
4.699955
4.358535
4.037634
3.703318
3.373352
3.059816
2.867631
2.641737
2.488601
2.377626
2.218588
2.062602
1.926671
1.785082
1.681249
1.569923
1.420197
1.326750
1.216422
1.122591
1.035402
0.957086
0.886918
0.842875
0.802028
0.771588
0.753020
0.712278
0.683243
0.664976
0.630584
0.583374
0.530293
0.477723
0.461932
0.405816
0.344316
0.325734
0.300640
0.252850
0.241648
0.183020
0.156463
0.139825
0.112071
0.115701
0.092980
0.096964
0.075624
0.041230
0.015662
