0.947872
0.947881
0.947893
0.947903
0.947913
0.947924
0.947929
0.947931
0.947932
0.947937
0.947949
0.947970
0.947981
0.947999
0.948001
0.948000
0.947991
0.947932
0.947846
0.947524
0.947119
0.946621
0.946077
0.945379
0.944600
0.943735
0.942815
0.941848
0.940786
0.939672
0.938528
0.937349
0.936157
0.934930
0.933701
0.932450
0.931192
0.929965
0.928728
0.927602
0.926611
0.925628
0.924765
0.923987
0.923225
0.922564
0.921984
0.921547
0.921153
0.920819
0.920554
0.920297
0.920090
0.919942
0.919859
0.919793
0.919772
0.919733
0.919713
0.919711
0.919723
0.919742
0.919768
0.919784
0.919808
0.919835
0.919867
0.919900
0.919926
0.919957
0.919988
0.920020
0.920052
0.920082
0.920115
0.920148
0.920174
0.920207
0.920239
0.920269
0.920298
0.920333
0.920365
0.920397
0.920426
0.920454
0.920485
0.920510
0.920542
0.920570
0.920606
0.920639
0.920668
0.920699
0.920724
0.920751
0.920785
0.920814
0.920846
0.920877
0.920910
