0.285895
0.179689
0.131672
-0.166857
-0.456159
-0.614645
-0.840683
-0.870365
-0.907642
-0.737684
-0.558566
-0.101486
0.426970
0.538784
0.805535
1.088927
1.532444
2.421916
3.457583
4.495060
5.336108
5.233057
3.384840
0.512655
-3.664942
-7.168025
-11.476905
-13.684800
-12.482852
-12.665604
-12.381358
-11.476640
-10.337570
-9.206429
-7.904784
-6.289358
-4.866644
-3.633274
-2.529007
-0.780544
0.484764
1.689093
3.726158
6.739382
8.265205
8.439087
8.391948
8.085960
7.570699
7.378832
7.156431
6.666841
5.955054
5.400181
4.954428
4.509955
4.144624
3.870839
3.623048
3.370906
3.131503
2.961970
2.781721
2.599292
2.444930
2.282606
2.123458
2.001906
1.917898
2.648291
2.528135
2.432713
2.332472
2.234246
2.128255
2.027281
1.945784
1.882094
1.747069
1.681114
1.644334
1.586724
1.522786
1.455418
1.406819
1.356539
1.316331
1.292274
1.256503
1.231477
1.182717
1.157113
1.124894
1.104270
1.077070
1.047492
1.034207
1.018021
1.004435
0.993270
0.972533
