0.192050
0.192064
0.192069
0.192114
0.192181
0.192260
0.192370
0.192550
0.192759
0.193003
0.193309
0.193632
0.193983
0.194377
0.194771
0.195244
0.195671
0.196117
0.196570
0.197045
0.197517
0.197999
0.198519
0.199071
0.199627
0.200176
0.200786
0.201396
0.202006
0.202543
0.203096
0.203664
0.204236
0.204797
0.205325
0.205840
0.206381
0.207006
0.207517
0.208031
0.208546
0.209013
0.209405
0.209717
0.209972
0.210113
0.210185
0.210073
0.209952
0.209867
0.209850
0.209893
0.209970
0.210205
0.210559
0.210889
0.211268
0.211694
0.212200
0.212738
0.213342
0.213995
0.214716
0.215420
0.216156
0.216806
0.217589
0.218294
0.219028
0.219771
0.220446
0.221140
0.221825
0.222518
0.223197
0.223820
0.224473
0.225093
0.225716
0.226332
0.226948
0.227498
0.228055
0.228609
0.229126
0.229640
0.230121
0.230550
0.230966
0.231401
0.231757
0.232059
0.232291
0.232517
0.232712
0.232849
0.232963
0.233066
0.233115
0.233155
0.233163
