1.111781
1.320885
1.573528
1.708719
1.666443
1.462333
1.140733
0.720144
0.253251
-0.208015
-0.575603
-0.660271
-0.566131
0.600742
2.985555
6.492915
11.546106
17.342606
22.071007
25.542812
26.783884
25.991980
23.636023
18.419333
10.110374
-0.225450
-12.503514
-23.601208
-30.059259
-33.255836
-34.079189
-33.438889
-29.072260
-22.247639
-11.941126
2.196631
13.858547
24.814373
34.930870
39.272163
36.951351
23.776419
10.096806
-2.622496
-10.725143
-13.786952
-10.804667
-8.893684
-6.971854
-4.981525
-2.809814
-2.132083
-2.132698
-2.621874
-2.265854
-2.043463
-0.995067
-1.256438
-0.755928
-0.544593
-0.019464
0.180591
0.077083
0.094410
0.161176
0.191196
0.121497
0.191131
0.141629
0.040159
0.183922
0.314150
0.394546
0.408219
0.334184
0.515083
0.600847
0.768580
0.950652
1.160881
1.246965
1.414293
1.373047
1.240165
1.147779
1.094247
1.086907
1.183883
1.328691
1.158735
1.156342
1.144774
1.147586
1.202572
1.153854
1.132978
1.045631
0.975738
0.937173
0.922513
0.899002
