0.001072
-0.012095
0.010527
0.037552
0.007730
-0.240601
-0.676166
-1.414893
-2.915514
-4.932387
-7.495747
-9.618109
-11.392202
-12.325293
-11.737331
-11.851460
-12.116124
-13.301180
-15.420670
-17.548830
-18.688128
-18.305721
-17.879705
-16.682213
-15.606606
-15.057805
-14.867492
-14.536598
-14.328145
-14.468378
-15.382374
-15.554778
-15.968026
-15.946233
-16.103224
-16.082907
-16.100649
-16.361635
-15.860855
-16.246071
-16.914316
-17.072317
-17.202679
-17.708139
-18.528179
-19.963421
-21.254990
-22.109259
-22.534006
-21.248667
-18.702143
-15.472783
-10.010501
-4.176470
2.785406
8.868753
11.992203
14.993958
16.793875
18.793987
20.286879
22.491524
23.409576
24.384119
24.826490
25.062178
24.413475
24.754696
24.198946
23.953291
23.523109
22.496166
21.627098
21.041300
20.570253
20.181692
19.777412
19.767130
19.627447
19.469629
19.333992
19.010544
18.434027
18.118168
17.786654
17.203875
16.755232
16.110691
15.532816
15.472553
15.617532
15.428686
15.460775
15.533479
16.001328
16.435675
16.213839
15.821830
15.369444
14.800732
14.297511
