0.264820
0.264852
0.264883
0.264951
0.265022
0.265080
0.265139
0.265300
0.265509
0.265700
0.265873
0.266037
0.266245
0.266506
0.266771
0.267053
0.267358
0.267703
0.268117
0.268506
0.268831
0.269154
0.269492
0.269809
0.270183
0.270451
0.270819
0.271202
0.271510
0.271711
0.271850
0.271996
0.272221
0.272455
0.272511
0.272536
0.272709
0.272668
0.272564
0.272420
0.272327
0.272179
0.272001
0.271825
0.271653
0.271548
0.271552
0.271582
0.271657
0.271778
0.271969
0.272186
0.272457
0.272803
0.273205
0.273577
0.273940
0.274382
0.274804
0.275198
0.275588
0.275975
0.276371
0.276719
0.277072
0.277375
0.277683
0.277895
0.278160
0.278368
0.278482
0.278610
0.278735
0.278781
0.278875
0.278939
0.278944
0.278956
0.278976
0.278988
0.279001
0.278982
0.278937
0.278957
0.278935
0.278901
0.278872
0.278846
0.278794
0.278723
0.278673
0.278645
0.278625
0.278593
0.278567
0.278544
0.278525
0.278509
0.278499
0.278484
0.278471
