1.225168
1.265774
1.254154
1.172111
1.096153
1.049068
0.940699
0.768081
0.644264
0.658733
0.953889
0.940515
0.871435
0.700690
0.307758
0.432412
0.318491
0.283503
0.242658
0.242704
0.284256
0.325872
0.304128
0.330084
0.397372
0.553091
0.604257
0.613208
0.621691
0.689930
0.528462
0.057023
-1.193923
-2.900772
-5.399765
-8.668674
-11.714171
-14.047848
-14.958300
-16.769711
-17.354353
-18.325636
-19.723751
-20.689125
-21.052383
-19.740200
-17.345526
-14.243707
-9.209859
-3.468060
5.735235
12.703088
16.277090
15.474491
15.225162
17.618223
19.750862
24.677605
26.003023
24.178299
23.446056
23.505886
22.830328
21.899269
21.535950
21.367613
23.194017
22.884377
21.473291
19.635933
17.154047
13.914718
10.925611
6.705948
2.864948
-0.046971
-3.711149
-5.763309
-7.914864
-11.436363
-14.357602
-16.920221
-16.626362
-14.747597
-12.996207
-11.755355
-11.371947
-10.371950
-9.245315
-8.023988
-7.104440
-7.648185
-7.050604
-6.888863
-6.293624
-5.802043
-5.292755
-4.813942
-4.403924
-3.713150
-2.986256
