0.027314
0.027384
0.027451
0.027658
0.027816
0.027921
0.028109
0.028366
0.028680
0.028998
0.029336
0.029696
0.030016
0.030310
0.030802
0.031316
0.031796
0.032929
0.033700
0.034405
0.034800
0.035198
0.035629
0.036149
0.036694
0.037188
0.037799
0.038437
0.039169
0.039849
0.040750
0.041688
0.042461
0.043324
0.044541
0.045443
0.046307
0.047111
0.047424
0.048209
0.049106
0.049768
0.050466
0.050968
0.051185
0.051165
0.050628
0.050470
0.050026
0.049759
0.049533
0.048869
0.048394
0.047878
0.047370
0.046817
0.046205
0.045894
0.045277
0.044620
0.044237
0.044095
0.043947
0.043649
0.043561
0.043583
0.043647
0.043858
0.044091
0.044412
0.044487
0.044713
0.045003
0.045247
0.045432
0.045405
0.045658
0.045929
0.046272
0.046497
0.047095
0.047673
0.048010
0.048923
0.049740
0.050605
0.051421
0.052458
0.053158
0.054083
0.054844
0.055767
0.056521
0.057061
0.057852
0.058283
0.059396
0.060671
0.062069
0.063281
0.064253
