0.678389
0.453268
0.243979
0.041361
-0.035807
0.031389
0.213773
0.670515
1.338768
1.714481
1.921298
1.999732
2.007890
1.983872
1.996793
1.940619
1.838448
1.677991
1.670097
1.632156
1.656212
1.668419
1.718280
1.566556
1.642633
1.772487
1.737490
1.637967
1.543415
1.486228
1.371660
1.308204
1.141581
0.817854
0.256261
-0.563001
-1.286378
-1.948133
-2.450077
-2.849150
-2.991689
-2.958415
-3.201959
-3.370795
-3.438139
-3.420698
-3.414324
-3.328361
-3.335499
-3.383496
-3.419847
-3.367917
-3.304381
-3.237407
-3.099421
-3.138737
-2.923046
-2.378009
-1.471916
-0.523510
0.138708
0.464772
0.795648
1.096296
1.518631
1.106905
0.959685
0.647383
0.618427
0.527885
0.477150
0.474442
0.393426
0.081447
-0.178200
-0.263319
-0.289792
-0.369402
-0.559740
-0.790009
-0.919848
-0.888385
-0.889603
-0.890716
-1.022448
-1.075713
-1.184228
-1.146837
-1.147333
-1.297846
-1.315627
-1.381219
-1.465469
-1.543901
-1.657738
-1.731068
-1.846112
-2.045885
-2.120286
-2.184572
-2.191522
