-0.025711
-0.025671
-0.025646
-0.025625
-0.025536
-0.025513
-0.025450
-0.025446
-0.025538
-0.025656
-0.025457
-0.025089
-0.024571
-0.024198
-0.023969
-0.023891
-0.023828
-0.024038
-0.024235
-0.024341
-0.024496
-0.024630
-0.024726
-0.024827
-0.024908
-0.025010
-0.025119
-0.025238
-0.025414
-0.025536
-0.025568
-0.025666
-0.025767
-0.025901
-0.026055
-0.026209
-0.026316
-0.026451
-0.026600
-0.026739
-0.026868
-0.026996
-0.027154
-0.027297
-0.027406
-0.027545
-0.027669
-0.027791
-0.027932
-0.028083
-0.028207
-0.028327
-0.028440
-0.028552
-0.028662
-0.028765
-0.028876
-0.028995
-0.029074
-0.029165
-0.029234
-0.029292
-0.029397
-0.029398
-0.029327
-0.029271
-0.029255
-0.029281
-0.029268
-0.029252
-0.029265
-0.029288
-0.029358
-0.029393
-0.029450
-0.029500
-0.029575
-0.029660
-0.029758
-0.029838
-0.030073
-0.030119
-0.030010
-0.030030
-0.030092
-0.030300
-0.030514
-0.030577
-0.030799
-0.030925
-0.031071
-0.031203
-0.031267
-0.031416
-0.031582
-0.031685
-0.031826
-0.031946
-0.032079
-0.032204
-0.032319
