-0.235521
-0.249873
-0.260041
-0.256452
-0.242770
-0.293110
-0.562385
-1.542693
-4.586594
-13.648001
-37.476257
-77.435104
-106.381355
-94.648117
-88.628693
-91.892853
-74.584564
-54.064583
-36.100506
-23.458961
-15.273744
-11.016791
-8.132355
-6.258765
-5.233339
-4.074498
-3.289178
-2.826363
-2.469716
-2.393088
-2.503664
-2.479493
-2.245547
-1.961421
-1.737407
-1.427384
-1.347448
-1.325475
-1.217106
-1.112679
-1.037524
-0.938052
-0.768961
-0.602386
-0.563249
-0.537288
-0.474506
-0.402185
-0.389168
-0.322882
-0.237325
-0.133644
-0.045921
-0.018783
0.055250
0.173122
0.309923
0.532876
0.750518
1.024768
0.983476
1.328167
1.738358
1.611580
1.444587
1.193197
0.931801
0.613936
0.338051
0.074350
-0.123714
-0.197371
-0.241317
-0.344706
-0.458150
-0.536979
-0.556436
-0.475512
-0.603602
0.744156
1.353477
13.681949
40.325657
75.589294
109.388786
108.394653
99.258568
81.107185
64.522148
42.021332
25.016302
15.937074
10.320372
6.873794
5.461988
4.152652
3.264426
2.581674
2.113513
1.882285
1.454503
