-0.199735
-0.181687
-0.168346
-0.188094
-0.235181
-0.281821
-0.422127
-0.720815
-1.234484
-1.916336
-2.675347
-3.572764
-4.636112
-5.636188
-6.663070
-7.702955
-8.813479
-10.260611
-11.482615
-12.396081
-13.115064
-13.597920
-13.988600
-15.002123
-15.468679
-15.954795
-16.289474
-16.993004
-17.146444
-17.595692
-18.339928
-19.177811
-20.260962
-20.872952
-21.323606
-22.339508
-23.425694
-24.099401
-23.998760
-24.410675
-25.589540
-26.552067
-26.568739
-25.665905
-24.576040
-23.257362
-21.821314
-20.446041
-18.907021
-17.643030
-16.808657
-15.854624
-14.970478
-14.405592
-13.547513
-12.367288
-11.312106
-10.256894
-9.087114
-7.309338
-5.726849
-3.787213
-1.260847
0.942951
4.257388
6.913773
11.043165
16.141262
19.114141
19.577734
19.786354
20.882912
21.493509
21.734156
21.390108
21.610668
22.148771
22.975092
23.295391
23.215147
23.137272
22.474321
21.609703
20.557768
20.590687
20.603685
20.874733
21.060415
21.429621
21.682106
21.701675
21.749752
21.568792
21.073135
20.696575
20.316545
19.868979
19.750635
19.614351
19.490574
19.133884
