1.891449
1.886015
1.877602
1.857036
1.828063
1.790372
1.837543
1.853198
2.027019
1.864909
1.737025
1.456666
1.481797
1.744863
1.014107
0.275557
-0.067506
-0.157279
-0.325440
-0.569288
-2.055248
-4.014306
-6.143229
-11.285430
-10.680197
-9.101626
-5.260202
4.971100
7.412677
6.052004
4.893518
-2.596661
-2.441378
3.046299
15.426387
29.151630
29.066919
10.798097
6.049926
2.489708
-4.572286
-14.740640
-33.361794
-30.481184
-7.915815
7.987245
36.153618
25.738434
18.790390
2.745378
18.616928
19.041630
2.875645
-15.252634
-14.395425
-14.966389
-18.998705
-17.153740
-23.337763
-37.118717
-37.808319
-35.228607
-28.682875
-12.448745
10.809812
32.451317
22.516445
25.007521
29.570601
34.579132
44.969387
44.089634
27.747358
10.516465
9.104141
0.312442
-5.770955
-1.055642
-5.912253
-7.581785
-14.861430
-21.222939
-26.487659
-29.178431
-34.653339
-36.234493
-29.385286
-23.590094
-3.276308
4.558568
11.767701
13.353831
15.223680
15.822982
12.975064
11.218111
9.797331
9.185093
8.268073
7.563999
6.818741
