0.478716
0.426816
0.380040
0.263394
0.122571
0.054217
-0.034551
-0.083650
-0.201257
-0.330490
-0.379966
-0.445568
-0.546291
-0.607519
-0.636440
-0.667252
-0.710788
-0.742546
-0.814052
-0.819092
-0.773991
-0.808254
-0.806578
-0.913293
-0.901005
-0.970163
-1.084100
-1.198352
-1.338977
-1.474760
-1.689208
-1.832213
-1.984602
-2.133876
-2.141491
-2.288105
-2.123072
-2.002713
-2.149152
-2.263677
-2.444521
-2.649950
-2.966413
-3.185725
-3.271405
-3.503940
-3.888309
-4.064296
-4.239018
-4.253690
-4.173034
-4.007124
-3.700807
-2.943478
-1.994146
-0.946661
-0.359371
1.219914
2.739715
3.185717
3.599403
4.574683
4.705235
4.719984
5.257781
5.600717
5.978569
6.335957
7.127976
7.184939
6.692389
6.447361
6.312315
6.016848
6.026580
5.812131
5.855741
5.725654
5.562243
5.444611
5.216114
5.104231
4.795774
4.645992
4.462452
4.230559
4.035145
3.829056
3.864064
3.785627
3.655198
3.684083
3.474200
3.371691
2.896521
2.683444
2.299636
2.106460
2.025143
1.914473
1.817214
