-0.152941
-0.153015
-0.153103
-0.153177
-0.153254
-0.153239
-0.153133
-0.152811
-0.152308
-0.153154
-0.153303
-0.152753
-0.152743
-0.152614
-0.152471
-0.152453
-0.153135
-0.152832
-0.151946
-0.151749
-0.151444
-0.151277
-0.151186
-0.151132
-0.151122
-0.151112
-0.151186
-0.151055
-0.150961
-0.150899
-0.150849
-0.150773
-0.150700
-0.150630
-0.150566
-0.150482
-0.150369
-0.150315
-0.150227
-0.150139
-0.150038
-0.149933
-0.149839
-0.149738
-0.149635
-0.149554
-0.149468
-0.149365
-0.149266
-0.149172
-0.149045
-0.148927
-0.148812
-0.148691
-0.148572
-0.148448
-0.148339
-0.148222
-0.148100
-0.147977
-0.147855
-0.147735
-0.147614
-0.147498
-0.147378
-0.147257
-0.147134
-0.147012
-0.146884
-0.146761
-0.146629
-0.146495
-0.146370
-0.146237
-0.146102
-0.145981
-0.145850
-0.145726
-0.145602
-0.145479
-0.145356
-0.145231
-0.145105
-0.144980
-0.144859
-0.144731
-0.144598
-0.144470
-0.144339
-0.144209
-0.144087
-0.143954
-0.143816
-0.143693
-0.143560
-0.143429
-0.143304
-0.143174
-0.143051
-0.142926
-0.142797
