0.315946
0.315929
0.315916
0.315935
0.315942
0.315972
0.316009
0.316059
0.316134
0.316214
0.316304
0.316403
0.316504
0.316629
0.316759
0.316901
0.317057
0.317232
0.317452
0.317700
0.317957
0.318243
0.318561
0.318893
0.319243
0.319635
0.320056
0.320502
0.320945
0.321383
0.321854
0.322344
0.322864
0.323359
0.323879
0.324408
0.324917
0.325408
0.325883
0.326338
0.326770
0.327242
0.327668
0.328055
0.328391
0.328666
0.328949
0.329181
0.329406
0.329583
0.329716
0.329765
0.329809
0.329795
0.329717
0.329554
0.329416
0.329382
0.329418
0.329585
0.329807
0.330104
0.330458
0.330822
0.331186
0.331599
0.332019
0.332472
0.332968
0.333488
0.334032
0.334583
0.335154
0.335726
0.336288
0.336845
0.337460
0.338068
0.338687
0.339279
0.339866
0.340448
0.340992
0.341543
0.342056
0.342563
0.343044
0.343520
0.344004
0.344458
0.344891
0.345304
0.345693
0.346055
0.346383
0.346722
0.347028
0.347290
0.347533
0.347755
0.347962
