0.484770
0.485822
0.486855
0.487885
0.488908
0.489858
0.490797
0.491569
0.492111
0.492480
0.492662
0.492644
0.492328
0.491741
0.490899
0.489830
0.488590
0.487239
0.485757
0.484266
0.482623
0.480794
0.478883
0.476818
0.474606
0.472144
0.469563
0.466833
0.463943
0.460826
0.457446
0.453817
0.449915
0.445863
0.441609
0.437138
0.432534
0.427701
0.422718
0.417636
0.412431
0.407114
0.401761
0.396385
0.390783
0.385077
0.379118
0.373013
0.366824
0.360492
0.353970
0.347319
0.340541
0.333597
0.326595
0.319547
0.312355
0.305183
0.297952
0.290720
0.283435
0.276076
0.268694
0.261218
0.253764
0.246169
0.238766
0.231467
0.224309
0.217277
0.210522
0.204060
0.198107
0.192722
0.187885
0.183615
0.179785
0.176561
0.174053
0.172482
0.171282
0.170672
0.170508
0.170620
0.171067
0.171832
0.172855
0.173991
0.175312
0.176851
0.178565
0.180407
0.182406
0.184591
0.186948
0.189456
0.192123
0.194824
0.197657
0.200611
0.203556
