0.607184
0.598623
0.584609
0.568169
0.529406
0.476944
0.420672
0.384293
0.369335
0.326330
0.305547
0.320090
0.305924
0.297585
0.311114
0.298817
0.273677
0.259533
0.242819
0.256846
0.264752
0.275232
0.207252
0.184149
0.190636
0.178333
0.203565
0.181428
0.204314
0.223447
0.260504
0.260297
0.265417
0.292318
0.316205
0.358616
0.379398
0.380826
0.341858
0.369729
0.391010
0.408831
0.452936
0.488243
0.479607
0.591273
0.690954
0.791479
0.852243
0.913511
1.100668
1.249306
1.517242
1.694052
1.677215
1.659555
1.636566
1.491974
1.470963
1.286132
1.112705
1.132920
1.030864
0.936810
0.917126
0.838844
0.822171
0.858266
0.931107
0.980678
1.026993
1.042109
1.117911
1.233021
1.389608
1.695889
1.810893
1.921790
1.948199
1.919665
1.920692
1.912560
1.950971
2.157599
2.182856
2.273988
2.366705
2.418657
2.346371
2.318217
2.350479
2.418325
2.512382
2.569063
2.607857
2.659047
2.663275
2.657124
2.600119
2.577699
2.554624
