0.297951
0.297920
0.297895
0.297883
0.297886
0.297905
0.297966
0.298057
0.298158
0.298282
0.298437
0.298593
0.298760
0.298975
0.299199
0.299437
0.299713
0.300017
0.300342
0.300687
0.301038
0.301424
0.301855
0.302299
0.302775
0.303273
0.303777
0.304313
0.304884
0.305449
0.306018
0.306586
0.307168
0.307738
0.308197
0.308746
0.309331
0.309888
0.310428
0.310922
0.311331
0.311736
0.312145
0.312504
0.312761
0.313018
0.313240
0.313389
0.313452
0.313433
0.313397
0.313277
0.313181
0.313209
0.313329
0.313540
0.313825
0.314107
0.314490
0.314876
0.315405
0.315956
0.316526
0.317178
0.317822
0.318470
0.319145
0.319797
0.320447
0.321073
0.321701
0.322338
0.322978
0.323567
0.324167
0.324760
0.325332
0.325881
0.326393
0.326911
0.327392
0.327853
0.328302
0.328743
0.329124
0.329463
0.329789
0.330115
0.330366
0.330596
0.330789
0.330922
0.331020
0.331104
0.331164
0.331251
0.331257
0.331243
0.331201
0.331121
0.331044
