3.110644
3.489248
3.886873
4.258311
4.579110
4.838632
5.000603
5.269862
5.371067
5.731665
6.479295
6.228262
6.348993
6.169052
4.277074
4.798730
5.694912
4.261813
5.869318
6.147101
6.017911
5.687071
5.508478
5.708999
5.798216
5.871706
5.691123
5.342572
4.871203
4.445884
3.428596
2.841302
2.401266
2.050901
2.270612
2.291201
2.216622
2.024206
1.773795
1.611521
3.190265
3.939336
4.580501
4.523595
5.411859
4.999274
5.194553
5.908917
5.435097
4.322672
3.678728
3.662246
3.559635
4.389840
3.083544
2.274570
0.645467
0.866159
1.896798
3.547514
2.952253
-0.019061
2.185706
3.975378
4.422384
5.020844
6.519110
7.139610
7.700070
7.801820
7.532611
7.475027
7.263239
7.316583
7.452982
7.697902
7.550948
7.471820
7.420574
7.342269
7.466461
7.664499
7.982640
8.121883
8.484291
8.497771
8.323815
8.186428
7.891005
7.706902
7.662239
7.645580
7.483633
7.258715
7.172251
7.060885
6.826157
6.804090
6.405005
5.544472
4.551760
