1.430207
1.615592
1.804713
2.038054
2.306195
2.437370
2.613499
2.835105
2.608369
2.560957
2.548093
2.461309
2.430982
2.283431
2.356864
2.487666
2.679889
2.906967
3.051814
3.076675
3.140670
3.170277
3.289670
3.443662
3.646902
3.771214
4.038018
4.171355
4.217506
4.183528
4.137752
4.058141
3.869305
3.835986
4.014367
3.741226
3.526101
3.235307
2.985284
2.797510
2.779268
2.937240
2.851878
2.457496
2.126438
1.788085
1.420539
1.236518
1.059719
0.877841
0.684880
0.585540
0.554613
0.632983
0.790815
0.654372
0.638871
0.648074
0.616466
0.550655
0.479146
0.507612
0.420385
0.332639
0.233154
0.159981
0.099136
0.099951
0.069278
0.032142
-0.095408
-0.183799
-0.181743
-0.059750
0.047888
0.158754
0.327480
0.430648
0.605557
0.710554
0.869799
0.987089
1.120310
1.126152
1.076064
1.129323
1.103474
1.073042
1.071895
1.149301
1.143891
1.101654
1.026419
1.021255
0.961089
0.858513
0.759402
0.529331
0.294265
0.113007
0.056514
