0.843817
0.844271
0.844729
0.845205
0.845680
0.846118
0.846523
0.846905
0.847257
0.847599
0.847990
0.848404
0.848918
0.849516
0.850202
0.850798
0.851306
0.851722
0.851853
0.851957
0.851883
0.851761
0.851349
0.850660
0.849813
0.848718
0.847311
0.845497
0.843593
0.840993
0.838082
0.834603
0.830840
0.827166
0.824330
0.821510
0.819379
0.817379
0.815570
0.813360
0.811067
0.808640
0.806041
0.803285
0.800431
0.797400
0.794677
0.791731
0.788333
0.784183
0.779447
0.774161
0.768592
0.762422
0.755619
0.748434
0.740927
0.733362
0.725707
0.718329
0.711114
0.704292
0.697929
0.692311
0.687028
0.682025
0.677616
0.673776
0.670173
0.666300
0.662901
0.659724
0.656952
0.655306
0.653953
0.652270
0.649676
0.646655
0.643266
0.640880
0.638912
0.637740
0.636848
0.636315
0.635894
0.635755
0.635744
0.635710
0.635855
0.636050
0.636349
0.636685
0.637173
0.637717
0.638379
0.639092
0.639851
0.640713
0.641627
0.642632
0.643731
