0.391483
0.390967
0.390491
0.390071
0.389698
0.389552
0.389653
0.390031
0.390684
0.391475
0.392410
0.393498
0.394826
0.396231
0.397901
0.399636
0.401488
0.403318
0.405417
0.406892
0.408303
0.409386
0.411357
0.413475
0.415242
0.417886
0.420141
0.422204
0.424137
0.426127
0.427977
0.429690
0.431356
0.433344
0.436010
0.438480
0.440546
0.442079
0.443253
0.444494
0.445680
0.446226
0.446021
0.445817
0.445330
0.444609
0.443792
0.443772
0.443914
0.444616
0.445677
0.446974
0.448401
0.450123
0.451849
0.454346
0.456513
0.458007
0.459511
0.460754
0.462617
0.464481
0.466637
0.468821
0.470417
0.471558
0.472450
0.473788
0.475384
0.476884
0.478843
0.480392
0.481729
0.482936
0.484071
0.485104
0.486090
0.486977
0.487890
0.488550
0.489189
0.489831
0.490358
0.490758
0.491132
0.491420
0.491580
0.491734
0.491794
0.491686
0.491576
0.491366
0.491050
0.490647
0.490181
0.489445
0.488690
0.487713
0.486652
0.485462
0.484155
