4.205318
4.498244
4.708312
4.919972
5.395883
6.111717
7.513774
9.963868
13.115488
16.502489
17.478682
18.191364
18.672691
19.945259
19.791862
18.822603
18.020384
16.321154
16.001360
15.492314
14.730752
14.419571
14.025237
12.274072
10.691875
12.099876
9.418456
5.118087
-3.593239
-2.571356
-3.372799
-1.838852
-0.855470
0.435307
4.312570
4.334817
4.507469
4.640944
3.351691
3.230224
3.663124
4.474578
5.894334
7.121133
6.975450
7.705898
7.412266
6.554457
5.234877
6.471289
6.322163
6.118362
5.607299
5.297657
4.698684
3.911828
3.616840
2.877365
1.748057
3.693516
2.354288
2.421502
4.091115
3.387258
2.138837
-1.689873
-2.851268
-2.908351
-1.598836
-0.644980
-0.399463
-0.681855
-1.333100
-1.438679
-1.736646
-2.729909
-2.742119
-3.078726
-3.076608
-2.830296
-2.755485
-2.636791
-2.542475
-2.335058
-2.272024
-2.208436
-2.171042
-2.143654
-2.183005
-2.171943
-2.246168
-2.306948
-2.169018
-2.133171
-1.928257
-1.819975
-1.578602
-1.344199
-1.179902
-1.214023
-0.756107
