-0.136927
-0.136935
-0.136943
-0.136947
-0.136935
-0.136918
-0.136895
-0.136866
-0.136824
-0.136788
-0.136751
-0.136698
-0.136646
-0.136655
-0.136612
-0.136578
-0.136550
-0.136525
-0.136475
-0.136431
-0.136383
-0.136329
-0.136269
-0.136209
-0.136159
-0.136103
-0.136034
-0.135973
-0.135918
-0.135846
-0.135775
-0.135712
-0.135644
-0.135590
-0.135546
-0.135497
-0.135452
-0.135403
-0.135361
-0.135313
-0.135307
-0.135262
-0.135269
-0.135211
-0.135154
-0.135088
-0.135027
-0.134929
-0.134854
-0.134768
-0.134689
-0.134599
-0.134487
-0.134392
-0.134269
-0.134144
-0.134012
-0.133891
-0.133731
-0.133577
-0.133419
-0.133281
-0.133140
-0.133018
-0.132886
-0.132784
-0.132679
-0.132577
-0.132497
-0.132446
-0.132376
-0.132290
-0.132237
-0.132184
-0.132133
-0.132105
-0.132043
-0.131990
-0.131938
-0.131903
-0.131862
-0.131845
-0.131830
-0.131811
-0.131789
-0.131781
-0.131786
-0.131798
-0.131786
-0.131785
-0.131785
-0.131795
-0.131822
-0.131850
-0.131867
-0.131896
-0.131925
-0.131965
-0.131993
-0.132035
-0.132057
