0.278212
0.261454
0.261478
0.261503
0.261542
0.261596
0.261638
0.261673
0.261730
0.261832
0.261938
0.262109
0.262279
0.262401
0.262535
0.262721
0.262956
0.263177
0.263362
0.263589
0.263922
0.264299
0.264641
0.264935
0.265215
0.265504
0.265809
0.266173
0.266465
0.266731
0.266991
0.267251
0.267577
0.267962
0.268333
0.268659
0.268817
0.268936
0.269120
0.269385
0.269560
0.269611
0.269704
0.269898
0.269984
0.270010
0.269992
0.269863
0.269738
0.269557
0.269474
0.269457
0.269498
0.269577
0.269661
0.269781
0.269977
0.270220
0.270509
0.270858
0.271236
0.271601
0.271990
0.272407
0.272786
0.273158
0.273509
0.273850
0.274136
0.274448
0.274742
0.275027
0.275241
0.275437
0.275632
0.275796
0.275956
0.276084
0.276202
0.276311
0.276383
0.276459
0.276520
0.276569
0.276624
0.276672
0.276702
0.276744
0.276773
0.276807
0.276838
0.276870
0.276900
0.276922
0.276956
0.276989
0.277019
0.277046
0.277077
0.277093
0.277119
