-0.423401
-0.435534
-0.470810
-0.538511
-0.660971
-0.874041
-1.003289
-0.987692
-0.948838
-0.954436
-0.997969
-1.207719
-1.886220
-3.007895
-4.101575
-5.621299
-7.151248
-8.102111
-7.420572
-5.880558
-5.031467
-7.321179
-12.537347
-17.706711
-20.345392
-20.825430
-22.227034
-25.204973
-26.425093
-24.899235
-22.599573
-19.459032
-15.987777
-13.821782
-17.766035
-26.497658
-30.943607
-28.789501
-26.283581
-27.575596
-27.291357
-24.089115
-20.242235
-20.630070
-23.529440
-25.412642
-25.855703
-23.686327
-20.160625
-12.187455
-2.366706
7.704745
15.262118
19.166170
24.169474
30.328581
34.700924
36.234375
37.413841
39.298172
39.269314
39.378681
39.384956
38.416393
37.446522
36.931435
36.861492
36.470005
36.450573
36.206207
35.542294
34.316856
32.810135
31.639816
30.402454
28.807289
26.959761
24.543753
22.276594
20.274521
18.389772
16.694597
15.204121
13.985981
12.536345
10.932207
9.554774
8.318151
7.409065
6.684157
5.916368
5.227720
4.670544
4.424572
3.945966
3.611859
3.370466
3.293315
3.246216
3.652100
3.551847
