0.379357
0.384794
0.441550
0.541700
0.681512
0.635464
0.623409
0.630719
0.625332
0.588363
0.556945
0.540876
0.545892
0.573376
0.569339
0.574804
0.577778
0.579515
0.643527
0.688519
0.705482
0.702556
0.677239
0.590666
0.446426
0.419780
0.428644
0.461724
0.456126
0.413336
0.459754
0.647689
0.661589
0.698745
0.786505
0.857112
0.902492
0.970390
0.967735
1.062412
1.211113
1.494920
1.662922
1.840958
1.958506
2.248028
2.300321
2.352218
2.479722
2.706038
2.692871
2.795604
2.514136
2.280107
2.211648
2.028813
1.841738
1.771570
1.494464
0.902254
0.384735
-0.008186
-0.321211
-0.653090
-0.725346
-0.844517
-0.909200
-0.921328
-0.915404
-0.847755
-0.861239
-0.850803
-0.848507
-0.794638
-0.787685
-0.710050
-0.790094
-0.740045
-0.718362
-0.706336
-0.660646
-0.668963
-0.651627
-0.652238
-0.592370
-0.587443
-0.518999
-0.436628
-0.350883
-0.302953
-0.294142
-0.275409
-0.267751
-0.282021
-0.196601
-0.220883
-0.189149
-0.195386
-0.187259
-0.171862
-0.178151
