0.939904
0.939940
0.939984
0.940040
0.940113
0.940188
0.940261
0.940339
0.940416
0.940458
0.940528
0.940584
0.940657
0.940698
0.940715
0.940742
0.940749
0.940686
0.940585
0.940434
0.940297
0.940126
0.939871
0.939615
0.939338
0.938994
0.938606
0.938154
0.937458
0.936566
0.935553
0.934415
0.933227
0.932027
0.930801
0.929531
0.928220
0.926930
0.925602
0.924329
0.923070
0.921782
0.920464
0.919130
0.917851
0.916491
0.915184
0.913896
0.912661
0.911385
0.909933
0.908251
0.906261
0.904066
0.901731
0.899270
0.896658
0.893716
0.890678
0.887431
0.884052
0.880562
0.876951
0.873342
0.869836
0.866257
0.862757
0.859430
0.856000
0.852717
0.849445
0.846332
0.843346
0.840591
0.837796
0.835123
0.832480
0.830048
0.827687
0.825495
0.823294
0.821280
0.819271
0.817501
0.815886
0.814323
0.812892
0.811659
0.810480
0.809374
0.808407
0.807515
0.806713
0.805928
0.805216
0.804633
0.804117
0.803733
0.803524
0.803397
0.803299
