0.933590
0.933587
0.933586
0.933600
0.933618
0.933665
0.933729
0.933769
0.933794
0.933904
0.933934
0.933986
0.934028
0.933987
0.933920
0.933770
0.933562
0.933298
0.932975
0.932612
0.932238
0.931771
0.931250
0.930668
0.929944
0.929135
0.928253
0.927291
0.926261
0.925180
0.924068
0.922922
0.921763
0.920518
0.919211
0.917836
0.916360
0.914728
0.912935
0.910976
0.908897
0.906620
0.904044
0.901283
0.898284
0.895132
0.891864
0.888510
0.885008
0.881418
0.877724
0.873903
0.870231
0.868099
0.867089
0.865924
0.864904
0.863866
0.862544
0.861163
0.859692
0.857788
0.855620
0.853104
0.850303
0.846970
0.843217
0.838982
0.836571
0.833601
0.830793
0.827976
0.825347
0.822846
0.820405
0.817996
0.815635
0.813426
0.811450
0.809528
0.807753
0.806052
0.804903
0.803924
0.803226
0.802923
0.802844
0.802792
0.802743
0.802747
0.802755
0.802834
0.803035
0.803257
0.803483
0.803744
0.804033
0.804355
0.804711
0.805025
0.805400
