0.953347
0.953393
0.953435
0.953464
0.953487
0.953513
0.953523
0.953516
0.953515
0.953540
0.953558
0.953572
0.953616
0.953635
0.953658
0.953708
0.953726
0.953821
0.953857
0.953789
0.953637
0.953390
0.953008
0.952447
0.951679
0.950772
0.949717
0.948580
0.947338
0.945940
0.944446
0.942811
0.941120
0.939286
0.937300
0.935231
0.933036
0.930761
0.928429
0.926049
0.923567
0.921086
0.918506
0.915897
0.913232
0.910498
0.907730
0.904927
0.902115
0.899277
0.896427
0.893577
0.890723
0.887885
0.885096
0.882379
0.879708
0.877054
0.874533
0.872127
0.869836
0.867632
0.865651
0.863902
0.862399
0.861163
0.860238
0.859324
0.858450
0.858159
0.858202
0.858775
0.859062
0.859332
0.859582
0.859847
0.860133
0.860385
0.860654
0.860904
0.861169
0.861414
0.861666
0.861941
0.862200
0.862453
0.862739
0.862999
0.863264
0.863531
0.863819
0.864080
0.864363
0.864624
0.864902
0.865156
0.865423
0.865683
0.865935
0.866198
0.866463
