0.165925
0.165899
0.165898
0.165999
0.166102
0.166257
0.166528
0.166871
0.167315
0.167894
0.168559
0.169301
0.170041
0.170915
0.171719
0.172503
0.173234
0.173920
0.174554
0.175135
0.175778
0.176233
0.176532
0.176761
0.176905
0.176998
0.176898
0.176788
0.176566
0.176462
0.176313
0.176236
0.176093
0.175974
0.175812
0.175711
0.175683
0.175707
0.175870
0.176069
0.176400
0.176765
0.177164
0.177634
0.178244
0.178863
0.179542
0.180147
0.180837
0.181631
0.182523
0.183356
0.184412
0.185362
0.186225
0.187088
0.187986
0.188717
0.189322
0.189634
0.190106
0.190438
0.190615
0.190681
0.190663
0.190637
0.190592
0.190517
0.190437
0.190358
0.190276
0.190118
0.189943
0.189758
0.189578
0.189386
0.189205
0.189023
0.188840
0.188693
0.188494
0.188334
0.188141
0.187973
0.187787
0.187603
0.187425
0.187256
0.187081
0.186896
0.186752
0.186583
0.186393
0.186221
0.186050
0.185880
0.185705
0.185541
0.185372
0.185205
0.185036
