2.429685
2.499336
2.559635
3.108737
4.068177
5.002479
6.154718
7.356541
7.984165
8.150572
8.780567
9.369276
9.804083
8.407269
6.729939
4.104929
1.196651
-0.979414
-3.275001
-5.305874
-10.023266
-14.057764
-14.941498
-17.004339
-16.023081
-14.562835
-12.925624
-10.994815
-9.108968
-7.778918
-6.665391
-5.774113
-4.749532
-3.987997
-3.474070
-2.920244
-2.354440
-1.635759
-0.986927
-0.057294
0.900576
1.591267
1.967864
2.679019
3.685712
4.213197
4.850914
5.760863
6.453502
6.825229
7.245368
7.325022
7.455930
7.734541
8.380008
8.675451
7.715183
4.349755
1.052914
-0.314669
1.580868
2.304041
2.689502
2.287224
1.915468
1.584853
1.223646
0.998989
0.702594
0.412674
0.308841
0.169270
0.123185
0.115055
0.157117
0.241257
0.279363
0.320245
0.395081
0.500302
0.481864
0.579058
0.588859
0.549674
0.544478
0.529745
0.513706
0.498808
0.500668
0.456853
0.472825
0.477479
0.485837
0.480085
0.478451
0.489739
0.478975
0.475753
0.472706
0.463204
0.467103
