-4.370253
-3.823364
-3.197028
-2.599323
-2.029053
-1.493513
-1.087991
-0.331294
1.699539
4.512325
9.121172
16.395853
23.205608
27.635305
29.684347
27.230186
28.656630
27.356211
24.829315
27.844017
28.966967
29.200306
28.222815
24.907242
21.856384
24.404140
22.989458
15.022937
10.665228
0.369105
-0.693607
-2.778822
-5.789102
-4.503649
-4.046037
-4.520801
-3.342480
-3.918103
-2.813542
-2.510923
-1.702935
-1.444949
1.694655
2.301996
2.011883
3.488938
4.280471
3.168329
6.792466
4.129924
5.602580
6.238773
7.906567
7.475726
-0.960258
-1.376897
-1.236036
-1.073725
-0.071340
-1.337124
-1.672016
-3.490690
-4.531495
-5.021176
-3.238857
1.033258
-2.225952
-12.106750
-22.720587
-18.829571
-11.266178
-7.104514
-4.730523
-3.765081
-2.617915
-1.667470
-0.740639
-0.158637
-0.076613
-0.150937
0.139926
0.108919
0.061789
0.111348
0.260041
0.496167
0.619016
1.507497
1.842936
1.932871
2.470881
2.426883
2.455519
2.540557
2.549054
2.834176
2.890523
3.163239
3.117860
2.972893
2.989254
