-0.705828
-0.568437
-0.406053
-0.073098
-0.024985
-0.145017
-0.721003
-1.163316
-1.956642
-2.841221
-3.375803
-4.067530
-4.281378
-4.558779
-4.818347
-5.381095
-6.276786
-7.395678
-7.879219
-8.145428
-8.363722
-8.862340
-9.617105
-10.449539
-11.016556
-11.607783
-12.536163
-13.400901
-14.116975
-14.482806
-15.189606
-15.387496
-15.519551
-15.036645
-14.295604
-13.190314
-11.742846
-10.214762
-9.320924
-8.352001
-7.777765
-7.010392
-5.950884
-5.111121
-3.983113
-3.039093
-1.791052
-0.544436
0.782666
1.924020
2.394526
4.717216
6.024734
6.619154
6.922963
7.312161
7.671564
8.018880
8.373540
8.076564
8.094849
8.590262
8.596064
8.579584
8.488800
8.630381
8.591863
8.395676
8.227694
8.136870
7.867496
7.765816
7.672499
7.679604
7.517721
7.271209
7.187789
7.275042
7.201275
7.110785
7.241168
7.306118
7.566893
7.240453
7.096333
7.198078
7.421342
7.295505
7.217663
7.182327
7.129001
7.071722
7.072057
6.904912
6.773221
6.696754
6.697414
6.759272
6.717455
6.702054
6.880342
