0.058312
0.058309
0.058350
0.058659
0.059182
0.060082
0.063289
0.065769
0.065058
0.064573
0.064304
0.064108
0.063809
0.063481
0.063263
0.063095
0.062914
0.062161
0.061877
0.062236
0.062250
0.062520
0.063121
0.065291
0.067379
0.068832
0.069701
0.070151
0.070546
0.070793
0.070978
0.071125
0.071285
0.071402
0.071531
0.071673
0.071893
0.072087
0.072285
0.072472
0.072692
0.072912
0.073137
0.073360
0.073659
0.073865
0.074113
0.074373
0.074621
0.074874
0.075127
0.075380
0.075631
0.075881
0.076127
0.076370
0.076610
0.076833
0.077060
0.077323
0.077571
0.077792
0.078014
0.078230
0.078471
0.078686
0.078900
0.079129
0.079350
0.079589
0.079799
0.080011
0.080243
0.080478
0.080663
0.080891
0.081101
0.081320
0.081513
0.081763
0.081945
0.082163
0.082380
0.082564
0.082804
0.082979
0.083203
0.083412
0.083594
0.083816
0.084018
0.084243
0.084462
0.084666
0.084901
0.085095
0.085306
0.085513
0.085732
0.085933
0.086139
