-0.126863
-0.126925
-0.126978
-0.127034
-0.127035
-0.126996
-0.126845
-0.126551
-0.126324
-0.125929
-0.125486
-0.125417
-0.125438
-0.125524
-0.125531
-0.125499
-0.125390
-0.125220
-0.125052
-0.124880
-0.124788
-0.124708
-0.124492
-0.124478
-0.124446
-0.124513
-0.124535
-0.124609
-0.124433
-0.124225
-0.124276
-0.124088
-0.124130
-0.124217
-0.124221
-0.124235
-0.124259
-0.124251
-0.124243
-0.124184
-0.124109
-0.124040
-0.123961
-0.123921
-0.123834
-0.123716
-0.123623
-0.123610
-0.123505
-0.123390
-0.123306
-0.123207
-0.123101
-0.123009
-0.122913
-0.122813
-0.122711
-0.122615
-0.122509
-0.122414
-0.122312
-0.122219
-0.122096
-0.121976
-0.121887
-0.121794
-0.121704
-0.121606
-0.121516
-0.121423
-0.121314
-0.121230
-0.121124
-0.121043
-0.120948
-0.120856
-0.120761
-0.120686
-0.120592
-0.120502
-0.120418
-0.120346
-0.120249
-0.120178
-0.120088
-0.119998
-0.119927
-0.119828
-0.119756
-0.119662
-0.119569
-0.119493
-0.119393
-0.119322
-0.119223
-0.119137
-0.119061
-0.118964
-0.118892
-0.118806
-0.118720
