15.192335
16.520994
18.136078
19.068169
19.385841
19.321712
19.137791
20.237467
26.568520
60.812714
85.429893
36.518776
-48.112930
-40.847000
-52.707672
-36.106174
-58.476749
28.880091
71.885811
21.020325
-1.051478
-13.566103
-9.187181
-2.955950
-2.780827
-3.276881
-4.784337
-6.826498
-5.257059
-4.618258
-4.901306
-6.636369
-5.920807
-5.245245
-4.208386
-3.362616
-3.047164
-2.505557
-2.067854
-1.747570
-1.341342
-0.905097
-0.762578
-0.442264
-0.324265
-0.207987
-0.118123
0.033147
0.107950
0.420510
0.494331
0.532621
0.553622
0.486451
0.311217
0.438984
0.555114
0.683887
0.686183
0.793113
0.809414
0.853102
0.913968
0.961064
1.031628
1.105337
1.137751
1.163544
1.247289
1.338310
1.408188
1.442486
1.468508
1.532018
1.507439
1.525889
1.566506
1.586181
1.584343
1.517573
1.573703
1.615292
1.633942
1.669015
1.694093
1.707964
1.745884
1.784056
1.845120
1.904657
1.991827
2.095846
1.984814
2.043748
2.109423
2.108466
2.160697
2.307262
2.403720
2.366536
2.372078
