-9.302009
-8.621469
-7.996151
-8.345084
-9.582985
-24.593838
-144.177170
-345.322235
-217.647354
-40.929325
109.965988
334.413544
405.564880
258.871155
140.706345
58.923897
28.222597
18.220377
13.920306
8.568720
6.243937
3.504607
1.707970
1.432229
1.535711
1.185020
0.974427
0.745342
0.514330
0.369726
0.385874
0.692032
0.700106
0.819646
0.796436
0.784208
0.781008
0.749744
0.731885
0.670830
0.608938
0.573135
0.537519
0.482654
0.456021
0.405526
0.396332
0.344117
0.304632
0.316214
0.311337
0.293835
0.273234
0.229337
0.221788
0.199096
0.202410
0.183315
0.165207
0.151557
0.136873
0.117831
0.104651
0.072569
0.077090
0.053123
0.044035
0.035358
0.038955
0.022041
0.008637
-0.009877
-0.033291
-0.044930
-0.045287
-0.048280
-0.057649
-0.067955
-0.074115
-0.085006
-0.099201
-0.109329
-0.119124
-0.121536
-0.122703
-0.122691
-0.126027
-0.116073
-0.070569
-0.081402
-0.085395
-0.082821
-0.068714
-0.053901
-0.073817
-0.092302
-0.107301
-0.128131
-0.139330
-0.145153
-0.147791
