3.352457
4.104631
4.989471
5.787623
6.542866
7.030718
7.486858
7.620375
7.659927
7.682278
7.728691
7.570284
7.396980
7.230285
7.052593
6.810968
6.715949
6.622548
6.620975
6.744273
6.815747
6.879025
6.956891
6.817184
6.780599
6.428739
6.122487
5.853411
5.700774
5.530826
5.340902
5.033899
4.888390
4.899751
4.776550
4.512126
3.868191
3.168030
2.147475
0.799011
-0.964414
-2.371934
-3.189756
-3.523144
-3.519115
-3.357431
-2.793709
-2.509699
-2.392562
-2.250583
-1.666437
-1.250166
-0.946224
-0.804531
-0.949582
-0.639720
-0.622381
-0.493899
-0.451197
-0.207421
-0.004608
0.307863
0.792088
1.559083
2.022197
2.642279
3.043369
3.266072
3.360089
3.611973
3.825860
3.911898
3.915109
3.988240
4.064472
4.028382
4.016431
3.994139
4.045065
4.007076
3.892018
3.744534
3.559747
3.329198
3.182678
2.998122
2.788334
2.638671
2.429094
2.307572
2.114979
2.107809
2.142739
2.381186
2.603098
2.882961
3.072605
2.959548
2.747913
2.515804
2.218280
