0.539725
0.539767
0.539818
0.540128
0.540470
0.540931
0.541469
0.542147
0.542957
0.544040
0.545025
0.546315
0.547457
0.548537
0.549684
0.551005
0.552240
0.553510
0.554886
0.556189
0.557604
0.558991
0.560457
0.561979
0.563395
0.564777
0.566168
0.567419
0.568666
0.569876
0.571206
0.572451
0.573490
0.574699
0.575804
0.576657
0.577428
0.577863
0.578154
0.578369
0.578465
0.578343
0.578190
0.577864
0.577279
0.576608
0.575893
0.574886
0.573467
0.572020
0.570586
0.568972
0.566993
0.565363
0.563453
0.561415
0.559510
0.558109
0.556565
0.554817
0.552929
0.551207
0.549583
0.547900
0.546317
0.544713
0.543027
0.541394
0.539698
0.539055
0.538584
0.538227
0.537654
0.538055
0.538647
0.539354
0.540267
0.541252
0.542408
0.544163
0.545883
0.547672
0.549368
0.551215
0.552883
0.554510
0.556297
0.558064
0.559725
0.561191
0.562742
0.564588
0.565879
0.567019
0.568489
0.569821
0.571222
0.572560
0.573700
0.574782
0.575716
