-0.090600
-0.077229
-0.047937
-0.018085
-0.020218
-0.388218
-0.885355
-1.858503
-2.774153
-3.706615
-4.487957
-6.382827
-7.355120
-8.812722
-8.985913
-8.937130
-9.013411
-8.982810
-8.793571
-8.681790
-8.562579
-8.538788
-8.503366
-8.631636
-8.666674
-8.850291
-9.110552
-9.198233
-9.616162
-9.883808
-10.103716
-10.143832
-10.297511
-10.745739
-11.136847
-11.851408
-12.627774
-13.678854
-14.366082
-15.030719
-15.366594
-15.678331
-16.013065
-16.278278
-16.649870
-17.026850
-17.111038
-17.001974
-16.751749
-16.618393
-16.686409
-15.646121
-15.018408
-14.335340
-13.417909
-12.704969
-12.003551
-11.284086
-9.462173
-8.865629
-8.603574
-7.801103
-6.943760
-6.280878
-5.533865
-4.597641
-3.702317
-2.952110
-1.925746
0.123262
3.293774
5.769291
7.474764
10.255629
12.828539
16.886679
19.984966
21.394613
22.894955
23.981625
27.243279
26.468918
26.789518
27.430538
26.711472
25.409611
24.575584
23.513596
23.262167
22.419889
21.608332
21.283920
22.115551
21.343342
21.062088
22.196407
22.519079
22.883911
22.465904
21.641525
20.703100
