0.031591
0.031643
0.031693
0.031744
0.031790
0.031825
0.031865
0.031885
0.031877
0.031917
0.031864
0.031923
0.031922
0.031983
0.032086
0.032135
0.032162
0.032204
0.032268
0.032307
0.032368
0.032241
0.032187
0.032049
0.031846
0.031651
0.031639
0.031478
0.031332
0.031211
0.030936
0.030664
0.030447
0.030303
0.030088
0.029872
0.029667
0.029403
0.029192
0.028917
0.028598
0.028313
0.028118
0.027956
0.027803
0.027699
0.027608
0.027688
0.027666
0.027474
0.027065
0.026532
0.025858
0.025323
0.024588
0.023866
0.023163
0.022524
0.021942
0.021454
0.021193
0.020951
0.020818
0.020770
0.020729
0.020789
0.020816
0.020874
0.020889
0.020841
0.020835
0.020826
0.020749
0.020734
0.020695
0.020601
0.020543
0.020440
0.020334
0.020193
0.020070
0.019943
0.019807
0.019553
0.019333
0.019072
0.018808
0.018512
0.018285
0.017986
0.017718
0.017480
0.017218
0.016987
0.016812
0.016656
0.016494
0.016309
0.016137
0.016035
0.015918
