-0.309782
-0.316572
-0.322553
-0.326088
-0.332843
-0.355504
-0.414702
-0.543305
-0.746075
-1.097624
-1.911534
-2.898200
-4.689662
-6.891754
-9.820099
-12.890928
-16.892130
-21.103493
-23.944077
-24.905865
-25.902464
-25.241665
-24.982464
-25.958956
-26.244884
-27.035053
-27.536568
-28.529213
-29.893887
-30.748907
-31.200127
-31.740971
-32.415909
-32.421062
-32.378086
-32.609100
-32.514778
-31.963339
-30.824007
-28.296608
-21.158772
-9.721038
4.103659
15.694969
24.657907
33.007481
27.214695
14.794883
-4.595882
-21.739862
-31.990065
-31.506716
-27.695911
-21.138220
-11.257336
0.668008
12.864358
22.197872
25.697617
23.830990
20.743736
16.612726
12.423514
7.541296
3.892339
2.283097
3.760287
5.694852
8.213381
11.366776
14.128654
16.376961
17.913544
18.938116
19.355999
19.686834
20.294270
20.821482
21.258801
22.348940
23.910437
25.254532
26.736055
27.247456
26.914684
25.996778
25.010246
24.682228
24.504517
24.414713
24.359003
23.374445
22.402386
21.513651
20.824049
20.044092
19.014135
17.842798
16.625639
15.556862
14.392656
