0.371704
0.365030
0.351764
0.337429
0.308924
0.288383
0.237902
0.117816
0.149233
0.047742
0.141875
0.018907
-0.251104
-0.556542
-0.860961
-1.053276
-1.203446
-1.122890
-1.015466
-0.946330
-1.037542
-1.084105
-1.294928
-1.045763
-1.103767
-1.220955
-1.141042
-0.997647
-1.130173
-1.302866
-1.017369
-0.803421
-0.606333
-0.329881
0.198373
0.715971
1.147523
1.060487
0.169227
-0.863792
-1.605129
-2.033811
-2.083604
-1.645029
1.036587
6.617842
15.827737
25.677294
32.155651
33.630348
32.659855
27.957558
19.261959
7.778995
-6.595033
-21.754007
-34.521091
-41.748680
-45.399670
-46.179688
-44.333641
-40.809574
-36.288769
-30.886343
-24.988871
-19.492750
-15.394060
-11.883991
-9.293995
-7.232780
-5.564050
-4.208680
-2.958756
-1.663312
-0.656602
0.284028
0.977090
1.750505
2.279473
3.455786
4.374039
5.378250
6.357333
7.435909
8.496718
9.374454
10.107580
10.941540
11.637368
11.657651
11.563377
11.591906
11.544649
11.681917
11.328506
10.746724
10.478982
10.004995
9.563352
9.095418
8.841776
