0.199312
0.199298
0.199265
0.199602
0.199632
0.199650
0.199929
0.199761
0.199594
0.199978
0.200319
0.200117
0.199923
0.199933
0.200201
0.200380
0.200107
0.199859
0.199866
0.200222
0.199684
0.199275
0.199719
0.199657
0.199445
0.199018
0.198976
0.199461
0.199675
0.199367
0.199459
0.199859
0.199734
0.199391
0.199537
0.199591
0.199496
0.199745
0.200373
0.200198
0.200141
0.200101
0.200046
0.199904
0.199796
0.199699
0.199545
0.199367
0.199186
0.198999
0.198812
0.198592
0.198415
0.198201
0.198007
0.197819
0.197720
0.197558
0.197437
0.197245
0.197122
0.196984
0.196779
0.196622
0.196492
0.196384
0.196248
0.196092
0.195994
0.195892
0.195794
0.195712
0.195643
0.195574
0.195507
0.195428
0.195284
0.195200
0.195134
0.195047
0.194972
0.194895
0.194821
0.194759
0.194703
0.194641
0.194591
0.194557
0.194499
0.194448
0.194395
0.194344
0.194302
0.194245
0.194186
0.194127
0.194074
0.194015
0.193970
0.193933
0.193874
