0.025968
0.021126
-0.263286
-0.394358
0.171752
-0.367432
-1.812839
-0.005322
0.255000
-3.316149
-8.708436
-1.729832
3.240495
-4.003736
-24.490183
-13.319458
3.030937
6.489089
-12.924759
-12.846152
6.717601
1.485846
-15.470358
-11.063264
-7.532824
11.064516
20.083355
-1.121348
8.752984
27.066225
14.320988
-2.075142
16.518270
18.509762
-1.873495
2.046123
11.569299
3.778816
-7.726131
-3.478010
0.744941
5.748681
7.649068
6.703409
7.665852
9.473248
7.662073
5.188170
4.496749
3.505411
2.377057
1.476841
2.032116
2.933946
2.410581
2.053618
1.644960
1.323021
1.363027
1.215207
1.106355
1.809073
1.453864
1.132283
0.934559
1.483811
1.325755
1.343589
1.218306
1.162025
0.921919
0.595310
0.460414
0.423859
0.400902
0.373897
0.397642
0.347023
0.328340
0.324636
0.282620
0.253545
0.199887
0.168459
0.159806
0.147312
0.094714
0.080834
0.057537
0.033570
0.012892
0.001004
-0.013940
-0.009885
0.025800
0.023317
0.019269
0.043585
0.039162
0.058819
0.049489
