0.930885
0.930939
0.931004
0.931060
0.931103
0.931145
0.931186
0.931226
0.931258
0.931280
0.931305
0.931364
0.931403
0.931421
0.931411
0.931333
0.931212
0.931052
0.930782
0.930410
0.929930
0.929333
0.928658
0.927897
0.926969
0.926030
0.924832
0.923574
0.922202
0.920785
0.919292
0.917995
0.916587
0.915032
0.914018
0.912902
0.911913
0.910775
0.909533
0.908070
0.906517
0.904898
0.903197
0.901482
0.899572
0.897473
0.895211
0.892775
0.890191
0.887483
0.884534
0.881549
0.878451
0.875333
0.872104
0.868787
0.865410
0.862014
0.858632
0.855250
0.851697
0.848326
0.844727
0.841385
0.838498
0.835482
0.832617
0.830136
0.827614
0.825184
0.822688
0.820224
0.817760
0.815638
0.813548
0.811867
0.810224
0.808681
0.807059
0.805176
0.803040
0.800669
0.798290
0.795819
0.793448
0.791102
0.788720
0.786604
0.785006
0.783641
0.782623
0.781706
0.781153
0.780810
0.780581
0.780529
0.780606
0.780741
0.781045
0.781267
0.781599
