0.434548
0.434540
0.434739
0.435059
0.435499
0.436040
0.436621
0.437192
0.437795
0.438376
0.438989
0.439561
0.440151
0.440673
0.441270
0.441869
0.442408
0.442969
0.443604
0.444331
0.445090
0.445835
0.446559
0.447365
0.448066
0.448861
0.449618
0.450467
0.451344
0.452271
0.452962
0.453406
0.453738
0.453853
0.453679
0.453559
0.453591
0.453614
0.453530
0.453388
0.453004
0.452474
0.451973
0.451485
0.451105
0.450945
0.450934
0.450858
0.450917
0.451030
0.451387
0.451895
0.452590
0.453392
0.454154
0.454816
0.455454
0.456065
0.456646
0.457176
0.457922
0.458562
0.459248
0.459982
0.460828
0.461703
0.462538
0.463367
0.464156
0.464931
0.465706
0.466443
0.467091
0.467745
0.468308
0.468792
0.469213
0.469534
0.469909
0.470296
0.470668
0.470972
0.471345
0.471654
0.471900
0.471982
0.471775
0.471705
0.471659
0.471720
0.471754
0.471787
0.471790
0.471792
0.471788
0.471788
0.471793
0.471801
0.471806
0.471816
0.471832
