0.183853
0.183852
0.183852
0.183852
0.183852
0.183852
0.183852
0.183852
0.183851
0.183851
0.183851
0.183851
0.183851
0.183851
0.183851
0.183851
0.183851
0.183850
0.183850
0.183850
0.183850
0.183850
0.183849
0.183850
0.183849
0.183849
0.183849
0.183849
0.183849
0.183849
0.183847
0.183847
0.183859
0.183859
0.183861
0.183856
0.183856
0.183858
0.183868
0.183880
0.183897
0.183913
0.183926
0.183941
0.183963
0.183987
0.184013
0.184039
0.184065
0.184091
0.184123
0.184151
0.184180
0.184205
0.184228
0.184252
0.184287
0.184322
0.184357
0.184384
0.184402
0.184416
0.184430
0.184449
0.184475
0.184507
0.184534
0.184556
0.184572
0.184583
0.184592
0.184603
0.184620
0.184640
0.184660
0.184677
0.184688
0.184697
0.184715
0.184733
0.184762
0.184792
0.184804
0.184808
0.184811
0.184818
0.184833
0.184854
0.184879
0.184897
0.184909
0.184920
0.184939
0.184963
0.184978
0.184979
0.184987
0.184989
0.184991
0.184993
0.185006
