0.066272
0.066272
0.066271
0.066271
0.066270
0.066270
0.066269
0.066269
0.066268
0.066268
0.066267
0.066267
0.066266
0.066266
0.066265
0.066264
0.066264
0.066263
0.066261
0.066260
0.066260
0.066259
0.066260
0.066257
0.066258
0.066255
0.066254
0.066262
0.066265
0.066270
0.066277
0.066279
0.066280
0.066291
0.066319
0.066336
0.066344
0.066355
0.066352
0.066367
0.066394
0.066418
0.066435
0.066471
0.066501
0.066536
0.066576
0.066605
0.066618
0.066628
0.066641
0.066664
0.066703
0.066750
0.066792
0.066814
0.066810
0.066788
0.066772
0.066773
0.066791
0.066821
0.066851
0.066876
0.066874
0.066866
0.066848
0.066853
0.066876
0.066908
0.066949
0.066953
0.066963
0.066966
0.066981
0.067093
0.067105
0.067108
0.067113
0.067122
0.067137
0.067139
0.067135
0.067138
0.067124
0.067125
0.067123
0.067098
0.067088
0.067078
0.067074
0.067060
0.067029
0.067023
0.067025
0.067011
0.066989
0.066986
0.066986
0.066973
0.066952
