-0.301345
-0.301349
-0.301216
-0.301289
-0.301362
-0.301298
-0.301371
-0.301307
-0.301243
-0.301247
-0.301183
-0.301187
-0.301192
-0.301265
-0.301337
-0.301341
-0.300732
-0.309511
-0.309581
-0.309575
-0.310845
-0.316758
-0.318510
-0.317514
-0.318976
-0.316462
-0.317211
-0.269266
-0.245837
-0.201249
-0.208457
-0.192912
-0.207443
-0.115976
0.046220
0.194669
-0.195778
0.370423
0.879113
1.405997
2.025886
2.946925
4.558849
4.137068
3.406451
1.566086
-2.322749
-4.453465
-3.178339
0.979787
2.428900
1.528824
1.839177
-1.726143
-8.769443
-12.999020
-12.822106
-6.236544
-3.257670
-6.791777
-2.050667
-3.662026
-1.112960
-3.202006
-6.781965
-5.296315
0.649675
-2.743062
-7.760935
7.394596
30.544962
15.704325
-31.660877
-96.037560
-25.205719
-3.034262
31.887230
91.076088
37.523243
-34.992966
-75.031433
-49.487984
11.952940
64.413582
6.135440
-90.113121
-43.591068
-5.820876
-7.814336
-3.139602
-2.586514
14.359966
20.469210
-0.330181
-4.987519
26.697939
0.797177
3.011317
34.798481
12.639502
-31.372383
