1.626629
1.626905
1.626710
1.626751
1.626557
1.626598
1.626522
1.626914
1.626603
1.626410
1.626803
1.626609
1.627001
1.627275
1.627081
1.626419
1.626812
1.626031
1.626191
1.626586
1.620506
1.620561
1.620616
1.607649
1.597756
1.611586
1.597694
1.599573
1.551243
1.424439
1.425215
1.294003
1.307905
0.915749
0.443985
0.240802
0.480320
0.525240
-0.154641
-0.782374
-0.944380
-2.646498
-1.603035
-1.884141
-2.733494
-2.151088
-2.261504
-1.918651
-0.295922
1.378093
1.676368
1.498804
-0.132649
0.774211
2.398816
5.252044
9.171456
13.483749
13.301740
12.941074
7.183510
2.978906
-2.825641
-7.111838
-2.347490
10.994272
17.501446
11.552158
-2.232377
2.410212
-21.408083
-2.350150
1.312896
-6.022055
3.633911
13.649633
19.325991
26.926401
28.315714
9.263563
10.419050
8.716954
16.527262
11.020802
10.755885
8.565693
11.994626
17.521866
17.288139
10.346250
18.860428
14.149137
9.430102
17.811640
-11.000993
1.616270
9.438897
-8.961669
-5.781481
10.049981
-1.477454
