0.176520
0.110689
0.314225
0.574988
1.180448
2.205533
3.549831
5.361799
3.912440
1.558453
-2.618496
-10.942401
-22.002451
-20.008589
-20.349768
-11.656605
3.130956
22.886377
42.671177
46.682373
42.379467
34.358482
20.925079
9.423759
-1.518466
-5.543989
-13.130518
-22.424711
-33.126801
-45.803699
-36.378830
-31.679878
-21.874893
-15.932092
-10.995561
-0.423727
8.415654
40.021217
59.709316
44.988884
24.100279
23.186178
16.044195
5.758535
-4.212726
-7.019300
-9.556082
-19.337162
-33.233898
-45.264366
-38.342052
-29.496918
-6.332928
-0.760783
10.824764
26.494444
45.025993
45.076668
29.834816
17.555210
5.341834
-4.126919
2.303854
-5.381063
-5.694108
-15.518018
-30.587738
-30.921518
-35.410366
-33.125645
-20.074366
-16.196720
-16.088581
-1.235233
12.981756
17.404257
17.532915
18.685019
13.148316
9.084451
8.271685
5.977720
4.014474
5.721616
-0.130808
-12.282303
-25.409716
-30.591526
-19.675785
-11.831946
-18.151434
-29.549232
-22.400480
-6.251497
2.910185
31.408968
33.821781
24.637785
8.369026
7.354309
2.390082
