0.716088
0.716136
0.716216
0.716378
0.716667
0.716906
0.717341
0.717766
0.718231
0.718750
0.719185
0.719676
0.720169
0.720551
0.720914
0.721128
0.721401
0.721649
0.721845
0.722010
0.722193
0.722287
0.722305
0.722264
0.722119
0.721763
0.721293
0.720794
0.720270
0.719759
0.719063
0.718151
0.717075
0.715874
0.714488
0.712992
0.711440
0.710002
0.708620
0.707408
0.706361
0.705352
0.704518
0.703865
0.703362
0.703196
0.703152
0.703100
0.703192
0.703583
0.703946
0.704069
0.704518
0.705008
0.705495
0.706019
0.706525
0.707117
0.707758
0.708305
0.708787
0.709277
0.709787
0.710215
0.710575
0.710865
0.711128
0.711356
0.711509
0.711676
0.711820
0.711901
0.712028
0.712055
0.712111
0.712111
0.712075
0.712099
0.712065
0.712019
0.711974
0.711877
0.711824
0.711742
0.711679
0.711617
0.711547
0.711501
0.711447
0.711389
0.711337
0.711282
0.711224
0.711193
0.711151
0.711116
0.711102
0.711083
0.711065
0.711048
0.711029
