0.260957
0.260965
0.260990
0.261044
0.261112
0.261270
0.261483
0.261725
0.261975
0.262293
0.262674
0.263091
0.263562
0.264046
0.264593
0.265180
0.265801
0.266468
0.267196
0.267983
0.268765
0.269573
0.270383
0.271198
0.271975
0.272653
0.273384
0.274102
0.274854
0.275522
0.275964
0.276638
0.277199
0.277761
0.278379
0.278894
0.279313
0.279760
0.280197
0.280591
0.280915
0.281207
0.281459
0.281682
0.281886
0.282094
0.282232
0.282403
0.282556
0.282688
0.282857
0.283012
0.283196
0.283444
0.283697
0.283997
0.284296
0.284708
0.285118
0.285625
0.286228
0.286931
0.287820
0.288723
0.289623
0.290530
0.291420
0.292342
0.293241
0.294103
0.294950
0.295867
0.296941
0.297716
0.298575
0.299408
0.300313
0.301110
0.301827
0.302751
0.303683
0.304577
0.305325
0.305845
0.306498
0.306959
0.307367
0.307762
0.308163
0.308505
0.308744
0.308984
0.309104
0.309190
0.309288
0.309389
0.309473
0.309572
0.309647
0.309696
0.309712
