0.882429
0.882591
0.882752
0.882908
0.883092
0.883294
0.883469
0.883636
0.883801
0.883971
0.884143
0.884307
0.884478
0.884636
0.884788
0.884880
0.884946
0.885047
0.885003
0.884887
0.884753
0.884561
0.884331
0.884029
0.883685
0.883186
0.882544
0.881788
0.880892
0.879893
0.878784
0.877332
0.875728
0.873929
0.872005
0.869882
0.867444
0.864831
0.862049
0.859138
0.856118
0.852892
0.849540
0.846193
0.842669
0.839109
0.835322
0.831518
0.827574
0.823547
0.819359
0.815098
0.810674
0.806208
0.801584
0.796902
0.792121
0.787262
0.782291
0.777277
0.772202
0.766988
0.761766
0.756483
0.751160
0.745789
0.740445
0.735121
0.729776
0.724612
0.719646
0.714944
0.710432
0.706200
0.702256
0.698455
0.694785
0.691376
0.688040
0.684765
0.681578
0.678596
0.675673
0.672899
0.670278
0.668044
0.666004
0.664292
0.662906
0.661773
0.661251
0.660812
0.660509
0.660209
0.659901
0.659863
0.660093
0.660670
0.661500
0.662408
0.663403
