3.214846
3.205228
3.209534
3.235536
3.268181
3.282040
3.209317
3.154618
3.081681
2.871270
2.844626
2.712000
2.573338
2.591332
2.795611
2.914949
2.988098
3.287448
2.587033
2.643156
2.546249
2.413238
2.481569
2.422597
1.702795
1.875273
0.897585
0.761234
0.719096
0.049760
0.545604
0.880885
0.226407
1.164779
1.444949
1.934745
1.514605
1.946407
2.556349
1.542017
2.243439
3.535581
3.620995
2.620781
1.806979
0.263473
-1.084990
-2.042189
-2.525183
-2.921873
-3.206339
-3.122880
-2.967299
-2.530526
-1.917476
-1.513185
-1.332532
-0.928732
-0.385328
0.264410
0.827850
1.553892
1.757560
-0.555256
-2.523888
-3.803600
-3.575714
-1.996753
-3.949834
-3.390771
-0.444776
1.852229
3.072395
1.535447
-2.401648
-3.774729
-2.502099
-1.622550
-4.047862
-3.699212
-0.403823
0.566041
2.981368
7.523367
10.341364
10.194378
8.026891
7.522100
6.938132
6.648720
4.733799
1.974724
1.017699
1.966471
5.047282
5.767361
6.327713
8.011389
9.871769
12.568881
14.536623
