0.373045
0.493456
0.493127
0.492814
0.492478
0.492227
0.492002
0.491846
0.491751
0.491793
0.491869
0.492096
0.492454
0.492975
0.493613
0.494377
0.495234
0.496100
0.497098
0.498146
0.499071
0.499898
0.500718
0.501474
0.502213
0.502840
0.503301
0.503679
0.503927
0.504138
0.504303
0.504293
0.504150
0.503910
0.503614
0.503272
0.502773
0.502128
0.501435
0.500602
0.499940
0.499258
0.498456
0.497841
0.497350
0.497123
0.496943
0.496620
0.496535
0.496598
0.496755
0.496968
0.497214
0.497563
0.498224
0.498813
0.499498
0.500299
0.501273
0.502213
0.503127
0.504006
0.504985
0.505993
0.506993
0.507912
0.508771
0.509692
0.510540
0.511384
0.512080
0.512847
0.513501
0.514015
0.514497
0.514913
0.515262
0.515528
0.515710
0.515780
0.515822
0.515792
0.515708
0.515601
0.515457
0.515282
0.515068
0.514833
0.514588
0.514315
0.514020
0.513735
0.513428
0.513089
0.512737
0.512390
0.512050
0.511698
0.511301
0.510891
0.510520
