0.807021
0.807185
0.807329
0.807466
0.807603
0.807735
0.807852
0.807973
0.808118
0.808290
0.808459
0.808619
0.808866
0.809111
0.809342
0.809634
0.809863
0.810084
0.810274
0.810403
0.810434
0.810373
0.810257
0.810071
0.809621
0.809051
0.808265
0.807310
0.806017
0.804672
0.803105
0.801177
0.799070
0.796803
0.794401
0.791781
0.788957
0.785986
0.782889
0.779593
0.776166
0.772605
0.768984
0.765274
0.761414
0.757457
0.753431
0.749272
0.744990
0.740627
0.736097
0.731732
0.727235
0.722667
0.718073
0.713484
0.708813
0.704135
0.699527
0.694915
0.690322
0.685749
0.681272
0.676900
0.672920
0.668980
0.665286
0.661739
0.658418
0.655330
0.652404
0.649759
0.647307
0.645203
0.643192
0.641426
0.639915
0.638628
0.637536
0.636661
0.636000
0.635462
0.635139
0.635010
0.635000
0.635257
0.635626
0.636041
0.636589
0.637202
0.637830
0.638622
0.639357
0.640151
0.640964
0.641772
0.642612
0.643469
0.644314
0.645189
0.646053
