1.962545
1.989265
1.984322
1.978472
1.984323
1.974485
1.698587
1.468832
1.444356
2.285711
2.171410
1.746106
2.062159
2.029941
1.981608
1.887070
1.690127
1.335632
1.057153
1.183680
1.132010
2.594781
4.198067
3.860436
3.077106
1.988431
1.653825
-0.397335
-2.553310
3.111174
7.536782
13.072580
18.205704
19.103506
17.117085
15.240446
17.474915
24.592943
24.157249
14.299226
6.776522
-2.289641
-0.951343
7.197840
8.383090
5.692933
8.790562
6.853568
-3.237283
-6.315387
-4.272899
11.687256
16.163164
13.748274
9.039486
-1.537076
-11.591369
-26.562033
-26.810228
-25.532091
-22.416620
-17.628799
-11.292634
-3.937118
7.177038
18.114902
24.176481
18.294024
10.164812
3.131678
-13.242657
0.594293
16.858879
16.387907
17.781939
16.501240
14.843126
12.540380
9.400826
6.735029
7.323915
2.913372
3.750185
1.029895
-1.502956
-2.031736
-11.931952
-18.813696
-22.464312
-20.585722
-13.809266
-2.925141
14.533526
17.734591
13.620925
0.459251
-0.113935
1.347557
10.788580
1.943462
-7.512715
