-0.032632
-0.054671
-0.113680
-0.381418
-0.939417
-1.417427
-1.499701
-1.622857
-1.681072
-1.886900
-2.435726
-2.220617
-2.443674
-3.124775
-3.384778
-3.585563
-3.713727
-3.602865
-3.580355
-3.511173
-3.488743
-3.427440
-3.471681
-3.887113
-4.408046
-4.479149
-5.499250
-6.021463
-5.799009
-5.543003
-5.285378
-4.998224
-5.016028
-5.217251
-5.779208
-6.035294
-5.837445
-5.629722
-5.415652
-5.557406
-6.061720
-6.374902
-6.843393
-6.492584
-6.232223
-5.475579
-4.883910
-4.389634
-3.936798
-3.427271
-2.424969
-0.902822
0.622913
2.229431
3.671068
3.331983
4.566278
6.993911
7.475925
7.181146
6.655558
6.625169
7.056827
6.803357
7.013477
7.033148
6.200704
5.557215
4.876311
4.378309
3.516485
4.296257
5.043560
4.552470
4.369347
3.870342
3.646179
3.952449
4.443823
4.855338
5.125722
5.034545
5.547249
5.644296
5.486662
5.132532
4.745891
4.404282
4.178117
3.845102
3.555665
3.309011
3.058586
2.763726
2.469039
2.419778
2.553557
2.706686
2.824943
2.856296
2.795192
