0.057273
0.057347
0.057429
0.057535
0.057586
0.057620
0.057720
0.057753
0.057798
0.057873
0.057946
0.058177
0.058199
0.058417
0.058614
0.058764
0.058759
0.058516
0.058497
0.058689
0.058802
0.058677
0.058414
0.058117
0.057920
0.057687
0.057436
0.057402
0.057500
0.057699
0.057541
0.057511
0.057411
0.057353
0.057071
0.056853
0.056569
0.056063
0.055494
0.054768
0.054167
0.053572
0.052973
0.052137
0.051210
0.050442
0.049807
0.049340
0.049020
0.048893
0.048861
0.048852
0.048770
0.049247
0.049512
0.049805
0.050219
0.050633
0.051092
0.051620
0.052496
0.053319
0.053973
0.054936
0.056061
0.057346
0.058085
0.058780
0.059871
0.061068
0.062298
0.063825
0.065523
0.067654
0.069721
0.071591
0.072963
0.074805
0.076345
0.077661
0.079199
0.080759
0.082251
0.083506
0.084652
0.085734
0.086552
0.087157
0.087887
0.088439
0.088788
0.089154
0.089269
0.089168
0.089279
0.089374
0.089451
0.089734
0.089933
0.090259
0.090512
