2.043969
2.037089
2.030322
2.023667
2.018551
2.028446
2.039635
2.032950
2.099161
2.217786
2.272094
2.396921
2.575623
2.632368
2.614971
2.648393
2.707304
2.881251
3.096665
3.274640
3.169565
3.187540
3.308955
3.270615
3.304493
3.367262
3.397190
3.497829
3.400852
3.324623
2.881260
2.756219
3.074315
2.414643
2.948182
3.068045
3.178380
3.397177
3.525543
4.036494
4.765205
5.519735
6.675883
6.775351
6.687204
7.967841
8.565577
8.604877
8.252261
7.607746
6.823997
6.567977
6.614064
7.495649
9.168606
10.125255
10.982552
10.571849
10.838396
10.377089
9.952082
10.030152
8.928551
9.564748
10.293729
10.499791
11.648245
11.910658
12.573379
13.515886
12.760983
9.025033
8.874533
7.550417
6.450200
5.214609
5.811215
6.829573
7.629485
8.196109
7.392971
6.592043
6.898797
5.112937
5.290925
6.195783
7.776577
8.835278
9.926632
10.155595
11.472435
13.507548
14.039965
15.548282
16.131859
15.973581
15.610353
15.083693
14.563261
13.928030
12.949933
