0.942278
0.942284
0.942291
0.942298
0.942304
0.942309
0.942312
0.942313
0.942311
0.942309
0.942309
0.942313
0.942319
0.942334
0.942339
0.942346
0.942352
0.942349
0.942338
0.942293
0.942228
0.942123
0.942001
0.941854
0.941684
0.941450
0.941124
0.940750
0.940332
0.939873
0.939304
0.938655
0.937914
0.937155
0.936328
0.935437
0.934484
0.933500
0.932450
0.931369
0.930267
0.929129
0.927972
0.926760
0.925513
0.924226
0.922942
0.921622
0.920345
0.919005
0.917700
0.916378
0.915060
0.913762
0.912462
0.911178
0.909901
0.908647
0.907402
0.906199
0.905055
0.903983
0.902975
0.902026
0.901142
0.900292
0.899522
0.898808
0.898163
0.897610
0.897097
0.896670
0.896258
0.895895
0.895549
0.895259
0.894997
0.894793
0.894594
0.894420
0.894267
0.894290
0.894180
0.894143
0.894049
0.893996
0.893980
0.894005
0.893926
0.893763
0.893560
0.893294
0.893038
0.892739
0.892417
0.892090
0.891797
0.891518
0.891267
0.891029
0.890805
