-0.094982
-0.094923
-0.094913
-0.094946
-0.094914
-0.094953
-0.095026
-0.094929
-0.095031
-0.095097
-0.095200
-0.095197
-0.095376
-0.095493
-0.095270
-0.095263
-0.095382
-0.095794
-0.096247
-0.096540
-0.096360
-0.096679
-0.096874
-0.097075
-0.097500
-0.097978
-0.098893
-0.099926
-0.100772
-0.101464
-0.102451
-0.103644
-0.104320
-0.105087
-0.105729
-0.106101
-0.106454
-0.106485
-0.106521
-0.106510
-0.106186
-0.105532
-0.104579
-0.103447
-0.102092
-0.100392
-0.098419
-0.096732
-0.095400
-0.093993
-0.093455
-0.093869
-0.094148
-0.094603
-0.094943
-0.095055
-0.095103
-0.094961
-0.095206
-0.094855
-0.094740
-0.094572
-0.094292
-0.094147
-0.093973
-0.093787
-0.093618
-0.093412
-0.093221
-0.093002
-0.092707
-0.092402
-0.092123
-0.091788
-0.091478
-0.091201
-0.090874
-0.090532
-0.090153
-0.089767
-0.089448
-0.088965
-0.088501
-0.088056
-0.087634
-0.087197
-0.086791
-0.086324
-0.085841
-0.085341
-0.084915
-0.084468
-0.084062
-0.083605
-0.083186
-0.082771
-0.082311
-0.081874
-0.081582
-0.081150
-0.080819
