1.439171
1.432117
1.417182
1.399646
1.399017
1.387718
1.385887
1.384092
1.384305
1.422239
1.493259
1.481444
1.529357
1.559129
1.562509
1.518456
1.639509
1.829563
1.927046
1.780745
1.563392
0.834982
0.589161
0.500561
0.648794
0.807776
1.001972
1.396597
2.137539
2.462412
3.367331
4.207732
5.567464
7.925677
9.530871
14.021382
17.135517
23.097763
23.449556
25.928350
28.224628
26.419781
26.691490
28.115210
27.114538
25.751369
23.358501
22.736319
24.368435
26.098618
27.008373
27.794243
30.536379
32.760788
30.369745
28.324774
25.094580
22.187588
20.902063
19.876873
19.605286
18.490133
19.059366
18.917299
18.783815
19.458563
18.675255
18.127798
17.139820
16.154942
14.773058
13.208176
11.616310
10.808507
9.845894
8.926234
7.953649
7.201554
6.222644
5.274834
6.249921
5.345033
4.615077
3.795887
3.537665
2.976868
2.435990
2.108608
1.933321
1.792058
1.678767
1.724901
1.690775
1.641340
1.575284
1.625322
1.592894
1.570082
1.432834
1.268502
1.158587
