-0.821806
-0.892275
-0.933292
-0.998883
-1.096043
-1.244363
-1.510636
-1.932173
-2.419802
-3.043532
-3.631003
-4.464268
-5.362917
-5.740818
-6.512714
-6.686006
-7.044282
-7.561190
-6.424292
-6.498847
-7.639013
-10.072045
-13.142142
-16.714180
-19.617250
-24.862288
-28.413389
-30.070538
-30.073870
-28.669161
-25.478170
-21.831718
-18.403196
-13.851988
-9.703065
-4.432728
0.397400
2.453045
5.127121
8.523602
13.098655
16.317604
21.160950
25.102066
29.658472
32.327473
32.741703
35.210274
37.228138
35.280327
32.880062
32.054573
31.182695
28.276012
25.232126
22.859493
19.919729
17.848396
15.543953
13.724291
11.994438
10.270036
8.663736
7.720638
7.163945
6.591050
6.043214
5.578776
5.024479
4.678740
4.326880
3.913846
3.639606
3.485822
3.229392
3.238932
3.042964
2.620514
2.335828
2.014152
1.833254
1.630689
1.400228
1.202819
1.090812
1.052566
1.065153
1.108323
1.028330
0.969433
1.638628
1.635913
1.700476
1.777475
1.616770
1.569828
1.504536
1.441167
1.356014
1.288804
1.258424
