0.370970
0.334371
0.325107
0.339317
0.346818
0.330882
0.258300
0.159320
0.125097
0.142841
0.211911
0.169028
0.115882
0.084785
0.054990
0.003520
-0.006102
0.029747
0.057748
0.093115
0.114433
0.118745
0.127954
0.144448
0.149123
0.166847
0.182730
0.219871
0.247143
0.333010
0.455345
0.595998
0.759680
0.954578
1.068649
1.220241
1.253118
1.187033
1.219418
1.275086
1.293892
1.261058
1.216506
1.151840
1.100785
1.062179
0.966234
0.772190
0.623818
0.510593
0.437963
0.415794
0.346660
0.191173
-0.054440
-0.223642
-0.289692
-0.414470
-0.500390
-0.509729
-0.529872
-0.517517
-0.543709
-0.503143
-0.455465
-0.397386
-0.389584
-0.355188
-0.327151
-0.293702
-0.181951
-0.029014
0.034051
0.107341
0.199563
0.274375
0.338472
0.335763
0.351967
0.360713
0.377191
0.407348
0.501276
0.587939
0.671795
0.706446
0.746313
0.723286
0.801599
0.825527
0.818352
0.763450
0.827843
0.872208
0.808067
0.873270
0.846103
0.837016
0.709920
0.675882
0.664857
