0.910630
0.910659
0.910687
0.910703
0.910710
0.910724
0.910774
0.910891
0.911011
0.911080
0.911106
0.911141
0.911195
0.911271
0.911302
0.911359
0.911391
0.911363
0.911372
0.911265
0.911150
0.910997
0.910796
0.910545
0.910208
0.909791
0.909205
0.908390
0.907428
0.906268
0.904955
0.903508
0.901903
0.900041
0.898064
0.895942
0.893763
0.891464
0.889036
0.886518
0.883854
0.881131
0.878288
0.875426
0.872479
0.869539
0.866561
0.863550
0.860492
0.857393
0.854205
0.850941
0.847592
0.844158
0.840643
0.837012
0.833325
0.829577
0.825805
0.821982
0.818105
0.814209
0.810305
0.806423
0.802475
0.798657
0.794844
0.791144
0.787598
0.784379
0.781548
0.778960
0.776482
0.774018
0.771546
0.769014
0.766657
0.764218
0.761935
0.759599
0.757172
0.754796
0.752382
0.749944
0.747568
0.745103
0.742769
0.740741
0.738699
0.736884
0.735321
0.734011
0.732818
0.731857
0.731774
0.731776
0.731930
0.732149
0.732520
0.732989
0.733522
