-1.269499
-1.256770
-1.272997
-1.449814
-1.669019
-1.996072
-2.564924
-3.131170
-4.043722
-5.037777
-6.195991
-7.638216
-9.706838
-12.277497
-16.850258
-22.295238
-27.111359
-31.736584
-34.971394
-35.431923
-36.196846
-36.561058
-36.430664
-35.908783
-35.103577
-33.905354
-33.526634
-33.073109
-32.679783
-32.660301
-32.576309
-32.854561
-32.258606
-31.716003
-31.185646
-30.477573
-29.389536
-27.900686
-25.765982
-22.881020
-19.617920
-14.915731
-9.617665
-4.391137
-0.163427
3.129321
6.356862
9.279789
12.613507
14.766469
15.739585
16.491585
17.599731
17.663069
18.803881
20.039633
21.385111
22.267565
23.433592
23.595039
22.908812
20.271290
17.251669
13.813208
10.533270
9.819002
9.607092
8.793102
7.018173
5.578650
4.437644
3.418959
2.733223
2.325899
2.001580
3.274047
4.221196
6.059032
7.622867
9.475818
11.632426
13.467546
15.323652
16.359776
16.846603
16.868250
16.554132
16.097929
15.315979
14.528593
13.695071
12.652644
11.548006
10.646882
9.755960
8.905863
7.937260
7.088846
6.543921
5.905689
5.161454
