0.930769
0.930785
0.930800
0.930825
0.930867
0.930911
0.930944
0.930943
0.930911
0.930879
0.930870
0.930884
0.930904
0.930923
0.930935
0.930947
0.930977
0.930924
0.930842
0.930787
0.930860
0.930818
0.930031
0.927420
0.923786
0.919590
0.914827
0.909337
0.903309
0.896900
0.890059
0.882907
0.875400
0.867686
0.859588
0.851558
0.843191
0.834955
0.826660
0.818405
0.809888
0.801210
0.792275
0.783288
0.774255
0.765089
0.755941
0.746803
0.737704
0.728882
0.720283
0.711897
0.703593
0.695455
0.687394
0.679517
0.671806
0.664446
0.657372
0.650722
0.644423
0.638497
0.633277
0.628923
0.624901
0.621489
0.618646
0.616077
0.613784
0.611798
0.610181
0.608944
0.607784
0.606845
0.606137
0.605654
0.605412
0.605253
0.605271
0.605309
0.605484
0.605752
0.606213
0.606743
0.607559
0.608766
0.610098
0.611562
0.613236
0.615051
0.616831
0.618577
0.620291
0.621997
0.623677
0.625322
0.627068
0.628707
0.630263
0.631929
0.633624
