3.613196
3.579433
3.591849
3.590843
3.603833
3.565798
3.603512
3.588336
3.557441
3.587128
3.564295
3.577640
3.599713
3.579325
3.523307
3.496044
3.431442
3.381869
3.308893
3.242797
3.354573
3.266175
3.320353
3.394007
3.456357
3.326325
3.251519
3.140625
3.167276
2.961729
2.936664
3.025579
2.974593
2.931542
2.861094
2.816210
2.812782
2.779831
2.975540
2.477330
2.041744
2.111613
2.285247
2.505457
2.697184
2.680196
2.700975
2.585046
2.786557
2.723291
2.573409
2.705049
2.782091
2.744627
2.771161
2.781032
2.890165
2.991857
3.079750
3.187307
3.195222
3.318377
3.352523
3.270232
3.297144
3.373574
3.367177
3.351672
3.357388
3.402419
3.320878
3.316564
3.307261
3.295037
3.278423
3.288680
3.250552
3.316649
3.312925
3.214620
2.924870
2.886392
2.894558
2.722954
2.707709
2.620525
2.426812
2.125987
2.182290
2.182774
2.284675
2.285770
2.316728
2.239645
2.207108
2.201391
2.190709
2.221833
2.236399
2.218745
2.193754
