0.418666
0.418426
0.418179
0.417902
0.417641
0.417477
0.417313
0.417223
0.417218
0.417209
0.417270
0.417460
0.417743
0.418102
0.418550
0.419092
0.419674
0.420382
0.421234
0.422185
0.423194
0.424381
0.425675
0.426927
0.428162
0.429394
0.430687
0.432024
0.433548
0.434947
0.436336
0.437669
0.438959
0.440285
0.441674
0.443046
0.444293
0.445347
0.446186
0.447052
0.447851
0.448647
0.449243
0.449812
0.450109
0.450222
0.450271
0.450266
0.450079
0.449726
0.449049
0.448677
0.448342
0.448311
0.448391
0.448502
0.448703
0.449468
0.450064
0.451084
0.452271
0.453463
0.454720
0.456471
0.457637
0.458633
0.459561
0.461249
0.463080
0.464491
0.465949
0.467555
0.469268
0.471019
0.472488
0.473749
0.474961
0.476092
0.477209
0.478484
0.479754
0.480846
0.482342
0.483623
0.484866
0.486127
0.487283
0.488287
0.489087
0.489757
0.490307
0.490719
0.491110
0.491284
0.491359
0.491373
0.491363
0.491252
0.491140
0.490993
0.490690
