0.180715
0.180527
0.180340
0.180141
0.179923
0.179711
0.179467
0.179225
0.178900
0.178618
0.178251
0.177869
0.177501
0.177053
0.176580
0.176077
0.175526
0.174979
0.174471
0.173876
0.173306
0.172652
0.172137
0.171656
0.171230
0.170879
0.170622
0.170371
0.170113
0.169860
0.169733
0.169474
0.169169
0.168834
0.168502
0.168217
0.167880
0.167672
0.167420
0.167067
0.166811
0.166367
0.165907
0.165365
0.165117
0.164651
0.164041
0.163200
0.162482
0.161809
0.160956
0.159770
0.158207
0.157153
0.156290
0.155655
0.154867
0.154262
0.153952
0.153521
0.153252
0.152644
0.152211
0.152004
0.151538
0.151104
0.150868
0.150800
0.150400
0.150229
0.149983
0.149794
0.149616
0.149617
0.149221
0.149090
0.149161
0.149437
0.149647
0.149785
0.149663
0.149113
0.148345
0.147473
0.147470
0.147517
0.147519
0.147478
0.147264
0.147307
0.146700
0.146378
0.146060
0.145739
0.145341
0.145045
0.144727
0.144390
0.144119
0.143771
0.143477
