0.079796
0.102464
0.124725
0.114250
0.077189
-0.048281
-0.234126
-0.560224
-1.100088
-1.742602
-2.504509
-3.108066
-3.647435
-4.476844
-5.130214
-5.897210
-6.569352
-7.245274
-7.820409
-8.493883
-9.068721
-9.826260
-10.811394
-11.898017
-13.423851
-15.082771
-16.717810
-18.320816
-19.780880
-21.617382
-23.929739
-25.867037
-27.219084
-28.011530
-27.989164
-27.978497
-28.037109
-27.588133
-26.755810
-26.072319
-25.425081
-24.508268
-23.038359
-21.695498
-20.762262
-20.111000
-19.991552
-20.428602
-20.245163
-19.822168
-18.400358
-16.231062
-12.311580
-7.125522
-1.285568
4.041588
9.052330
11.838824
14.289407
16.988861
20.238890
22.748592
24.343569
23.568312
22.343634
21.420601
20.722473
20.057880
19.670853
19.609707
19.362785
19.086899
18.918535
18.649178
18.086195
17.421160
16.930126
16.390356
15.864930
15.397027
14.831922
14.299117
14.062733
13.904402
13.843864
13.770274
13.791382
13.717627
13.828082
13.925242
13.805887
13.667057
13.692494
13.694489
13.587180
13.250228
12.752420
12.247633
11.859186
11.851311
11.555343
