0.974968
0.974977
0.974984
0.974990
0.974999
0.975008
0.975013
0.975022
0.975033
0.975046
0.975053
0.975066
0.975071
0.975084
0.975077
0.975045
0.974997
0.974959
0.974934
0.974879
0.974820
0.974732
0.974638
0.974505
0.974361
0.974156
0.973930
0.973669
0.973386
0.973084
0.972774
0.972394
0.971971
0.971485
0.970975
0.970488
0.970000
0.969496
0.968952
0.968381
0.967761
0.967084
0.966425
0.965741
0.965036
0.964327
0.963612
0.962879
0.962154
0.961350
0.960510
0.959595
0.958604
0.957534
0.956443
0.955324
0.954141
0.952929
0.951672
0.950381
0.949029
0.947664
0.946238
0.944748
0.943256
0.941687
0.940080
0.938440
0.936788
0.935112
0.933422
0.931689
0.929889
0.928052
0.926201
0.924293
0.922370
0.920380
0.918395
0.916402
0.914413
0.912420
0.910435
0.908420
0.906353
0.904232
0.902040
0.899933
0.897882
0.895890
0.893981
0.892118
0.890271
0.888429
0.886577
0.884714
0.882866
0.880966
0.879050
0.877205
0.875390
