0.070166
0.070159
0.070146
0.070146
0.070154
0.070160
0.070166
0.070177
0.070200
0.070220
0.070229
0.070218
0.070206
0.070229
0.070247
0.070285
0.070339
0.070408
0.070486
0.070567
0.070634
0.070639
0.070606
0.070586
0.070547
0.070495
0.070452
0.070400
0.070368
0.070283
0.070208
0.070122
0.070009
0.069899
0.069767
0.069582
0.069390
0.069152
0.068905
0.068670
0.068466
0.068237
0.068063
0.067865
0.067698
0.067566
0.067484
0.067412
0.067333
0.067286
0.067279
0.067291
0.067285
0.067342
0.067360
0.067374
0.067356
0.067292
0.067232
0.067153
0.067009
0.066875
0.066712
0.066545
0.066411
0.066256
0.066144
0.066042
0.065963
0.065903
0.065862
0.065841
0.065826
0.065812
0.065795
0.065789
0.065869
0.065930
0.065960
0.065928
0.065846
0.065704
0.065566
0.065365
0.065248
0.065091
0.064950
0.064824
0.064721
0.064629
0.064589
0.064499
0.064379
0.064277
0.064204
0.064146
0.064099
0.064043
0.063968
0.063859
0.063751
