-1.196706
-1.308696
-1.379852
-1.543520
-1.828328
-2.238778
-2.737704
-3.174067
-3.280040
-3.442282
-3.543270
-3.778465
-4.175065
-4.600589
-5.132761
-5.617713
-6.784046
-8.083205
-9.629619
-10.140128
-9.791396
-10.303876
-11.227722
-11.634114
-11.891272
-10.852188
-9.471669
-7.952072
-7.493702
-8.094847
-9.486819
-11.802339
-14.067490
-14.945733
-16.513000
-18.124758
-18.573267
-19.526491
-19.602690
-17.726810
-17.213415
-17.219694
-17.440407
-17.545544
-17.334936
-16.210533
-15.183212
-14.955660
-14.487001
-14.030691
-13.733712
-13.595027
-13.026206
-13.212271
-13.526104
-13.342838
-13.311340
-13.244718
-12.551213
-11.530309
-10.523174
-9.544471
-8.597310
-7.669151
-7.262199
-6.577855
-5.992340
-5.200116
-4.004250
-2.482214
-0.844676
0.953859
2.478169
3.805031
4.441910
3.514933
1.655625
1.935588
3.246674
4.998327
6.444320
8.120296
9.897773
11.482148
11.707402
11.222166
11.137045
10.742748
10.146794
10.285806
11.198526
11.844290
11.956884
11.711719
11.410363
11.108989
10.797733
10.639545
10.596070
10.442792
10.603320
