-0.922471
-0.922682
-0.922840
-0.922947
-0.923019
-0.922993
-0.922944
-0.922861
-0.922734
-0.922606
-0.922462
-0.922274
-0.921867
-0.920953
-0.919517
-0.915011
-0.910751
-0.906937
-0.904255
-0.903286
-0.902303
-0.901245
-0.900436
-0.899524
-0.898755
-0.898139
-0.897881
-0.897795
-0.897601
-0.897185
-0.896047
-0.892517
-0.888193
-0.884373
-0.881684
-0.880435
-0.879554
-0.878794
-0.877629
-0.876543
-0.875810
-0.874829
-0.873461
-0.869341
-0.864834
-0.860183
-0.856973
-0.856268
-0.855048
-0.854044
-0.853029
-0.852252
-0.851199
-0.850300
-0.847777
-0.844108
-0.839180
-0.834821
-0.832707
-0.832596
-0.832564
-0.832646
-0.832836
-0.833045
-0.833233
-0.833462
-0.833704
-0.833895
-0.834038
-0.834224
-0.834325
-0.834516
-0.834614
-0.834766
-0.834913
-0.835069
-0.835250
-0.835346
-0.835499
-0.835606
-0.835771
-0.835898
-0.836003
-0.836158
-0.836292
-0.836389
-0.836484
-0.836561
-0.836673
-0.836801
-0.836878
-0.836988
-0.837009
-0.837059
-0.837245
-0.837332
-0.837387
-0.837490
-0.837597
-0.837670
-0.837757
