-0.150191
-0.150941
-0.151537
-0.151788
-0.151381
-0.151062
-0.151608
-0.152505
-0.153299
-0.153060
-0.153351
-0.154463
-0.155557
-0.156292
-0.156859
-0.157287
-0.157531
-0.157646
-0.157421
-0.156893
-0.156426
-0.156132
-0.158380
-0.159610
-0.160736
-0.161444
-0.162206
-0.163163
-0.164222
-0.165602
-0.167463
-0.167132
-0.166372
-0.164515
-0.165047
-0.167002
-0.168417
-0.169723
-0.170607
-0.171238
-0.172545
-0.173984
-0.175170
-0.174403
-0.173723
-0.174101
-0.175502
-0.177402
-0.179388
-0.179861
-0.180772
-0.181010
-0.181021
-0.181025
-0.181050
-0.181116
-0.181188
-0.181286
-0.181404
-0.181490
-0.181575
-0.182120
-0.182418
-0.182554
-0.182947
-0.183331
-0.183626
-0.183935
-0.184194
-0.184547
-0.184834
-0.185097
-0.185361
-0.185646
-0.185905
-0.186163
-0.186426
-0.186710
-0.186983
-0.187233
-0.187477
-0.187718
-0.187979
-0.188247
-0.188491
-0.188686
-0.188987
-0.189310
-0.189591
-0.189874
-0.190093
-0.190346
-0.190635
-0.190881
-0.191095
-0.191370
-0.191646
-0.191898
-0.192147
-0.192411
-0.192671
