0.184614
0.184515
0.185259
0.185999
0.186553
0.187948
0.189125
0.190567
0.191211
0.192030
0.192771
0.193987
0.194856
0.195810
0.196800
0.197558
0.198122
0.198464
0.198704
0.198371
0.199254
0.200131
0.201012
0.201950
0.202711
0.202898
0.202511
0.201978
0.201463
0.201185
0.201574
0.202125
0.202542
0.203605
0.204444
0.205681
0.206368
0.207256
0.208405
0.209636
0.210432
0.210471
0.210753
0.211424
0.212459
0.213366
0.214117
0.215186
0.214819
0.214964
0.215326
0.215735
0.216097
0.216462
0.216783
0.217059
0.217384
0.217725
0.218052
0.218349
0.218582
0.218840
0.219061
0.219189
0.219343
0.219605
0.219834
0.220081
0.220354
0.220619
0.220909
0.221197
0.221488
0.221783
0.222075
0.222394
0.222729
0.223078
0.223420
0.223775
0.224128
0.224472
0.224874
0.225273
0.225652
0.225964
0.226293
0.226673
0.227028
0.227393
0.227737
0.228089
0.228468
0.228824
0.229169
0.229525
0.229890
0.230234
0.230601
0.230980
0.231353
