6.449043
7.423018
14.638349
36.208275
76.782417
37.734867
-60.532925
-190.032166
-240.124664
-112.040558
-29.205475
1.227078
-1.939358
-2.867521
-7.536898
-12.005017
-15.865286
-17.973675
-15.002181
14.275460
75.789322
-20.277498
-130.318680
-184.595703
-182.059677
-155.776001
-114.635239
-73.442421
-38.161201
-11.655198
23.226072
74.944244
117.955635
44.622311
-39.271496
-165.898468
-168.875931
-105.949982
-51.146294
-37.401958
-42.481392
-45.762737
-30.563839
28.863869
42.040348
2.492532
-86.130913
-162.471161
-180.096252
-91.699501
-27.137461
-6.723858
-4.432538
-2.285556
-1.768131
-1.562283
-0.857151
-0.142297
0.171780
-0.423955
-0.279613
0.235677
0.380061
0.091170
-0.270545
0.181184
0.344706
0.312684
0.428759
0.509505
0.572611
0.601746
0.627585
0.698719
0.703840
0.683373
0.730700
0.782754
0.802796
0.805070
0.750540
0.684599
0.769992
0.635392
0.513261
0.434950
0.368023
0.314191
0.181070
0.289284
0.283000
0.266083
0.286806
0.228882
0.225271
0.283841
0.254879
0.285507
0.291813
0.297753
0.263859
