0.759852
0.759873
0.759889
0.759907
0.759935
0.759958
0.759983
0.760006
0.760032
0.760037
0.760066
0.760094
0.760059
0.760075
0.760035
0.759958
0.759763
0.759401
0.758885
0.758060
0.756836
0.755440
0.753755
0.751831
0.749622
0.747043
0.744270
0.741319
0.738273
0.735060
0.731792
0.728446
0.725087
0.721597
0.717982
0.714488
0.710958
0.707339
0.703464
0.699369
0.695181
0.690918
0.686683
0.682506
0.678375
0.674327
0.670297
0.666350
0.662383
0.658513
0.654658
0.650819
0.646993
0.643194
0.639481
0.635782
0.632138
0.628525
0.624929
0.621427
0.618033
0.614745
0.611504
0.608272
0.605213
0.602520
0.599469
0.596750
0.594292
0.592688
0.590333
0.587762
0.585361
0.583565
0.581799
0.580272
0.579010
0.577492
0.575757
0.573940
0.571805
0.569777
0.567753
0.565695
0.564395
0.562487
0.560997
0.559906
0.559104
0.558874
0.558873
0.559171
0.559507
0.560251
0.561003
0.561889
0.562950
0.563962
0.565072
0.566158
0.567346
