-0.201081
-0.201674
-0.202262
-0.204913
-0.247914
-0.273048
-0.314034
-0.448945
-0.653226
-0.959773
-1.321509
-1.911374
-2.624768
-3.818424
-5.579573
-7.441483
-8.968987
-9.755733
-10.072738
-10.728071
-10.961843
-10.547636
-9.896519
-9.255899
-8.802421
-8.614474
-8.370800
-8.721220
-8.903050
-9.786443
-10.786237
-11.550234
-11.102126
-10.116615
-9.395380
-8.565667
-7.763896
-6.994791
-6.662035
-6.004935
-5.330087
-5.048902
-4.919405
-4.604044
-4.293806
-3.915737
-3.596466
-3.197821
-2.846784
-2.669352
-2.535111
-2.234137
-1.538221
-1.157617
-0.630389
0.082541
0.694073
2.548618
2.695894
5.098889
3.664635
3.644832
2.443756
3.001185
3.692581
5.141311
5.575775
6.296235
5.031343
5.231038
3.551917
1.383828
2.591461
-1.425760
-4.286790
-5.195638
0.851070
8.425503
14.240849
17.048885
19.821115
20.225121
19.100225
18.357542
19.080866
19.438124
19.499392
18.894899
18.113619
17.213501
16.152145
14.776577
13.070988
12.280696
11.743326
11.008443
10.707518
10.086478
9.301661
8.457919
8.004832
