0.855718
0.855755
0.855769
0.855774
0.855814
0.855874
0.855958
0.856044
0.856106
0.856167
0.856224
0.856273
0.856362
0.856379
0.856430
0.856594
0.856704
0.856732
0.856743
0.856747
0.856766
0.856788
0.856786
0.856590
0.856304
0.856001
0.855659
0.855195
0.854715
0.854130
0.853512
0.852866
0.852064
0.851386
0.850330
0.849319
0.848182
0.846833
0.845364
0.843840
0.842033
0.840172
0.838105
0.835913
0.833589
0.831118
0.828563
0.825930
0.823148
0.820196
0.817128
0.813924
0.810613
0.807253
0.803737
0.800095
0.796236
0.792228
0.788101
0.783814
0.779511
0.775154
0.770866
0.766637
0.762492
0.758396
0.754277
0.750072
0.745912
0.741728
0.737564
0.733450
0.729353
0.725334
0.721385
0.717458
0.713488
0.709488
0.705530
0.701550
0.697574
0.693671
0.689830
0.686110
0.682542
0.679281
0.676468
0.673977
0.671756
0.669784
0.668023
0.666351
0.665049
0.663928
0.663095
0.662394
0.661838
0.661571
0.661387
0.661633
0.661972
