0.843471
0.852092
0.816746
0.810726
0.776861
0.783728
0.750215
0.703598
0.618099
0.536860
0.470470
0.401147
0.351223
0.316267
0.282956
0.265052
0.268074
0.236316
0.217390
0.216764
0.181091
0.232959
0.236529
0.298478
0.396889
0.402203
0.429428
0.434031
0.379045
0.296277
0.245996
0.194929
0.238925
0.253871
0.268353
0.255777
0.261526
0.244717
0.230705
0.210167
0.194723
0.200201
0.161736
0.172302
0.229484
0.303812
0.387122
0.495788
0.621167
0.695627
0.750835
0.776458
0.805375
0.846975
0.930940
1.039892
1.147258
1.217002
1.299224
1.482386
1.610984
1.775134
2.194075
2.843378
3.336591
3.924848
4.583699
5.340530
5.971107
6.735373
7.533558
8.111217
8.528038
9.271687
9.364766
9.092125
8.662418
8.112731
7.538977
6.844209
5.975155
4.107070
0.712841
-5.542595
-10.598871
-13.811737
-17.239300
-18.386580
-15.278563
-13.685689
-9.130035
-4.308024
-1.117262
1.890037
4.130619
7.160677
9.666111
11.692790
13.624241
13.331579
14.401996
