0.796438
0.796553
0.796668
0.796788
0.796908
0.797017
0.797111
0.794806
0.791962
0.790741
0.790436
0.790628
0.788020
0.785217
0.785213
0.784795
0.781726
0.778817
0.778181
0.777757
0.777617
0.774643
0.771475
0.770490
0.768853
0.768675
0.765959
0.762563
0.761406
0.760631
0.760946
0.758521
0.755238
0.754193
0.752798
0.752569
0.749771
0.746003
0.742258
0.741716
0.744068
0.745216
0.742299
0.738128
0.733874
0.730228
0.727828
0.726802
0.726409
0.726304
0.726401
0.726514
0.726609
0.726743
0.726902
0.727067
0.727238
0.727407
0.727584
0.727760
0.727927
0.728106
0.728266
0.728445
0.728655
0.728767
0.728851
0.728930
0.729018
0.729235
0.729365
0.729508
0.729701
0.729914
0.730156
0.730388
0.730619
0.730849
0.731082
0.731327
0.731561
0.731807
0.732065
0.732345
0.732575
0.732827
0.733072
0.733300
0.733504
0.733732
0.733967
0.734189
0.734413
0.734643
0.734874
0.735111
0.735351
0.735582
0.735817
0.736056
0.736284
