2.417312
2.417434
2.349432
2.378255
2.337103
2.281317
2.269563
2.199089
2.132461
2.012213
1.895337
1.516184
1.100371
0.806919
0.745124
0.822954
0.940422
1.157714
1.442424
2.082050
2.360435
2.910534
3.522877
3.923745
4.186599
5.234562
4.640511
4.127652
3.685610
3.769014
4.466857
4.813667
4.842653
4.810707
4.466991
4.656340
4.519404
4.383858
4.303399
4.213861
4.109727
4.231453
3.557140
3.106872
2.837050
2.707311
2.632102
2.813130
2.284708
2.109681
2.017535
2.030286
2.020237
2.014069
2.056180
2.070590
2.102078
2.103490
2.114485
2.148063
2.161280
2.164783
2.178694
2.187594
2.193931
2.195984
2.201689
2.205227
2.210348
2.204763
2.218103
2.224167
2.226690
2.229085
2.232902
2.238043
2.234114
2.250532
2.253551
2.253659
2.252404
2.249873
2.250053
2.246397
2.240378
2.234580
2.232627
2.225990
2.227782
2.227206
2.232303
2.241683
2.235381
2.236874
2.232979
2.236572
2.231756
2.221970
2.234735
2.231098
2.229555
