0.249917
0.249985
0.250094
0.250238
0.250407
0.250658
0.250942
0.251262
0.251598
0.251928
0.252258
0.252605
0.252952
0.253285
0.253587
0.253861
0.254126
0.254319
0.254465
0.254593
0.254697
0.254750
0.254741
0.254748
0.254670
0.254722
0.254849
0.254987
0.255186
0.255357
0.255590
0.255892
0.256146
0.256473
0.256835
0.257246
0.257696
0.258141
0.258566
0.258991
0.259417
0.259838
0.260231
0.260659
0.261078
0.261500
0.261904
0.262305
0.262679
0.263015
0.263344
0.263647
0.263926
0.264160
0.264357
0.264534
0.264682
0.264816
0.264948
0.265056
0.265129
0.265198
0.265261
0.265307
0.265350
0.265384
0.265419
0.265432
0.265448
0.265453
0.265456
0.265459
0.265459
0.265456
0.265451
0.265443
0.265436
0.265433
0.265410
0.265416
0.265396
0.265381
0.265355
0.265346
0.265318
0.265308
0.265275
0.265257
0.265223
0.265207
0.265176
0.265159
0.265130
0.265103
0.265082
0.265074
0.265038
0.265005
0.264978
0.264957
0.264932
