0.943893
0.943879
0.943856
0.943851
0.943842
0.943832
0.943843
0.943872
0.943907
0.943947
0.943977
0.944018
0.944043
0.944039
0.943947
0.943780
0.943527
0.943008
0.942351
0.941543
0.940625
0.939604
0.938447
0.937207
0.935857
0.934399
0.932864
0.931192
0.929409
0.927560
0.925644
0.923677
0.921586
0.919496
0.917340
0.915160
0.913024
0.910848
0.908767
0.906612
0.904555
0.902547
0.900567
0.898674
0.896904
0.895247
0.893694
0.892217
0.890770
0.889404
0.888075
0.886813
0.885596
0.884525
0.883571
0.882707
0.881916
0.881173
0.880543
0.880028
0.879608
0.879254
0.878975
0.878760
0.878667
0.878615
0.878594
0.878645
0.878674
0.878770
0.878858
0.878941
0.879008
0.879106
0.879189
0.879297
0.879420
0.879543
0.879687
0.879820
0.879938
0.880104
0.880253
0.880389
0.880529
0.880680
0.880805
0.880938
0.881084
0.881241
0.881363
0.881515
0.881604
0.881756
0.881844
0.881988
0.882124
0.882292
0.882392
0.882568
0.882699
