-0.057340
-0.057217
-0.057064
-0.056956
-0.056779
-0.056412
-0.055921
-0.055390
-0.054583
-0.053595
-0.052467
-0.050813
-0.049719
-0.049154
-0.048656
-0.048197
-0.047838
-0.047550
-0.047289
-0.047064
-0.046929
-0.046849
-0.046721
-0.046532
-0.046330
-0.046078
-0.045827
-0.045620
-0.045409
-0.045157
-0.044892
-0.044469
-0.043969
-0.043362
-0.042748
-0.042062
-0.041290
-0.040312
-0.039222
-0.037973
-0.036722
-0.035322
-0.033836
-0.032360
-0.030905
-0.029421
-0.027839
-0.026284
-0.024845
-0.023299
-0.021625
-0.020024
-0.018763
-0.017366
-0.015905
-0.014672
-0.013584
-0.012494
-0.011582
-0.010875
-0.010253
-0.009728
-0.009348
-0.008941
-0.008570
-0.008350
-0.008063
-0.007835
-0.007634
-0.007446
-0.007289
-0.007143
-0.007012
-0.006869
-0.006744
-0.006627
-0.006522
-0.006417
-0.006305
-0.006199
-0.006123
-0.006030
-0.005922
-0.005828
-0.005725
-0.005634
-0.005524
-0.005422
-0.005323
-0.005217
-0.005118
-0.005019
-0.004928
-0.004819
-0.004729
-0.004625
-0.004521
-0.004425
-0.004323
-0.004224
-0.004132
