0.974750
0.974749
0.974746
0.974742
0.974740
0.974737
0.974730
0.974721
0.974709
0.974698
0.974685
0.974676
0.974673
0.974679
0.974692
0.974714
0.974737
0.974763
0.974784
0.974797
0.974804
0.974814
0.974838
0.974851
0.974861
0.974862
0.974844
0.974802
0.974732
0.974633
0.974516
0.974376
0.974215
0.973996
0.973739
0.973419
0.972936
0.972369
0.971736
0.971026
0.970195
0.969340
0.968436
0.967473
0.966462
0.965371
0.964200
0.962979
0.961719
0.960381
0.959032
0.957635
0.956189
0.954719
0.953206
0.951655
0.950079
0.948540
0.947021
0.945543
0.944112
0.942718
0.941340
0.940016
0.938742
0.937463
0.936282
0.935170
0.934149
0.933168
0.932209
0.931221
0.930222
0.929194
0.928239
0.927345
0.926673
0.926009
0.925407
0.924842
0.924278
0.923699
0.923024
0.922278
0.921410
0.920470
0.919447
0.918437
0.917407
0.916512
0.915696
0.914917
0.914199
0.913552
0.912935
0.912343
0.911785
0.911237
0.910710
0.910235
0.909773
