1.647949
2.685547
3.417969
5.187988
4.211426
7.141113
5.615234
4.699707
0.427246
-2.075195
2.136230
-1.525879
-0.976562
-1.892090
-0.488281
2.197266
3.173828
14.770508
19.958496
26.000977
30.090332
28.564453
29.602051
33.813477
40.405273
47.729492
49.987793
33.142090
59.570312
42.175293
-2.746582
-51.696777
-63.659668
-76.599121
-59.020996
-48.400879
-39.855957
-55.053711
-44.799805
-10.498047
-13.610840
-14.282227
1.953125
8.728027
12.145996
-0.915527
-6.591797
0.854492
-7.812500
-5.981445
33.264160
52.612305
95.336914
43.823242
53.222656
30.578613
-79.223633
-62.438965
-99.670410
-31.005859
-16.540527
-8.911133
-15.808105
-6.896973
6.469727
-4.882812
-31.494141
-13.061523
33.325195
29.846191
59.265137
95.825195
58.227539
75.866699
-61.340332
-78.796387
-68.237305
-86.303711
-49.133301
-57.617188
-19.226074
-0.183105
3.051758
-1.770020
-1.464844
-15.258789
-21.362305
3.173828
39.733887
44.677734
64.331055
42.541504
74.768066
-12.695312
-68.481445
-84.045410
-69.213867
-56.152344
-24.658203
-33.508301
-28.747559
