0.122070
0.122070
-0.122070
2.868652
7.690430
17.456055
21.240234
19.226074
17.333984
15.625000
14.648438
11.047363
7.934570
19.470215
15.747070
21.240234
18.310547
16.662598
40.710449
32.531738
33.996582
39.123535
35.400391
29.479980
31.677246
34.179688
38.635254
46.447754
34.118652
37.902832
24.047852
12.329102
5.187988
-0.488281
-18.066406
-42.480469
-48.156738
-30.456543
-58.349609
-27.038574
-59.265137
6.042480
-23.315430
-88.256836
-81.726074
-87.585449
-67.504883
-50.659180
10.559082
33.203125
45.776367
52.734375
104.614258
123.168945
94.665527
31.738281
74.707031
43.212891
35.095215
-90.698242
-79.467773
-85.327148
-105.651855
-37.963867
-129.516602
-98.205566
-115.722656
-37.963867
67.626953
69.641113
128.723145
186.767578
163.391113
127.624512
90.209961
55.847168
19.409180
-11.901855
-58.166504
-110.107422
-98.022461
-86.608887
-67.993164
-94.177246
-93.688965
-101.257324
-51.574707
-26.245117
63.537598
87.341309
157.958984
137.756348
118.041992
74.035645
60.546875
40.954590
-2.685547
-92.590332
-86.608887
-106.384277
-116.516113
