-0.206909
-0.216309
-0.124390
-0.190186
-0.117920
-0.117798
-0.087402
-0.001221
-0.108521
-0.095947
-0.135010
-0.081787
-0.312988
-0.077515
-0.130615
-0.204712
-0.716431
-0.116089
-0.061523
-0.343262
-0.213745
-0.161743
0.053833
-0.024536
-0.216553
0.140381
0.672485
-0.021729
-0.151123
-0.001221
-0.287354
0.317139
-0.141235
-0.107788
-0.211914
-0.237793
-0.326660
-0.386353
0.263428
0.120605
-0.234497
-0.652710
-0.013672
0.063232
-0.026123
-0.190063
-0.352173
0.024902
0.031372
-0.203979
-0.356689
-0.198364
-0.071289
-0.097778
-0.235229
-0.103760
-0.433716
-0.226318
-0.335815
-0.117676
-0.162231
-0.252075
0.153320
-0.058472
-0.067261
-0.085327
-0.187134
-0.420898
-0.171509
-0.020020
0.011108
-0.318604
-0.111694
-0.023193
-0.139160
0.037964
0.011108
-0.139771
-0.103882
-0.202271
-0.145020
-0.174316
-0.237549
-0.241333
0.014404
-0.112549
-0.165894
-0.403687
-0.151367
0.023926
-0.221069
-0.270996
-0.105469
0.042236
0.122925
-0.136353
-0.356445
-0.048462
0.143799
-0.157715
-0.115967
