-1.098633
-38.208008
-61.340332
35.949707
64.758301
14.892578
-71.289062
-39.855957
67.626953
38.940430
-19.042969
-53.405762
58.471680
34.790039
-22.949219
-43.945312
76.599121
43.518066
-49.804688
-50.292969
114.868164
129.821777
-92.651367
-132.080078
90.393066
37.414551
-108.764648
-83.679199
148.010254
58.105469
-72.753906
-76.904297
54.992676
51.879883
-20.202637
-46.569824
-20.202637
143.188477
84.716797
-85.571289
-106.506348
73.669434
79.895020
-7.385254
-101.074219
-36.804199
104.553223
40.405273
-66.833496
-49.682617
38.574219
68.847656
-61.523438
2.197266
63.415527
11.474609
-72.021484
-22.460938
43.884277
52.856445
-30.212402
-46.508789
3.234863
81.115723
7.568359
-72.021484
-64.697266
39.062500
56.762695
-1.647949
-53.771973
-48.400879
73.791504
70.251465
7.019043
-80.078125
-35.522461
119.079590
46.508789
-25.146484
-66.406250
-28.198242
38.574219
52.368164
-38.757324
-65.612793
-6.164551
110.107422
49.804688
-54.016113
-51.269531
57.250977
93.505859
-26.794434
-103.637695
-40.283203
104.980469
79.589844
-78.979492
-53.405762
-32.043457
