0.377075
0.377081
0.377107
0.377185
0.377263
0.377377
0.377517
0.377681
0.377886
0.378127
0.378390
0.378677
0.378968
0.379269
0.379530
0.379826
0.380102
0.380369
0.380585
0.380746
0.380892
0.381007
0.381117
0.381180
0.381214
0.381204
0.381147
0.381090
0.381000
0.380903
0.380809
0.380685
0.380474
0.380243
0.380031
0.379849
0.379668
0.379603
0.379586
0.379652
0.379754
0.379878
0.380049
0.380295
0.380571
0.380870
0.381182
0.381518
0.381794
0.382052
0.382285
0.382529
0.382740
0.382883
0.382985
0.383055
0.383080
0.382999
0.382919
0.382814
0.382664
0.382498
0.382390
0.382290
0.382212
0.382217
0.382230
0.382315
0.382452
0.382635
0.382824
0.382976
0.383125
0.383313
0.383458
0.383615
0.383719
0.383800
0.383876
0.383946
0.383966
0.383958
0.383958
0.383910
0.383943
0.383873
0.383828
0.383806
0.383744
0.383698
0.383642
0.383593
0.383536
0.383489
0.383448
0.383405
0.383368
0.383332
0.383296
0.383259
0.383225
0.382756
0.382729
