0.910418
0.910429
0.910434
0.910439
0.910451
0.910463
0.910474
0.910491
0.910512
0.910531
0.910552
0.910563
0.910628
0.910625
0.910604
0.910555
0.910445
0.910278
0.910047
0.909731
0.909340
0.908888
0.908370
0.907671
0.906897
0.906040
0.905136
0.904122
0.903002
0.901823
0.900629
0.899358
0.898034
0.896666
0.895243
0.893725
0.892229
0.890617
0.889038
0.887377
0.885671
0.883966
0.882237
0.880462
0.878659
0.876837
0.874997
0.873168
0.871302
0.869470
0.867624
0.865845
0.864295
0.862871
0.861606
0.860536
0.859695
0.859026
0.858578
0.858244
0.858014
0.857794
0.857608
0.857457
0.857319
0.857197
0.857306
0.857489
0.857617
0.857797
0.857949
0.858088
0.858224
0.858339
0.858298
0.858183
0.857855
0.857532
0.857196
0.856877
0.856566
0.856340
0.856138
0.856034
0.855943
0.856003
0.856006
0.856070
0.856138
0.856218
0.856284
0.856372
0.856444
0.856588
0.856686
0.856792
0.856941
0.857061
0.857169
0.857282
0.857406
