0.500861
0.462962
0.388543
0.238029
0.112247
-0.151490
-0.392286
-0.665893
-1.004160
-1.222302
-1.488145
-1.953699
-2.509928
-3.529581
-3.027717
-2.891524
-3.024990
-2.934226
-2.477147
-2.004163
-0.735755
0.553445
0.451478
0.427933
0.607725
0.979284
0.959309
0.952900
0.806374
1.035385
1.923619
2.590966
2.884539
2.640034
2.099441
1.302609
0.502640
-0.168540
-0.225838
-0.306098
-0.451113
-0.600733
0.246265
1.026838
1.633797
1.847537
2.534288
3.015242
3.899741
5.169357
6.081182
6.620475
5.770660
3.415793
0.943371
0.962074
2.534629
5.592321
7.543177
7.135387
6.589485
4.119467
-0.242107
-6.338635
-10.401492
-9.962899
-4.010696
1.903149
5.695690
7.657989
7.287786
7.372095
7.467394
7.427223
7.805369
7.963171
8.261804
8.270786
8.147362
7.293230
6.885091
6.566475
6.075569
5.572298
5.365176
4.819161
4.597280
4.526032
4.249280
4.149688
4.003034
3.911339
3.757233
3.692582
3.700934
3.552999
3.489993
3.393157
3.294565
3.188490
3.120289
