0.111871
0.111306
0.110751
0.110171
0.109715
0.109140
0.108755
0.108478
0.108258
0.108020
0.107812
0.107538
0.107216
0.106902
0.106563
0.106307
0.105902
0.105406
0.105054
0.104443
0.103918
0.103202
0.102328
0.101322
0.100302
0.099257
0.098136
0.096936
0.095764
0.094561
0.093200
0.092182
0.091042
0.089932
0.088779
0.087585
0.086394
0.085307
0.084170
0.082973
0.081684
0.080494
0.079169
0.077891
0.076679
0.075543
0.074289
0.073031
0.071845
0.070799
0.069733
0.068579
0.067539
0.066540
0.065599
0.064619
0.063700
0.062839
0.061996
0.061254
0.060460
0.059711
0.059030
0.058399
0.057740
0.057210
0.056552
0.055916
0.055348
0.054806
0.054317
0.053763
0.053223
0.052709
0.052205
0.051626
0.051157
0.050636
0.050030
0.049502
0.049016
0.048494
0.048022
0.047712
0.047252
0.046770
0.046320
0.045856
0.045386
0.045058
0.044628
0.044214
0.044038
0.043708
0.043229
0.042838
0.042477
0.042095
0.041759
0.041398
0.041097
