0.255127
0.256032
0.255970
0.258137
0.258064
0.253873
0.230586
0.202584
0.176662
0.161859
0.171111
0.223874
0.216420
0.201327
0.221117
0.214167
0.215727
0.201256
0.198859
0.232563
0.257719
0.275674
0.313251
0.327275
0.301737
0.266492
0.262336
0.293092
0.338459
0.447682
0.529558
0.634543
0.729442
0.843042
0.956819
1.110469
1.333574
1.666165
2.157253
2.805665
3.457043
4.558402
5.661573
7.216349
8.276200
9.312399
9.430930
9.596365
9.328625
8.737076
7.812219
6.621643
6.243714
6.073623
5.728654
5.419394
5.037046
4.427569
3.401738
1.758984
0.163803
-1.574317
-2.028517
-2.184148
-2.162213
-2.075049
-1.645424
-1.650472
-1.295225
-0.706342
-0.135522
0.501364
0.673268
1.666305
1.664861
2.122200
3.044573
3.240016
3.216943
3.103732
2.482294
2.416440
2.370357
2.773681
3.447548
4.052175
4.713427
5.524143
6.083793
6.057395
7.626751
7.149902
7.294009
7.079678
6.474937
5.954779
5.476477
5.104553
4.757550
4.455598
4.199432
