2.255058
2.260040
2.263185
2.266751
2.271635
2.278287
2.278591
2.273955
2.267556
2.254878
2.090981
1.984819
1.903212
1.817876
1.742068
1.716621
1.728746
1.608099
1.434700
1.235695
1.173974
1.124883
1.006712
0.986242
0.993435
1.090079
0.940382
1.047308
1.037339
1.052401
1.239677
1.382002
1.342862
1.327684
1.199764
1.150728
1.055089
1.092493
1.087957
0.976616
0.927874
0.682934
0.442077
-0.064257
-0.509549
-1.283578
-2.290442
-3.343779
-4.194794
-4.596851
-4.978285
-5.102774
-5.015536
-4.091828
-2.634829
0.807159
3.564497
5.456465
7.823823
10.658174
10.219821
8.781179
8.342273
8.212634
8.374574
8.531294
8.881304
8.900050
10.539623
11.824960
12.673435
13.111048
13.232034
13.275516
13.895766
12.642307
12.157581
11.247797
10.026944
9.645685
8.545776
7.139014
7.415091
7.389306
6.857036
5.843144
5.111144
4.992528
5.618928
6.454637
6.707579
6.738040
6.819611
6.960311
6.910197
5.561113
4.588107
3.278554
3.129429
2.543354
1.351726
