0.742325
0.742266
0.742196
0.742209
0.742261
0.742354
0.742524
0.742728
0.743004
0.743306
0.743592
0.743943
0.744316
0.744692
0.745112
0.745497
0.745922
0.746313
0.746739
0.747121
0.747569
0.748006
0.748413
0.748849
0.749240
0.749667
0.750121
0.750549
0.750971
0.751399
0.751824
0.752194
0.752538
0.752907
0.753188
0.753512
0.753728
0.753998
0.754286
0.754441
0.754565
0.754643
0.754639
0.754518
0.754263
0.753987
0.753592
0.753034
0.752371
0.751529
0.750684
0.749792
0.748889
0.748032
0.747413
0.746998
0.746778
0.746596
0.746704
0.747026
0.747306
0.747609
0.747972
0.748349
0.748735
0.749174
0.749562
0.749953
0.750348
0.750715
0.751088
0.751367
0.751602
0.751853
0.752064
0.752275
0.752422
0.752540
0.752633
0.752688
0.752694
0.752672
0.752658
0.752637
0.752591
0.752494
0.752433
0.752350
0.752243
0.752097
0.751938
0.751757
0.751570
0.751365
0.751143
0.750961
0.750812
0.750615
0.750488
0.750367
0.750249
