0.227296
0.227292
0.227264
0.227113
0.226886
0.226669
0.226401
0.226177
0.225916
0.225654
0.225364
0.225070
0.224797
0.224519
0.224228
0.223946
0.223665
0.223400
0.223102
0.222721
0.222379
0.222015
0.221683
0.221348
0.221032
0.220710
0.220325
0.219947
0.219553
0.219256
0.218883
0.218473
0.218049
0.217583
0.217190
0.216826
0.216528
0.216249
0.215937
0.215526
0.215178
0.214940
0.214690
0.214519
0.214209
0.213823
0.213434
0.212858
0.212280
0.211559
0.210702
0.209722
0.208804
0.207976
0.207371
0.206830
0.206421
0.205761
0.205188
0.204606
0.204050
0.203435
0.202873
0.202247
0.201575
0.200935
0.200312
0.199580
0.198867
0.198177
0.197433
0.196708
0.195930
0.195162
0.194434
0.193752
0.193106
0.192500
0.191884
0.191267
0.190676
0.190098
0.189493
0.188910
0.188357
0.187824
0.187258
0.186703
0.186167
0.185640
0.185128
0.184652
0.184201
0.183783
0.183380
0.182981
0.182589
0.182324
0.182127
0.181926
0.181697
