0.428929
0.429970
0.431011
0.432017
0.433028
0.434025
0.435026
0.435844
0.436456
0.436823
0.437043
0.437066
0.436874
0.436530
0.436019
0.435338
0.434490
0.433476
0.432454
0.431351
0.430248
0.429119
0.427983
0.426761
0.425567
0.424291
0.423009
0.421597
0.420115
0.418452
0.416638
0.414630
0.412387
0.409892
0.407147
0.404251
0.401180
0.397827
0.394416
0.390757
0.387063
0.383208
0.379193
0.374964
0.370558
0.365909
0.360974
0.355703
0.350171
0.344502
0.338468
0.332292
0.326109
0.319800
0.313528
0.307194
0.300807
0.294523
0.288550
0.282943
0.277685
0.273108
0.269098
0.265418
0.262114
0.259239
0.256595
0.254184
0.252189
0.250744
0.249779
0.249318
0.249523
0.250022
0.250667
0.251503
0.252479
0.253594
0.254929
0.256440
0.258157
0.259909
0.261770
0.263732
0.265695
0.267710
0.269774
0.271895
0.274072
0.276245
0.278471
0.280711
0.283082
0.285475
0.287906
0.290387
0.292852
0.295325
0.297688
0.300053
0.302307
