0.285786
0.285775
0.285767
0.285776
0.285803
0.285826
0.285850
0.285904
0.285969
0.286054
0.286150
0.286305
0.286474
0.286640
0.286806
0.287017
0.287253
0.287503
0.287741
0.287993
0.288272
0.288567
0.288859
0.289154
0.289462
0.289779
0.290101
0.290430
0.290770
0.291124
0.291483
0.291826
0.292186
0.292551
0.292905
0.293244
0.293583
0.293922
0.294269
0.294598
0.294897
0.295184
0.295434
0.295747
0.296031
0.296296
0.296507
0.296716
0.296913
0.297086
0.297222
0.297346
0.297450
0.297536
0.297587
0.297578
0.297552
0.297510
0.297385
0.297266
0.297114
0.296950
0.296869
0.296818
0.296796
0.296903
0.297021
0.297140
0.297274
0.297409
0.297553
0.297760
0.297958
0.298188
0.298438
0.298701
0.298974
0.299289
0.299601
0.299961
0.300346
0.300679
0.301064
0.301543
0.301990
0.302415
0.302838
0.303291
0.303717
0.304122
0.304575
0.305014
0.305433
0.305841
0.306212
0.306614
0.306999
0.307366
0.307681
0.307992
0.308287
