2.160866
2.205277
2.257830
2.316184
2.403646
2.530117
2.677887
2.742472
2.900542
3.002440
3.103983
3.188688
4.440690
4.742907
5.783823
5.710494
5.123982
5.214919
3.878271
3.237794
3.925977
3.697774
3.340675
3.065513
1.871311
1.659842
1.596763
1.537512
1.516982
1.237906
0.918479
1.003543
1.119179
1.313821
1.677602
1.779575
1.605396
1.850814
1.922038
2.493681
2.324063
3.188444
2.902387
2.665473
2.817289
2.627636
2.588962
2.407418
2.001599
2.539010
2.558364
2.524670
1.962668
1.602048
1.245475
0.783262
0.105405
-0.338012
-0.619326
-0.748627
-1.773160
-2.371928
-2.088598
-2.450111
-2.145264
-2.319147
-1.974645
-1.494466
-0.772822
-0.151951
0.738718
1.514833
2.295800
2.769733
3.193262
3.676806
3.045726
2.890428
3.280630
3.368072
3.534425
3.765240
3.890768
3.787895
3.293529
2.565777
2.268168
2.002293
2.271547
2.375708
1.858042
1.566795
1.472387
1.471934
1.609830
1.642228
1.844910
2.192005
2.395066
2.429964
2.508142
