-0.023738
0.001033
0.011715
-0.008937
-0.026949
-0.089408
-0.275184
-0.520552
-0.779245
-1.153286
-1.616633
-2.140208
-2.928745
-3.790349
-4.642482
-5.660698
-6.185586
-6.587425
-7.423838
-8.662086
-9.757566
-10.361221
-11.192725
-12.227244
-12.969576
-13.380971
-13.595261
-13.510042
-13.356293
-13.248814
-13.351025
-13.640306
-14.014363
-14.100006
-14.355563
-14.768719
-15.258131
-15.603673
-15.750106
-15.776395
-16.032400
-16.381943
-16.754530
-16.887686
-16.697994
-17.087969
-17.417997
-17.638405
-17.649033
-17.775517
-17.849638
-17.904781
-17.900690
-17.963360
-18.077255
-18.253138
-18.443369
-18.551010
-18.155743
-18.238085
-17.709869
-16.930479
-15.679223
-13.480831
-10.282062
-6.324571
-1.577398
2.071416
4.339742
6.314413
7.506120
8.386893
10.070418
10.339778
11.537835
12.519193
13.297842
14.254397
15.318587
16.083658
17.504330
19.218105
20.570953
22.439974
23.759939
23.697643
23.406332
23.515673
23.938326
23.860065
23.671637
23.802883
23.542850
22.978701
22.442144
21.949131
21.996346
21.700602
21.154877
20.523905
20.182987
