-0.209853
-0.209838
-0.209824
-0.209787
-0.209746
-0.209691
-0.209653
-0.209557
-0.209453
-0.209418
-0.209245
-0.209114
-0.208968
-0.208821
-0.208714
-0.208583
-0.208444
-0.208281
-0.208109
-0.207958
-0.207780
-0.207580
-0.207361
-0.207114
-0.206794
-0.206463
-0.206176
-0.205885
-0.205576
-0.205345
-0.205063
-0.204780
-0.204528
-0.204268
-0.204054
-0.203804
-0.203632
-0.203458
-0.203286
-0.203110
-0.202929
-0.202731
-0.202557
-0.202435
-0.202237
-0.201987
-0.201696
-0.201462
-0.201189
-0.200863
-0.200501
-0.200118
-0.199699
-0.199292
-0.198898
-0.198494
-0.198089
-0.197700
-0.197413
-0.197147
-0.196903
-0.196708
-0.196526
-0.196414
-0.196306
-0.196169
-0.196029
-0.195898
-0.195774
-0.195697
-0.195508
-0.195389
-0.195248
-0.195130
-0.195001
-0.194897
-0.194751
-0.194657
-0.194507
-0.194322
-0.194194
-0.194076
-0.193980
-0.193882
-0.193775
-0.193720
-0.193662
-0.193640
-0.193664
-0.193626
-0.193619
-0.193643
-0.193650
-0.193653
-0.193670
-0.193709
-0.193716
-0.193738
-0.193786
-0.193786
-0.193778
