0.163318
0.163312
0.163291
0.163275
0.163275
0.163278
0.163303
0.163389
0.163500
0.163652
0.163839
0.164077
0.164348
0.164667
0.164977
0.165342
0.165743
0.166188
0.166674
0.167197
0.167730
0.168315
0.168893
0.169500
0.170186
0.170881
0.171569
0.172292
0.173019
0.173763
0.174536
0.175307
0.176077
0.176826
0.177608
0.178360
0.179135
0.179939
0.180724
0.181510
0.182297
0.183119
0.183938
0.184778
0.185587
0.186429
0.187281
0.188096
0.188909
0.189761
0.190682
0.191581
0.192451
0.193346
0.194229
0.195173
0.196105
0.197015
0.197965
0.198909
0.199729
0.200702
0.201637
0.202579
0.203538
0.204474
0.205362
0.206267
0.207253
0.208285
0.209185
0.210168
0.211141
0.212106
0.213066
0.213978
0.214864
0.215696
0.216549
0.217403
0.218179
0.218960
0.219679
0.220375
0.221087
0.221765
0.222399
0.223017
0.223620
0.224144
0.224634
0.225118
0.225566
0.226007
0.226393
0.226748
0.227109
0.227417
0.227684
0.227920
0.228100
