0.020069
0.020059
0.020050
0.020047
0.020054
0.020063
0.020077
0.020112
0.020141
0.020176
0.020179
0.020183
0.020228
0.020263
0.020265
0.020287
0.020278
0.020270
0.020255
0.020239
0.020222
0.020201
0.020184
0.020159
0.020125
0.020073
0.020031
0.019988
0.019930
0.019833
0.019752
0.019660
0.019545
0.019429
0.019304
0.019158
0.018997
0.018818
0.018645
0.018444
0.018231
0.018012
0.017807
0.017595
0.017391
0.017178
0.016988
0.016795
0.016599
0.016391
0.016142
0.015923
0.015693
0.015500
0.015330
0.015115
0.014915
0.014707
0.014560
0.014426
0.014268
0.014100
0.013955
0.013775
0.013496
0.013307
0.013148
0.012940
0.012746
0.012605
0.012480
0.012382
0.012278
0.012186
0.012097
0.012049
0.011988
0.011933
0.011885
0.011832
0.011776
0.011712
0.011649
0.011587
0.011514
0.011467
0.011409
0.011358
0.011296
0.011266
0.011230
0.011186
0.011145
0.011117
0.011066
0.011044
0.011011
0.011002
0.010982
0.010971
0.010950
