2.163374
2.301276
2.403234
2.457688
2.486362
2.502742
2.519973
2.576527
2.764508
3.218744
4.062586
5.224889
7.202662
10.897813
14.276320
13.634220
11.329994
7.037953
6.203230
5.280005
4.423582
5.631573
7.150696
10.709333
13.027162
11.786210
9.178650
7.248065
6.838905
7.698419
10.619151
10.754831
11.196883
10.887505
10.073959
8.175720
5.348623
3.041593
2.759828
3.447653
5.322428
5.350812
7.850019
9.944860
10.270775
5.685637
0.242358
-10.263931
-11.358983
-10.184808
-9.916378
-7.982846
-4.425839
-0.242243
1.692893
-2.590547
-5.923692
-5.078033
-6.900782
-3.241950
5.569355
13.819345
15.813168
17.706455
12.911947
8.424032
5.548711
3.530652
5.164228
3.673684
5.169263
4.472241
4.594626
4.356195
5.895687
5.926527
4.754179
6.936491
6.409814
6.154278
5.894404
5.635817
5.715902
4.522428
3.362682
1.326964
0.170046
-0.758185
-0.774996
0.043629
1.772921
3.127696
3.646207
3.217330
3.219055
1.252352
-1.577515
-4.676548
-9.029216
-11.352503
-13.411342
