-0.292477
-0.320192
-0.359955
-0.421204
-0.515954
-0.605255
-0.698712
-0.855615
-1.075250
-1.377818
-1.882990
-2.600601
-3.367240
-3.946600
-3.696009
-4.591214
-5.839233
-7.347255
-8.907520
-10.568420
-11.656897
-12.836361
-14.553876
-15.706657
-16.999434
-17.190332
-17.802549
-17.884291
-17.934837
-18.562881
-19.935452
-21.096334
-20.974430
-21.391460
-22.687796
-24.042442
-24.938723
-24.825909
-23.491491
-21.959967
-21.795298
-22.141823
-22.271544
-21.102211
-20.200842
-21.054167
-22.059662
-23.896238
-25.190237
-25.085585
-22.288008
-17.615555
-9.895207
-0.530419
9.714238
17.766962
24.104897
27.011404
27.573811
28.191725
28.313808
28.463022
28.074465
27.111107
25.647184
26.072397
24.971027
24.730648
24.022404
23.602934
23.219330
23.376448
23.196381
22.175230
21.347443
19.612810
18.805006
18.406164
18.584328
18.984547
19.051065
19.528294
20.088205
21.074270
21.032360
20.380848
19.097511
17.722368
17.084587
17.056875
17.365305
17.919859
18.710291
19.793221
20.407187
20.325006
19.782757
18.846392
17.743277
16.362808
15.210784
