0.948287
0.948262
0.948234
0.948228
0.948236
0.948258
0.948284
0.948310
0.948313
0.948316
0.948348
0.948357
0.948413
0.948425
0.948569
0.948650
0.948571
0.948321
0.947945
0.947424
0.946760
0.946011
0.944856
0.943550
0.941957
0.940210
0.938395
0.936492
0.934548
0.932565
0.930552
0.928520
0.926527
0.924517
0.922559
0.920936
0.919373
0.917956
0.916673
0.915587
0.914595
0.913696
0.912869
0.912115
0.911625
0.911243
0.911000
0.910852
0.910806
0.910820
0.910914
0.911002
0.911103
0.911197
0.911275
0.911367
0.911477
0.911558
0.911649
0.911743
0.911846
0.911939
0.912040
0.912129
0.912228
0.912319
0.912398
0.912484
0.912576
0.912656
0.912750
0.912835
0.912926
0.913011
0.913112
0.913195
0.913288
0.913374
0.913467
0.913571
0.913652
0.913743
0.913836
0.913924
0.914019
0.914103
0.914196
0.914287
0.914368
0.914460
0.914542
0.914635
0.914710
0.914800
0.914888
0.914959
0.915068
0.915156
0.915240
0.915335
0.915425
