-0.185794
-0.185782
-0.185775
-0.185774
-0.185776
-0.185770
-0.185768
-0.185749
-0.185706
-0.185676
-0.185652
-0.185616
-0.185570
-0.185509
-0.185437
-0.185367
-0.185311
-0.185234
-0.185178
-0.185109
-0.185038
-0.184966
-0.184897
-0.184833
-0.184756
-0.184724
-0.184649
-0.184584
-0.184487
-0.184388
-0.184318
-0.184246
-0.184186
-0.184131
-0.184092
-0.184062
-0.184031
-0.184007
-0.183954
-0.183903
-0.183838
-0.183754
-0.183651
-0.183528
-0.183417
-0.183296
-0.183183
-0.183064
-0.182890
-0.182775
-0.182549
-0.182272
-0.181998
-0.181739
-0.181532
-0.181320
-0.181132
-0.180950
-0.180753
-0.180588
-0.180394
-0.180199
-0.180042
-0.179916
-0.179831
-0.179754
-0.179681
-0.179629
-0.179618
-0.179617
-0.179596
-0.179580
-0.179593
-0.179627
-0.179641
-0.179673
-0.179705
-0.179733
-0.179762
-0.179789
-0.179818
-0.179855
-0.179897
-0.179951
-0.179994
-0.180035
-0.180087
-0.180132
-0.180173
-0.180220
-0.180258
-0.180304
-0.180336
-0.180372
-0.180414
-0.180447
-0.180470
-0.180522
-0.180568
-0.180589
-0.180644
