-2.435769
-2.432511
-2.519272
-2.939391
-3.992079
-5.660156
-9.459848
-15.385000
-22.796238
-31.566732
-38.507763
-40.516323
-41.714550
-44.541325
-48.937408
-53.560753
-53.833187
-51.770336
-48.357891
-42.496437
-32.825836
-20.923466
-9.108914
3.972915
13.284019
19.357677
25.299360
28.257553
30.151207
32.913208
36.402233
39.630127
40.894382
40.533886
39.703964
39.766342
40.366337
41.043343
40.635296
40.580574
39.755390
39.014008
37.260414
34.932812
30.971903
26.558041
22.007891
17.808147
14.463037
11.639924
9.459146
7.808011
6.429844
5.068842
4.042891
3.292754
2.711451
2.289132
1.896013
1.750815
1.543926
1.466357
1.254851
1.166009
1.030632
0.932730
0.834078
0.738491
0.667663
0.653703
0.604292
0.546694
0.484905
0.428274
0.382002
0.361746
0.348528
0.326065
0.317742
0.300459
0.302958
0.309750
0.290125
0.294848
0.228010
0.246704
0.240721
0.212185
0.192572
0.225236
0.209588
0.185941
0.165125
0.152061
0.141292
0.132666
0.130803
0.124389
0.112214
0.097587
0.086477
