0.290831
0.290814
0.290808
0.290813
0.290825
0.290858
0.290914
0.290985
0.291086
0.291217
0.291357
0.291561
0.291767
0.291991
0.292250
0.292516
0.292797
0.293127
0.293481
0.293855
0.294257
0.294684
0.295141
0.295609
0.296105
0.296610
0.297115
0.297626
0.298124
0.298639
0.299144
0.299660
0.300182
0.300653
0.301124
0.301572
0.301984
0.302377
0.302742
0.303055
0.303341
0.303568
0.303711
0.303839
0.303930
0.303965
0.303920
0.303803
0.303734
0.303636
0.303518
0.303444
0.303445
0.303529
0.303629
0.303811
0.304027
0.304217
0.304426
0.304659
0.304945
0.305264
0.305664
0.306080
0.306550
0.306999
0.307460
0.307949
0.308512
0.309054
0.309623
0.310217
0.310807
0.311386
0.312008
0.312649
0.313278
0.313904
0.314508
0.315149
0.315808
0.316452
0.317065
0.317654
0.318286
0.318899
0.319485
0.320091
0.320673
0.321227
0.321782
0.322345
0.322880
0.323378
0.323904
0.324403
0.324871
0.325303
0.325719
0.326123
0.326531
