0.557799
0.557611
0.557793
0.558099
0.558697
0.559466
0.560376
0.560951
0.561160
0.560954
0.561100
0.560857
0.560275
0.559582
0.558876
0.558105
0.557437
0.556911
0.555976
0.555960
0.556260
0.556561
0.556642
0.557331
0.558428
0.559474
0.560099
0.560718
0.560735
0.560672
0.560564
0.560032
0.559516
0.559175
0.558592
0.558109
0.557619
0.557088
0.556565
0.556074
0.555488
0.554960
0.554339
0.553786
0.553194
0.552602
0.552152
0.551575
0.551126
0.550605
0.550081
0.549529
0.548982
0.548482
0.547956
0.547397
0.546901
0.546386
0.545857
0.545338
0.544826
0.544305
0.543779
0.543270
0.542742
0.542230
0.541702
0.541193
0.540681
0.540167
0.539663
0.539158
0.538651
0.538137
0.537632
0.537119
0.536617
0.536115
0.535602
0.535100
0.534603
0.534104
0.533609
0.533103
0.532606
0.532118
0.531625
0.531138
0.530644
0.530159
0.529667
0.529184
0.528690
0.528207
0.527725
0.527241
0.526753
0.526268
0.525785
0.525295
0.524805
