0.753629
0.754072
0.754499
0.754932
0.755370
0.755831
0.756316
0.756795
0.757228
0.757687
0.758132
0.758544
0.758970
0.759548
0.760283
0.760894
0.761126
0.760700
0.759156
0.756775
0.753796
0.750309
0.746810
0.743038
0.738968
0.734852
0.730613
0.726346
0.722046
0.717999
0.713977
0.710402
0.707030
0.704431
0.703047
0.702454
0.702523
0.702875
0.703533
0.704237
0.704997
0.705782
0.706547
0.707187
0.707895
0.708604
0.709324
0.710010
0.710671
0.711336
0.712033
0.712777
0.713417
0.714056
0.714765
0.715379
0.716086
0.716717
0.717401
0.718032
0.718735
0.719499
0.720217
0.720846
0.721555
0.722207
0.722854
0.723497
0.724175
0.724862
0.725531
0.726190
0.726824
0.727434
0.728079
0.728730
0.729386
0.730023
0.730671
0.731317
0.731947
0.732582
0.733206
0.733828
0.734448
0.735076
0.735694
0.736309
0.736921
0.737544
0.738148
0.738745
0.739356
0.739963
0.740575
0.741191
0.741779
0.742369
0.742963
0.743540
0.744140
