0.086505
0.086224
0.085919
0.085508
0.085174
0.084782
0.084325
0.083819
0.083383
0.083217
0.082990
0.082813
0.082382
0.081978
0.081459
0.080882
0.079995
0.078784
0.077610
0.076592
0.075936
0.075381
0.074678
0.074005
0.073273
0.072860
0.072268
0.072171
0.072131
0.071470
0.071098
0.070213
0.070015
0.069790
0.069874
0.069676
0.069278
0.069219
0.069119
0.068987
0.068799
0.068683
0.068619
0.068568
0.068394
0.068220
0.068198
0.068011
0.067762
0.067686
0.067572
0.067430
0.067283
0.067041
0.066996
0.066841
0.066746
0.066632
0.066463
0.066371
0.066254
0.066164
0.066079
0.065987
0.065868
0.065779
0.065690
0.065582
0.065487
0.065382
0.065281
0.065176
0.065070
0.064977
0.064866
0.064759
0.064656
0.064560
0.064469
0.064373
0.064279
0.064187
0.064083
0.063994
0.063895
0.063803
0.063717
0.063616
0.063505
0.063402
0.063298
0.063183
0.063086
0.062976
0.062877
0.062766
0.062662
0.062550
0.062457
0.062354
0.062253
