0.459501
0.408605
0.343477
-0.015426
-1.130532
-3.806676
-10.504321
-24.772017
-49.896217
-73.384438
-81.846626
-76.036942
-72.096413
-66.190910
-58.090275
-45.885712
-33.405807
-19.184662
-4.533139
8.591643
28.078299
47.389481
60.321045
70.432869
82.869179
101.557243
109.377480
105.556145
96.131813
82.493141
67.031563
52.454506
39.493534
28.385664
20.991632
14.473618
10.815561
6.718855
5.253693
4.377114
4.285715
3.662706
3.129457
2.689779
2.277509
1.454523
1.135863
1.198067
0.980448
1.057781
0.983845
0.807105
1.000684
0.782417
0.779103
0.639545
0.439722
0.352699
0.343101
0.327961
0.314318
0.281123
0.233600
0.225778
0.229228
0.196775
0.166642
0.164896
0.154073
0.152906
0.100261
0.103129
0.103763
0.086552
0.070317
0.075674
0.058778
0.048118
0.039765
0.021636
0.014369
-0.002313
-0.016647
-0.020926
-0.020400
-0.027379
-0.045765
-0.057678
-0.056337
-0.056443
-0.059260
-0.071266
-0.071046
-0.074684
-0.073144
-0.071664
-0.077510
-0.081956
-0.090934
-0.089210
-0.083002
