0.891821
0.891949
0.892162
0.892374
0.892536
0.892658
0.892870
0.892986
0.893127
0.893170
0.893257
0.893387
0.893508
0.893595
0.893673
0.893743
0.893745
0.893738
0.893722
0.893540
0.893634
0.893776
0.893500
0.893384
0.893519
0.893666
0.893805
0.893857
0.893962
0.893985
0.893988
0.894035
0.894197
0.894178
0.894195
0.894323
0.894435
0.894478
0.894549
0.894665
0.894761
0.894877
0.895015
0.895084
0.895186
0.895286
0.895399
0.895487
0.895582
0.895671
0.895773
0.895839
0.895920
0.895961
0.896037
0.896173
0.896255
0.896342
0.896386
0.896522
0.896651
0.896668
0.896744
0.896815
0.897057
0.897233
0.897258
0.897381
0.897490
0.897592
0.897723
0.897827
0.897905
0.898023
0.898110
0.898201
0.898260
0.898317
0.898410
0.898535
0.898620
0.898738
0.898902
0.899005
0.899119
0.899241
0.899341
0.899446
0.899530
0.899645
0.899759
0.899872
0.899960
0.900030
0.900139
0.900252
0.900325
0.900401
0.900464
0.900524
0.900589
