0.181712
0.181624
0.181535
0.181454
0.181368
0.181314
0.181077
0.180980
0.181013
0.181071
0.181185
0.181332
0.181494
0.181679
0.181880
0.182124
0.182460
0.182766
0.183072
0.183465
0.183887
0.184323
0.184912
0.185198
0.185275
0.185841
0.186114
0.186370
0.186663
0.186974
0.187258
0.187560
0.187854
0.188113
0.188377
0.188589
0.188808
0.189028
0.189376
0.189670
0.189832
0.190004
0.190129
0.190252
0.190452
0.190616
0.190785
0.190918
0.191012
0.191168
0.191336
0.191518
0.191736
0.191952
0.192168
0.192369
0.192603
0.192795
0.192965
0.193025
0.193178
0.193273
0.193457
0.193577
0.193697
0.193833
0.193948
0.194145
0.194367
0.194655
0.194860
0.194958
0.195107
0.195219
0.195294
0.195381
0.195489
0.195613
0.195727
0.195844
0.195937
0.196013
0.196095
0.196126
0.196247
0.196368
0.196521
0.196665
0.196799
0.196946
0.197117
0.197228
0.197312
0.197423
0.197582
0.197725
0.197879
0.198043
0.198196
0.198317
0.198448
