0.933202
0.933214
0.933232
0.933262
0.933290
0.933309
0.933327
0.933342
0.933357
0.933371
0.933382
0.933393
0.933413
0.933436
0.933469
0.933492
0.933503
0.933518
0.933527
0.933524
0.933476
0.933432
0.933369
0.933283
0.933181
0.933049
0.932864
0.932656
0.932425
0.932174
0.931886
0.931559
0.931179
0.930712
0.930157
0.929546
0.928904
0.928171
0.927397
0.926562
0.925628
0.924639
0.923583
0.922360
0.921085
0.919742
0.918323
0.916847
0.915313
0.913732
0.912060
0.910350
0.908563
0.906763
0.904922
0.903064
0.901193
0.899292
0.897399
0.895493
0.893601
0.891737
0.889929
0.888208
0.886550
0.884964
0.883414
0.881876
0.880397
0.878946
0.877497
0.876064
0.874671
0.873274
0.871918
0.870597
0.869300
0.868019
0.866750
0.865498
0.864276
0.863111
0.861987
0.860881
0.859795
0.858738
0.857696
0.856694
0.855717
0.854779
0.853871
0.852998
0.852149
0.851327
0.850515
0.849749
0.849009
0.848285
0.847591
0.846909
0.846208
